500
0 1 0.0625 
0 2 0.0625 
0 12 0.015625 
0 256 0.0625 
1 0 0.5 
1 3 0.0625 
1 4 0.0625 
1 5 0.0625 
1 12 0.0625 
2 0 0.015625 
2 1 0.5 
2 5 0.015625 
3 1 0.015625 
3 12 0.015625 
4 1 0.0625 
5 2 0.0625 
5 1 0.5 
5 6 0.015625 
5 10 0.5 
5 12 0.0625 
6 5 0.0625 
6 7 0.015625 
6 11 0.015625 
7 6 0.0625 
7 8 0.015625 
7 9 0.5 
7 263 0.5 
8 7 0.0625 
9 7 0.5 
10 5 0.015625 
11 6 0.0625 
11 261 0.5 
12 5 0.0625 
12 3 0.015625 
12 1 0.5 
12 0 0.5 
12 13 0.0625 
12 14 0.015625 
12 15 0.5 
12 16 0.015625 
12 17 0.015625 
12 18 0.0625 
12 19 0.0625 
12 20 0.5 
12 21 0.5 
12 22 0.5 
12 25 0.5 
12 27 0.0625 
12 31 0.015625 
12 51 0.015625 
12 108 0.5 
12 157 0.015625 
12 185 0.5 
12 256 0.5 
12 481 0.5 
13 12 0.5 
13 32 0.5 
13 84 0.0625 
13 87 0.0625 
13 165 0.0625 
13 263 0.5 
14 12 0.5 
14 24 0.015625 
14 29 0.015625 
14 35 0.5 
14 36 0.5 
14 55 0.0625 
14 162 0.015625 
14 175 0.015625 
14 196 0.0625 
14 197 0.015625 
14 221 0.015625 
15 12 0.0625 
15 176 0.015625 
15 185 0.0625 
16 12 0.015625 
16 126 0.0625 
17 12 0.5 
17 30 0.5 
17 31 0.015625 
17 48 0.015625 
17 52 0.5 
17 57 0.5 
17 88 0.015625 
18 12 0.0625 
18 31 0.015625 
18 64 0.015625 
18 108 0.015625 
18 185 0.0625 
19 12 0.5 
19 25 0.5 
19 26 0.5 
19 27 0.015625 
19 108 0.0625 
20 12 0.015625 
20 18 0.0625 
20 29 0.5 
20 33 0.5 
20 34 0.0625 
20 38 0.0625 
20 43 0.0625 
20 44 0.5 
20 53 0.015625 
20 66 0.5 
20 89 0.015625 
20 173 0.5 
20 188 0.5 
20 481 0.0625 
20 492 0.0625 
21 15 0.0625 
21 18 0.015625 
21 12 0.0625 
21 62 0.0625 
21 85 0.5 
21 86 0.015625 
21 217 0.0625 
22 12 0.0625 
22 23 0.015625 
22 42 0.5 
22 45 0.015625 
22 212 0.015625 
23 22 0.0625 
23 59 0.0625 
23 172 0.0625 
23 177 0.5 
23 184 0.5 
23 214 0.015625 
24 14 0.0625 
24 36 0.0625 
24 40 0.015625 
24 57 0.5 
24 72 0.0625 
24 125 0.0625 
24 481 0.015625 
25 12 0.0625 
25 19 0.5 
25 18 0.5 
25 26 0.0625 
25 176 0.5 
26 25 0.5 
26 21 0.5 
26 19 0.015625 
26 18 0.5 
26 92 0.0625 
26 106 0.5 
26 144 0.0625 
27 12 0.5 
27 19 0.015625 
27 50 0.0625 
27 57 0.0625 
27 78 0.0625 
27 125 0.5 
28 13 0.5 
28 70 0.015625 
28 79 0.0625 
28 83 0.015625 
28 95 0.015625 
28 194 0.015625 
29 14 0.5 
29 20 0.5 
29 32 0.015625 
29 37 0.5 
29 39 0.015625 
29 40 0.0625 
29 54 0.015625 
29 109 0.5 
29 118 0.015625 
29 129 0.5 
29 135 0.0625 
29 464 0.015625 
30 17 0.0625 
30 14 0.015625 
30 46 0.015625 
30 56 0.0625 
30 68 0.5 
30 146 0.0625 
30 159 0.015625 
31 18 0.015625 
31 12 0.5 
31 17 0.0625 
31 57 0.0625 
31 73 0.0625 
31 139 0.5 
31 171 0.5 
31 198 0.5 
32 13 0.5 
32 29 0.5 
33 20 0.015625 
33 63 0.5 
33 107 0.0625 
33 188 0.015625 
34 33 0.5 
34 20 0.015625 
34 29 0.0625 
34 49 0.015625 
34 53 0.0625 
34 143 0.5 
35 14 0.0625 
35 41 0.5 
35 71 0.0625 
35 102 0.015625 
35 145 0.015625 
35 152 0.0625 
35 167 0.5 
35 261 0.0625 
36 29 0.015625 
36 14 0.5 
36 24 0.015625 
36 37 0.015625 
36 54 0.0625 
36 76 0.0625 
36 82 0.5 
36 91 0.015625 
36 134 0.0625 
36 140 0.0625 
36 151 0.015625 
36 155 0.015625 
36 166 0.015625 
36 223 0.0625 
37 29 0.015625 
37 36 0.0625 
37 117 0.5 
38 12 0.015625 
38 30 0.5 
38 20 0.5 
38 31 0.5 
38 47 0.5 
38 74 0.015625 
38 113 0.015625 
38 123 0.5 
38 199 0.015625 
39 29 0.0625 
39 81 0.5 
39 93 0.0625 
39 118 0.5 
39 156 0.5 
40 29 0.5 
40 24 0.015625 
40 50 0.015625 
41 35 0.0625 
41 102 0.5 
41 167 0.0625 
42 22 0.5 
43 20 0.5 
43 33 0.015625 
43 44 0.5 
44 20 0.015625 
44 43 0.015625 
44 24 0.5 
44 85 0.5 
44 90 0.015625 
44 153 0.0625 
45 22 0.5 
46 30 0.5 
46 164 0.0625 
47 38 0.0625 
48 17 0.015625 
48 42 0.0625 
48 51 0.5 
49 34 0.015625 
50 40 0.0625 
50 37 0.5 
50 27 0.5 
50 24 0.015625 
50 58 0.0625 
50 80 0.015625 
51 12 0.5 
51 48 0.0625 
51 115 0.015625 
51 158 0.015625 
51 168 0.5 
51 238 0.0625 
52 17 0.0625 
52 75 0.0625 
53 20 0.015625 
53 34 0.5 
53 43 0.015625 
53 60 0.0625 
53 87 0.5 
54 29 0.0625 
54 37 0.5 
54 36 0.5 
54 65 0.015625 
54 67 0.0625 
54 97 0.5 
54 103 0.015625 
54 116 0.015625 
54 160 0.5 
55 14 0.0625 
56 30 0.5 
56 36 0.015625 
56 112 0.0625 
56 141 0.0625 
56 210 0.015625 
57 24 0.5 
57 31 0.0625 
57 17 0.5 
57 27 0.5 
57 61 0.0625 
57 69 0.0625 
57 122 0.015625 
57 144 0.0625 
57 215 0.0625 
58 50 0.0625 
58 93 0.5 
58 137 0.5 
59 23 0.5 
59 96 0.5 
59 101 0.5 
59 105 0.5 
59 110 0.0625 
59 128 0.015625 
60 53 0.0625 
60 479 0.5 
61 57 0.5 
61 27 0.5 
61 191 0.015625 
61 222 0.0625 
62 23 0.5 
62 21 0.015625 
62 148 0.015625 
62 179 0.5 
63 53 0.015625 
63 33 0.0625 
63 38 0.5 
63 70 0.0625 
64 52 0.0625 
64 12 0.5 
64 18 0.0625 
64 42 0.5 
64 204 0.5 
65 54 0.0625 
65 97 0.015625 
65 103 0.0625 
66 20 0.015625 
66 33 0.0625 
66 89 0.0625 
66 261 0.0625 
67 51 0.0625 
67 54 0.015625 
67 65 0.0625 
67 85 0.0625 
67 98 0.5 
67 193 0.015625 
67 223 0.015625 
68 30 0.5 
68 146 0.5 
69 57 0.0625 
69 144 0.0625 
70 63 0.5 
70 28 0.0625 
70 60 0.0625 
70 83 0.0625 
70 114 0.015625 
71 35 0.015625 
71 41 0.5 
71 102 0.5 
71 218 0.0625 
72 24 0.5 
73 31 0.5 
73 75 0.015625 
73 139 0.5 
73 171 0.5 
74 38 0.5 
74 161 0.0625 
74 190 0.015625 
74 199 0.015625 
75 31 0.0625 
75 52 0.0625 
75 73 0.0625 
75 94 0.015625 
75 203 0.0625 
76 36 0.5 
77 28 0.0625 
78 27 0.5 
78 58 0.0625 
78 50 0.0625 
78 106 0.5 
78 195 0.5 
79 28 0.015625 
80 24 0.0625 
80 58 0.015625 
80 50 0.5 
80 99 0.5 
80 104 0.015625 
80 133 0.5 
81 79 0.0625 
81 39 0.5 
81 95 0.5 
82 36 0.015625 
82 151 0.015625 
83 70 0.0625 
83 28 0.5 
83 114 0.0625 
84 13 0.0625 
84 120 0.5 
84 156 0.0625 
85 44 0.5 
85 21 0.5 
85 35 0.0625 
85 67 0.5 
86 71 0.5 
86 21 0.0625 
86 12 0.015625 
86 119 0.0625 
86 138 0.0625 
86 180 0.015625 
87 13 0.0625 
87 53 0.0625 
87 143 0.0625 
88 17 0.5 
89 66 0.0625 
89 33 0.0625 
89 20 0.5 
89 107 0.015625 
89 173 0.015625 
90 44 0.0625 
90 132 0.0625 
91 36 0.0625 
92 26 0.015625 
93 58 0.5 
93 39 0.0625 
93 24 0.015625 
93 84 0.5 
93 211 0.0625 
94 75 0.015625 
95 81 0.5 
95 28 0.0625 
96 59 0.0625 
96 130 0.5 
96 178 0.0625 
97 54 0.015625 
97 65 0.015625 
97 103 0.0625 
97 116 0.5 
97 160 0.015625 
98 67 0.5 
98 127 0.0625 
99 80 0.015625 
99 104 0.5 
100 19 0.5 
100 18 0.0625 
100 25 0.5 
100 157 0.015625 
100 176 0.5 
101 59 0.5 
101 105 0.5 
101 110 0.5 
101 128 0.0625 
102 35 0.0625 
102 41 0.015625 
102 71 0.015625 
102 201 0.0625 
102 218 0.015625 
103 65 0.0625 
103 54 0.0625 
103 97 0.5 
104 99 0.5 
104 93 0.0625 
104 80 0.5 
105 59 0.0625 
105 101 0.0625 
105 110 0.5 
105 147 0.0625 
105 150 0.5 
106 78 0.0625 
106 26 0.0625 
106 142 0.015625 
107 89 0.5 
107 33 0.0625 
107 54 0.5 
107 43 0.0625 
107 210 0.015625 
108 12 0.015625 
108 19 0.015625 
108 18 0.5 
108 157 0.015625 
109 29 0.0625 
110 105 0.5 
110 59 0.5 
110 22 0.0625 
110 101 0.015625 
110 111 0.015625 
110 183 0.0625 
110 192 0.0625 
110 202 0.0625 
111 110 0.0625 
111 183 0.015625 
111 256 0.0625 
112 56 0.5 
112 141 0.0625 
112 200 0.0625 
112 210 0.0625 
113 38 0.015625 
114 79 0.015625 
114 83 0.0625 
114 70 0.5 
115 51 0.5 
115 124 0.5 
115 158 0.0625 
115 238 0.5 
116 65 0.5 
116 97 0.015625 
116 54 0.0625 
116 129 0.5 
117 37 0.0625 
118 39 0.0625 
118 29 0.015625 
118 136 0.015625 
118 149 0.5 
119 86 0.0625 
120 84 0.015625 
121 61 0.0625 
122 57 0.0625 
123 38 0.5 
124 115 0.0625 
124 96 0.5 
124 205 0.015625 
125 58 0.0625 
125 40 0.5 
125 27 0.5 
125 24 0.0625 
125 191 0.015625 
126 16 0.0625 
127 98 0.0625 
128 59 0.015625 
128 101 0.5 
128 26 0.0625 
128 105 0.015625 
128 169 0.0625 
128 170 0.5 
128 206 0.0625 
129 29 0.0625 
129 116 0.015625 
129 464 0.0625 
130 96 0.015625 
130 178 0.0625 
131 30 0.0625 
132 90 0.0625 
133 78 0.5 
133 80 0.5 
133 99 0.5 
133 186 0.015625 
134 36 0.0625 
134 151 0.5 
134 166 0.015625 
135 29 0.5 
135 140 0.0625 
136 118 0.015625 
136 149 0.5 
136 263 0.015625 
137 58 0.0625 
137 50 0.0625 
138 86 0.015625 
139 31 0.5 
139 73 0.015625 
139 171 0.5 
139 198 0.0625 
139 200 0.015625 
140 118 0.0625 
140 135 0.5 
140 36 0.0625 
140 37 0.5 
140 187 0.5 
141 112 0.5 
141 56 0.5 
142 106 0.015625 
142 128 0.015625 
142 163 0.5 
143 34 0.0625 
143 87 0.015625 
143 154 0.5 
144 122 0.0625 
144 57 0.5 
144 26 0.0625 
144 69 0.5 
145 102 0.5 
145 35 0.5 
145 218 0.5 
146 30 0.015625 
146 68 0.0625 
146 159 0.5 
147 101 0.015625 
147 59 0.015625 
147 105 0.0625 
148 62 0.5 
149 118 0.0625 
149 39 0.5 
149 136 0.015625 
149 208 0.015625 
150 59 0.0625 
150 105 0.0625 
150 101 0.015625 
151 82 0.0625 
151 134 0.0625 
151 36 0.0625 
152 35 0.0625 
152 41 0.5 
152 145 0.0625 
152 167 0.5 
153 44 0.5 
154 143 0.015625 
154 84 0.015625 
155 36 0.0625 
155 134 0.0625 
156 84 0.5 
156 39 0.5 
157 18 0.015625 
157 12 0.0625 
157 108 0.5 
157 100 0.5 
157 174 0.0625 
157 182 0.0625 
157 189 0.015625 
158 96 0.0625 
158 51 0.015625 
158 115 0.015625 
158 168 0.5 
158 172 0.0625 
159 146 0.015625 
159 30 0.0625 
159 131 0.0625 
159 479 0.5 
160 97 0.5 
160 54 0.015625 
161 38 0.5 
161 74 0.0625 
161 113 0.0625 
161 190 0.015625 
162 14 0.015625 
163 142 0.0625 
163 172 0.015625 
164 46 0.015625 
165 13 0.015625 
166 36 0.5 
166 151 0.015625 
166 134 0.0625 
167 102 0.015625 
167 152 0.015625 
167 41 0.0625 
167 35 0.5 
168 51 0.5 
168 158 0.0625 
168 216 0.015625 
168 219 0.5 
169 128 0.5 
170 128 0.0625 
171 73 0.015625 
171 139 0.015625 
171 31 0.0625 
171 200 0.0625 
172 23 0.015625 
172 158 0.5 
172 163 0.015625 
172 142 0.5 
173 20 0.0625 
173 89 0.0625 
174 157 0.0625 
175 14 0.5 
175 221 0.015625 
176 12 0.5 
176 25 0.015625 
176 100 0.5 
176 15 0.015625 
177 23 0.015625 
177 184 0.5 
178 96 0.0625 
178 130 0.0625 
179 148 0.0625 
179 62 0.5 
180 86 0.0625 
180 138 0.5 
181 129 0.5 
182 157 0.5 
183 110 0.5 
183 111 0.0625 
184 23 0.5 
184 177 0.5 
185 18 0.5 
185 15 0.5 
185 12 0.015625 
186 133 0.015625 
187 104 0.015625 
187 140 0.015625 
187 90 0.0625 
188 20 0.5 
188 33 0.0625 
188 173 0.015625 
189 157 0.015625 
190 38 0.5 
190 74 0.0625 
190 161 0.5 
190 199 0.015625 
191 61 0.015625 
191 125 0.5 
192 183 0.5 
192 110 0.5 
192 111 0.0625 
192 202 0.5 
193 67 0.5 
194 28 0.0625 
195 78 0.015625 
196 14 0.015625 
196 55 0.5 
196 197 0.0625 
197 14 0.015625 
197 196 0.0625 
198 139 0.5 
198 31 0.0625 
199 74 0.015625 
199 38 0.0625 
199 190 0.0625 
200 139 0.015625 
200 98 0.5 
200 112 0.5 
200 171 0.5 
201 33 0.0625 
201 102 0.0625 
201 34 0.015625 
201 89 0.0625 
201 20 0.015625 
201 213 0.0625 
202 110 0.015625 
202 192 0.0625 
203 75 0.0625 
203 94 0.015625 
204 64 0.015625 
205 155 0.5 
205 124 0.5 
205 220 0.0625 
206 128 0.5 
207 22 0.015625 
207 183 0.5 
207 75 0.0625 
207 42 0.0625 
208 149 0.015625 
209 48 0.0625 
209 155 0.015625 
209 127 0.5 
210 56 0.0625 
210 112 0.015625 
210 107 0.0625 
211 93 0.015625 
212 22 0.0625 
212 45 0.015625 
213 201 0.5 
214 23 0.0625 
214 184 0.0625 
215 69 0.015625 
215 57 0.015625 
216 168 0.015625 
217 21 0.5 
218 145 0.5 
218 102 0.0625 
218 71 0.0625 
218 104 0.0625 
219 168 0.5 
220 205 0.015625 
221 197 0.0625 
221 14 0.0625 
221 175 0.0625 
222 61 0.5 
223 125 0.5 
223 31 0.015625 
223 69 0.5 
223 36 0.015625 
223 67 0.015625 
223 224 0.0625 
223 225 0.0625 
224 223 0.5 
224 226 0.015625 
224 234 0.5 
224 461 0.015625 
225 223 0.5 
225 227 0.5 
225 228 0.5 
225 229 0.0625 
225 233 0.015625 
225 236 0.5 
226 224 0.0625 
227 225 0.0625 
227 230 0.015625 
228 225 0.5 
228 229 0.015625 
228 233 0.015625 
228 235 0.015625 
228 236 0.015625 
229 225 0.0625 
229 228 0.015625 
229 231 0.015625 
229 235 0.015625 
229 236 0.5 
230 227 0.5 
230 232 0.5 
231 225 0.015625 
231 229 0.015625 
231 228 0.015625 
232 230 0.0625 
232 225 0.0625 
233 225 0.015625 
233 229 0.5 
233 228 0.015625 
233 235 0.015625 
234 224 0.015625 
234 237 0.015625 
235 233 0.0625 
235 228 0.0625 
235 229 0.0625 
235 464 0.0625 
236 229 0.5 
236 228 0.0625 
236 225 0.5 
237 234 0.0625 
238 2 0.015625 
238 51 0.5 
238 115 0.5 
238 178 0.015625 
238 142 0.0625 
238 239 0.0625 
238 243 0.5 
238 244 0.015625 
239 238 0.0625 
239 240 0.015625 
239 241 0.0625 
239 246 0.5 
240 239 0.015625 
240 242 0.0625 
240 251 0.0625 
240 255 0.5 
241 239 0.5 
241 246 0.0625 
242 240 0.015625 
242 245 0.5 
242 250 0.015625 
243 238 0.0625 
243 244 0.0625 
243 248 0.5 
243 254 0.0625 
244 238 0.015625 
244 243 0.5 
244 249 0.0625 
245 242 0.015625 
246 239 0.015625 
246 241 0.5 
246 247 0.0625 
247 246 0.0625 
247 240 0.015625 
247 255 0.0625 
248 243 0.015625 
249 244 0.0625 
249 253 0.5 
250 242 0.0625 
251 240 0.5 
251 252 0.015625 
252 251 0.0625 
253 249 0.015625 
254 248 0.015625 
254 243 0.5 
255 247 0.5 
255 240 0.015625 
256 12 0.0625 
256 0 0.0625 
256 111 0.5 
256 257 0.015625 
256 259 0.5 
257 256 0.0625 
257 258 0.015625 
257 259 0.0625 
257 260 0.5 
258 257 0.015625 
259 256 0.5 
259 257 0.5 
260 257 0.0625 
260 258 0.015625 
261 171 0.0625 
261 11 0.5 
261 35 0.015625 
261 66 0.0625 
261 198 0.015625 
261 262 0.5 
262 261 0.5 
263 136 0.0625 
263 7 0.0625 
263 13 0.015625 
263 84 0.5 
263 264 0.0625 
263 267 0.5 
263 279 0.5 
263 293 0.0625 
263 366 0.5 
264 263 0.5 
264 265 0.0625 
264 266 0.015625 
264 268 0.015625 
264 269 0.015625 
264 270 0.0625 
264 272 0.5 
264 273 0.015625 
264 288 0.0625 
264 332 0.5 
265 264 0.0625 
265 271 0.0625 
265 276 0.5 
265 297 0.0625 
265 307 0.0625 
265 309 0.5 
265 321 0.015625 
265 349 0.5 
265 445 0.0625 
266 264 0.015625 
266 268 0.015625 
266 272 0.5 
266 275 0.0625 
266 278 0.015625 
266 283 0.015625 
266 303 0.0625 
266 315 0.015625 
266 329 0.0625 
266 343 0.5 
266 357 0.015625 
266 373 0.0625 
266 391 0.015625 
266 450 0.0625 
267 263 0.0625 
267 281 0.015625 
267 293 0.015625 
267 323 0.015625 
267 337 0.0625 
267 353 0.5 
267 356 0.015625 
267 369 0.5 
267 403 0.5 
267 406 0.015625 
267 413 0.5 
267 416 0.0625 
267 464 0.015625 
268 266 0.5 
268 264 0.5 
269 264 0.5 
269 266 0.0625 
269 277 0.015625 
269 278 0.015625 
269 282 0.5 
269 315 0.015625 
270 264 0.015625 
270 311 0.5 
270 319 0.0625 
270 331 0.015625 
270 386 0.5 
270 449 0.015625 
271 265 0.5 
271 274 0.5 
271 299 0.5 
271 304 0.5 
271 325 0.5 
271 363 0.015625 
271 397 0.015625 
271 460 0.0625 
272 266 0.5 
272 264 0.0625 
272 318 0.0625 
273 270 0.5 
273 264 0.0625 
273 287 0.015625 
273 322 0.5 
274 271 0.0625 
274 296 0.0625 
274 299 0.015625 
274 304 0.5 
274 363 0.5 
274 405 0.0625 
274 460 0.015625 
275 266 0.0625 
275 280 0.5 
275 312 0.015625 
275 355 0.5 
275 360 0.0625 
275 393 0.015625 
275 402 0.015625 
276 265 0.015625 
277 269 0.015625 
277 288 0.015625 
277 316 0.5 
277 324 0.0625 
277 364 0.015625 
277 378 0.015625 
278 269 0.015625 
278 266 0.015625 
278 310 0.0625 
278 333 0.5 
278 334 0.5 
278 347 0.0625 
278 367 0.5 
278 387 0.5 
279 263 0.015625 
279 283 0.015625 
279 366 0.0625 
279 435 0.0625 
280 275 0.015625 
280 284 0.015625 
280 285 0.5 
280 286 0.015625 
280 289 0.0625 
280 320 0.5 
280 327 0.015625 
280 345 0.015625 
280 389 0.5 
280 418 0.015625 
280 454 0.0625 
281 267 0.015625 
281 302 0.0625 
281 323 0.015625 
281 337 0.5 
281 403 0.5 
281 406 0.5 
282 269 0.0625 
282 310 0.5 
283 275 0.0625 
283 268 0.015625 
283 266 0.0625 
283 279 0.5 
283 291 0.0625 
283 295 0.5 
283 308 0.5 
283 335 0.5 
283 373 0.0625 
284 280 0.015625 
284 298 0.015625 
284 371 0.015625 
285 275 0.0625 
285 280 0.0625 
285 290 0.0625 
285 294 0.5 
285 379 0.015625 
285 418 0.015625 
285 434 0.0625 
286 280 0.015625 
286 289 0.0625 
287 273 0.5 
287 380 0.5 
287 457 0.015625 
288 277 0.5 
288 264 0.015625 
288 269 0.5 
288 292 0.015625 
288 328 0.5 
288 370 0.5 
288 400 0.015625 
289 280 0.5 
289 286 0.5 
289 317 0.015625 
289 358 0.5 
289 380 0.015625 
289 410 0.0625 
289 451 0.015625 
290 285 0.5 
290 344 0.5 
290 407 0.5 
291 283 0.015625 
291 339 0.0625 
291 373 0.015625 
292 288 0.015625 
292 340 0.015625 
292 348 0.015625 
292 377 0.0625 
292 461 0.015625 
293 263 0.0625 
293 281 0.015625 
293 267 0.015625 
293 301 0.5 
293 337 0.5 
294 285 0.015625 
294 300 0.5 
294 458 0.0625 
295 275 0.0625 
295 283 0.015625 
295 279 0.5 
296 274 0.015625 
296 271 0.0625 
296 304 0.5 
297 265 0.015625 
297 309 0.015625 
297 321 0.0625 
297 342 0.015625 
297 349 0.015625 
297 421 0.5 
297 445 0.0625 
298 284 0.015625 
298 371 0.5 
299 271 0.0625 
299 274 0.015625 
299 296 0.5 
299 305 0.015625 
299 397 0.015625 
299 417 0.5 
299 447 0.015625 
300 294 0.5 
300 306 0.0625 
300 359 0.5 
300 458 0.5 
301 293 0.5 
301 326 0.015625 
301 356 0.5 
302 267 0.5 
302 281 0.015625 
302 416 0.5 
303 266 0.0625 
303 354 0.5 
303 357 0.5 
303 404 0.5 
304 271 0.015625 
304 274 0.5 
304 296 0.0625 
304 460 0.015625 
305 299 0.5 
305 319 0.015625 
305 351 0.015625 
305 409 0.5 
306 300 0.0625 
306 359 0.015625 
307 297 0.015625 
307 265 0.0625 
308 283 0.015625 
309 297 0.5 
309 307 0.5 
309 265 0.015625 
309 352 0.5 
309 412 0.5 
309 430 0.015625 
310 278 0.5 
310 282 0.015625 
311 270 0.0625 
311 289 0.0625 
311 319 0.5 
311 330 0.0625 
311 374 0.5 
311 395 0.5 
311 446 0.0625 
312 275 0.5 
312 292 0.015625 
312 313 0.0625 
312 314 0.015625 
312 346 0.0625 
312 368 0.0625 
312 390 0.015625 
313 312 0.015625 
313 314 0.5 
313 346 0.015625 
313 390 0.5 
313 443 0.0625 
314 313 0.5 
314 312 0.015625 
314 307 0.015625 
314 399 0.0625 
314 427 0.0625 
315 269 0.5 
315 266 0.0625 
315 336 0.5 
315 362 0.015625 
315 365 0.0625 
315 432 0.5 
316 277 0.0625 
316 364 0.015625 
316 378 0.0625 
317 289 0.015625 
317 361 0.0625 
317 410 0.0625 
318 272 0.0625 
318 264 0.015625 
319 311 0.5 
319 270 0.5 
319 305 0.5 
319 331 0.015625 
320 280 0.015625 
320 327 0.015625 
321 265 0.0625 
321 288 0.5 
321 297 0.0625 
321 426 0.0625 
322 273 0.5 
322 457 0.0625 
323 267 0.015625 
323 281 0.5 
323 353 0.0625 
323 382 0.0625 
324 274 0.5 
324 277 0.5 
324 316 0.5 
324 381 0.0625 
324 383 0.5 
324 421 0.0625 
325 271 0.5 
325 296 0.0625 
325 274 0.0625 
325 408 0.5 
325 456 0.5 
326 315 0.0625 
326 301 0.0625 
327 320 0.015625 
327 280 0.015625 
327 385 0.0625 
328 288 0.015625 
328 341 0.015625 
329 266 0.0625 
329 350 0.0625 
329 362 0.5 
329 411 0.5 
330 311 0.0625 
331 270 0.5 
331 330 0.015625 
331 319 0.5 
331 338 0.015625 
331 444 0.0625 
332 264 0.5 
333 278 0.0625 
333 334 0.015625 
333 347 0.5 
333 387 0.015625 
334 333 0.5 
334 278 0.0625 
334 347 0.0625 
335 283 0.5 
335 308 0.5 
335 339 0.0625 
336 315 0.5 
336 280 0.0625 
336 401 0.5 
337 267 0.015625 
337 293 0.0625 
337 281 0.5 
337 425 0.5 
337 439 0.015625 
338 331 0.015625 
338 386 0.015625 
339 291 0.0625 
339 335 0.5 
339 268 0.5 
339 384 0.0625 
339 386 0.5 
339 423 0.015625 
340 292 0.0625 
340 377 0.015625 
341 328 0.0625 
342 297 0.015625 
342 265 0.015625 
343 266 0.5 
343 303 0.5 
343 372 0.015625 
343 375 0.5 
344 290 0.0625 
344 323 0.0625 
344 453 0.5 
345 280 0.0625 
345 328 0.5 
345 396 0.5 
345 431 0.0625 
345 435 0.015625 
346 313 0.015625 
346 312 0.0625 
346 368 0.5 
346 370 0.5 
346 438 0.015625 
347 334 0.5 
347 333 0.5 
347 278 0.0625 
347 367 0.015625 
347 387 0.5 
348 291 0.015625 
348 346 0.5 
348 292 0.0625 
349 297 0.015625 
349 265 0.5 
350 329 0.5 
350 362 0.0625 
350 411 0.015625 
350 440 0.015625 
351 305 0.015625 
352 309 0.5 
353 323 0.0625 
353 267 0.015625 
354 266 0.015625 
354 303 0.0625 
354 391 0.015625 
355 275 0.0625 
356 301 0.5 
356 267 0.0625 
356 416 0.0625 
356 436 0.015625 
357 266 0.015625 
357 303 0.015625 
357 354 0.0625 
357 391 0.0625 
358 289 0.0625 
359 306 0.5 
359 300 0.5 
359 353 0.015625 
359 436 0.0625 
360 275 0.015625 
360 393 0.015625 
361 317 0.5 
361 313 0.5 
361 284 0.0625 
361 346 0.015625 
361 415 0.0625 
361 459 0.015625 
361 492 0.5 
362 350 0.5 
362 329 0.015625 
362 315 0.0625 
362 376 0.015625 
362 442 0.5 
363 271 0.0625 
363 274 0.5 
363 304 0.5 
363 397 0.0625 
363 420 0.5 
363 460 0.0625 
364 277 0.5 
364 316 0.015625 
365 315 0.015625 
365 432 0.0625 
366 279 0.0625 
366 263 0.5 
366 394 0.5 
367 278 0.015625 
367 347 0.015625 
367 333 0.5 
368 346 0.015625 
368 312 0.5 
368 313 0.5 
368 370 0.0625 
368 443 0.0625 
369 267 0.015625 
370 288 0.5 
370 313 0.0625 
370 298 0.0625 
370 346 0.5 
370 368 0.0625 
370 452 0.015625 
370 457 0.0625 
371 284 0.0625 
371 298 0.0625 
372 343 0.0625 
373 266 0.5 
373 291 0.0625 
373 283 0.5 
373 374 0.015625 
374 270 0.5 
374 346 0.0625 
374 311 0.015625 
374 373 0.5 
375 326 0.0625 
375 343 0.5 
376 362 0.0625 
377 340 0.0625 
377 292 0.0625 
378 365 0.015625 
378 315 0.015625 
378 277 0.0625 
378 316 0.0625 
378 428 0.015625 
379 275 0.015625 
379 345 0.015625 
379 295 0.015625 
379 285 0.5 
379 422 0.5 
379 433 0.5 
380 373 0.0625 
380 287 0.5 
380 289 0.015625 
380 437 0.0625 
381 324 0.5 
382 323 0.5 
383 381 0.0625 
383 324 0.0625 
383 481 0.0625 
384 339 0.015625 
384 423 0.0625 
385 327 0.5 
386 270 0.015625 
386 339 0.0625 
386 338 0.0625 
387 278 0.015625 
387 333 0.0625 
387 347 0.0625 
387 388 0.0625 
387 392 0.015625 
388 387 0.5 
388 392 0.5 
389 280 0.015625 
390 346 0.015625 
390 368 0.0625 
390 313 0.015625 
390 312 0.5 
391 354 0.5 
391 303 0.0625 
391 357 0.0625 
391 266 0.0625 
392 387 0.015625 
392 388 0.0625 
393 275 0.015625 
393 360 0.5 
394 366 0.5 
395 311 0.015625 
396 345 0.015625 
397 363 0.015625 
397 324 0.015625 
397 299 0.5 
397 381 0.0625 
397 271 0.5 
397 429 0.015625 
397 448 0.0625 
397 455 0.5 
398 298 0.015625 
398 284 0.5 
398 371 0.0625 
399 314 0.015625 
400 288 0.0625 
401 336 0.015625 
402 360 0.5 
402 275 0.0625 
403 267 0.0625 
403 281 0.5 
403 359 0.0625 
403 436 0.0625 
404 303 0.015625 
404 266 0.0625 
405 299 0.5 
405 274 0.015625 
405 304 0.5 
405 271 0.5 
406 281 0.5 
406 267 0.0625 
406 353 0.0625 
407 290 0.015625 
407 283 0.5 
408 325 0.5 
409 305 0.015625 
409 325 0.0625 
409 419 0.5 
409 421 0.5 
410 289 0.0625 
410 317 0.0625 
410 414 0.015625 
411 350 0.015625 
411 329 0.0625 
412 352 0.0625 
412 309 0.015625 
412 430 0.0625 
413 302 0.5 
413 281 0.015625 
413 267 0.5 
414 317 0.0625 
414 289 0.5 
414 410 0.015625 
415 361 0.015625 
415 459 0.5 
416 267 0.0625 
416 356 0.015625 
416 302 0.0625 
416 281 0.015625 
417 299 0.0625 
418 345 0.0625 
418 280 0.0625 
418 285 0.015625 
419 409 0.0625 
419 421 0.0625 
420 304 0.0625 
420 271 0.5 
420 363 0.0625 
421 419 0.5 
421 297 0.0625 
421 325 0.5 
421 409 0.015625 
421 324 0.5 
422 379 0.0625 
423 384 0.015625 
423 339 0.0625 
424 360 0.015625 
424 292 0.015625 
424 402 0.015625 
424 355 0.015625 
424 377 0.0625 
424 441 0.015625 
425 337 0.015625 
426 321 0.015625 
427 314 0.015625 
427 399 0.5 
428 378 0.015625 
429 397 0.015625 
429 448 0.5 
429 455 0.5 
430 412 0.015625 
430 309 0.015625 
431 345 0.5 
432 365 0.015625 
432 315 0.0625 
433 379 0.5 
434 285 0.0625 
435 345 0.015625 
435 279 0.015625 
435 356 0.0625 
435 436 0.0625 
436 403 0.015625 
436 359 0.0625 
436 356 0.015625 
436 435 0.0625 
436 437 0.0625 
437 380 0.015625 
437 436 0.0625 
437 391 0.5 
438 313 0.015625 
438 312 0.5 
438 346 0.0625 
439 337 0.5 
439 425 0.0625 
440 391 0.015625 
440 350 0.5 
441 424 0.0625 
442 362 0.0625 
442 376 0.0625 
443 368 0.015625 
443 346 0.0625 
443 313 0.015625 
444 331 0.5 
445 297 0.015625 
445 265 0.5 
446 330 0.015625 
446 311 0.0625 
447 299 0.0625 
448 429 0.0625 
448 397 0.015625 
449 270 0.015625 
450 266 0.0625 
451 410 0.0625 
451 289 0.015625 
452 370 0.5 
453 344 0.015625 
454 280 0.0625 
455 397 0.015625 
455 429 0.5 
455 448 0.0625 
456 408 0.015625 
456 325 0.0625 
457 287 0.0625 
457 322 0.0625 
457 370 0.5 
457 449 0.015625 
458 294 0.0625 
458 300 0.015625 
459 361 0.0625 
459 415 0.015625 
460 363 0.015625 
460 271 0.015625 
460 420 0.5 
460 304 0.5 
460 274 0.5 
461 271 0.0625 
461 59 0.015625 
461 292 0.015625 
461 309 0.0625 
461 224 0.5 
461 462 0.0625 
462 461 0.015625 
462 463 0.015625 
463 462 0.5 
464 267 0.5 
464 118 0.5 
464 29 0.015625 
464 129 0.5 
464 235 0.015625 
464 465 0.5 
464 466 0.0625 
464 467 0.0625 
464 468 0.015625 
465 464 0.0625 
465 469 0.5 
466 464 0.0625 
466 472 0.0625 
467 464 0.015625 
467 466 0.0625 
468 464 0.5 
468 470 0.5 
468 472 0.015625 
468 475 0.0625 
469 465 0.5 
470 468 0.015625 
470 471 0.015625 
470 472 0.0625 
470 475 0.5 
471 470 0.0625 
471 473 0.0625 
472 470 0.015625 
472 468 0.0625 
472 466 0.015625 
472 474 0.0625 
472 475 0.015625 
473 471 0.0625 
474 472 0.0625 
474 476 0.015625 
474 477 0.0625 
474 478 0.015625 
475 470 0.0625 
475 468 0.0625 
475 472 0.015625 
476 474 0.015625 
477 474 0.0625 
478 474 0.0625 
479 60 0.0625 
479 159 0.015625 
479 472 0.0625 
479 90 0.0625 
479 20 0.5 
479 480 0.015625 
480 479 0.015625 
481 33 0.0625 
481 12 0.5 
481 20 0.5 
481 383 0.015625 
481 24 0.0625 
481 482 0.0625 
481 488 0.5 
482 481 0.015625 
482 483 0.5 
482 490 0.0625 
483 482 0.015625 
483 484 0.0625 
483 486 0.5 
483 488 0.5 
483 489 0.0625 
484 483 0.0625 
484 485 0.0625 
485 484 0.015625 
486 483 0.0625 
486 487 0.5 
486 488 0.5 
487 486 0.5 
487 488 0.0625 
488 486 0.5 
488 483 0.5 
488 487 0.5 
488 481 0.0625 
489 483 0.0625 
489 484 0.5 
490 489 0.5 
490 482 0.015625 
491 487 0.0625 
491 486 0.015625 
492 33 0.5 
492 361 0.0625 
492 221 0.0625 
492 20 0.5 
492 71 0.5 
492 493 0.5 
492 494 0.5 
492 499 0.5 
493 492 0.0625 
493 495 0.015625 
494 492 0.0625 
494 496 0.0625 
495 493 0.015625 
496 494 0.0625 
496 497 0.0625 
496 498 0.0625 
497 496 0.5 
497 494 0.0625 
497 498 0.015625 
498 496 0.0625 
498 497 0.0625 
499 492 0.0625 
