500
0 1 0.0625 
0 2 0.25 
1 0 0.015625 
1 3 0.0625 
2 0 0.25 
2 4 0.25 
2 5 0.015625 
3 1 0.0625 
4 2 0.25 
5 2 0.015625 
5 1 0.015625 
5 6 0.25 
5 7 0.015625 
5 10 0.015625 
6 5 0.015625 
6 8 0.25 
6 9 0.25 
6 11 0.0625 
6 12 0.25 
7 5 0.015625 
8 6 0.25 
8 9 0.015625 
9 6 0.015625 
9 8 0.015625 
9 10 0.015625 
10 9 0.015625 
10 5 0.25 
11 6 0.0625 
12 11 0.015625 
12 5 0.015625 
12 9 0.0625 
12 6 0.25 
12 13 0.015625 
12 14 0.0625 
12 19 0.015625 
12 43 0.25 
12 69 0.25 
12 154 0.25 
12 168 0.25 
12 192 0.015625 
12 238 0.0625 
13 12 0.0625 
13 17 0.0625 
13 18 0.25 
13 24 0.25 
13 33 0.25 
13 39 0.0625 
13 55 0.0625 
13 63 0.0625 
13 68 0.25 
13 75 0.0625 
13 102 0.25 
13 104 0.25 
13 124 0.25 
13 158 0.015625 
14 12 0.25 
14 15 0.25 
14 20 0.25 
14 27 0.0625 
14 30 0.0625 
14 31 0.25 
14 37 0.25 
14 201 0.0625 
15 14 0.25 
15 16 0.25 
15 22 0.25 
15 27 0.25 
15 31 0.0625 
15 37 0.25 
15 143 0.0625 
15 147 0.0625 
16 14 0.25 
16 15 0.25 
16 46 0.015625 
16 106 0.015625 
16 176 0.015625 
17 13 0.015625 
17 18 0.25 
17 21 0.25 
17 26 0.0625 
17 33 0.0625 
17 59 0.0625 
17 73 0.015625 
17 79 0.015625 
17 125 0.015625 
17 134 0.015625 
17 141 0.25 
17 171 0.0625 
17 197 0.015625 
17 199 0.015625 
18 13 0.0625 
18 17 0.25 
18 23 0.015625 
18 45 0.015625 
18 56 0.015625 
18 94 0.015625 
18 96 0.25 
18 117 0.25 
18 122 0.25 
18 135 0.0625 
18 185 0.0625 
18 256 0.0625 
19 12 0.25 
19 38 0.015625 
19 155 0.0625 
19 162 0.0625 
20 14 0.015625 
20 15 0.0625 
20 65 0.015625 
20 151 0.25 
20 198 0.0625 
21 13 0.015625 
21 17 0.0625 
21 24 0.0625 
21 29 0.015625 
21 34 0.0625 
21 55 0.015625 
21 95 0.25 
21 97 0.015625 
21 103 0.015625 
21 112 0.25 
21 136 0.015625 
22 15 0.25 
22 14 0.25 
22 26 0.015625 
22 28 0.0625 
22 30 0.0625 
22 90 0.015625 
23 18 0.015625 
23 77 0.015625 
23 156 0.015625 
23 464 0.015625 
24 13 0.0625 
24 21 0.015625 
24 40 0.015625 
24 42 0.015625 
24 170 0.25 
24 172 0.25 
25 20 0.25 
25 41 0.0625 
25 101 0.0625 
25 163 0.0625 
25 183 0.25 
26 17 0.0625 
26 22 0.25 
27 15 0.25 
27 14 0.015625 
27 36 0.0625 
27 61 0.015625 
27 159 0.015625 
28 22 0.25 
28 40 0.015625 
29 21 0.25 
29 32 0.0625 
30 14 0.25 
30 22 0.015625 
30 40 0.015625 
30 49 0.0625 
30 118 0.25 
30 150 0.015625 
31 14 0.25 
31 15 0.0625 
32 29 0.25 
32 34 0.0625 
32 54 0.0625 
32 78 0.015625 
32 112 0.0625 
33 17 0.015625 
33 19 0.015625 
33 13 0.25 
33 35 0.015625 
33 43 0.25 
33 47 0.015625 
33 165 0.25 
33 196 0.0625 
33 218 0.0625 
33 223 0.0625 
34 21 0.25 
34 24 0.25 
34 32 0.015625 
34 29 0.015625 
34 37 0.25 
34 67 0.25 
34 71 0.0625 
34 85 0.0625 
34 143 0.015625 
35 33 0.0625 
35 51 0.0625 
35 72 0.0625 
35 80 0.25 
35 97 0.015625 
35 116 0.015625 
35 129 0.25 
35 181 0.0625 
35 206 0.25 
36 27 0.015625 
36 20 0.25 
36 48 0.25 
36 61 0.015625 
36 123 0.0625 
36 163 0.25 
36 167 0.0625 
36 221 0.0625 
37 34 0.0625 
37 14 0.0625 
37 15 0.015625 
37 35 0.0625 
37 76 0.25 
37 85 0.25 
37 184 0.25 
37 214 0.25 
37 238 0.015625 
38 19 0.25 
38 44 0.015625 
38 47 0.0625 
38 58 0.25 
38 77 0.015625 
38 120 0.015625 
38 121 0.25 
38 187 0.0625 
39 13 0.25 
39 17 0.0625 
39 52 0.25 
39 84 0.0625 
39 138 0.015625 
39 153 0.015625 
39 164 0.015625 
39 169 0.0625 
39 191 0.0625 
39 216 0.0625 
40 30 0.0625 
40 15 0.0625 
40 28 0.015625 
40 24 0.25 
40 95 0.0625 
40 115 0.0625 
40 160 0.015625 
40 195 0.015625 
40 210 0.015625 
41 25 0.015625 
41 111 0.015625 
41 183 0.0625 
42 24 0.015625 
42 172 0.25 
43 12 0.0625 
43 33 0.015625 
43 83 0.0625 
43 131 0.0625 
43 154 0.0625 
44 18 0.0625 
44 23 0.0625 
44 38 0.015625 
44 53 0.0625 
44 60 0.0625 
44 87 0.0625 
44 100 0.25 
44 149 0.015625 
44 175 0.015625 
44 194 0.0625 
45 18 0.25 
45 56 0.25 
45 93 0.25 
45 98 0.0625 
45 108 0.0625 
45 117 0.25 
45 220 0.015625 
46 16 0.0625 
46 157 0.015625 
47 33 0.0625 
47 38 0.015625 
47 77 0.015625 
47 146 0.015625 
47 202 0.0625 
48 36 0.25 
48 70 0.015625 
48 163 0.015625 
48 221 0.0625 
49 30 0.0625 
50 24 0.0625 
50 13 0.015625 
50 42 0.25 
50 85 0.015625 
50 107 0.015625 
50 132 0.015625 
50 142 0.015625 
51 35 0.0625 
51 89 0.0625 
51 90 0.015625 
52 39 0.015625 
52 77 0.015625 
52 84 0.0625 
52 138 0.25 
52 191 0.25 
52 216 0.0625 
53 44 0.0625 
53 57 0.0625 
53 60 0.015625 
53 66 0.0625 
53 81 0.015625 
53 82 0.25 
53 100 0.015625 
53 109 0.0625 
54 32 0.0625 
54 29 0.25 
55 21 0.015625 
55 17 0.0625 
55 13 0.0625 
55 88 0.015625 
55 212 0.015625 
56 44 0.0625 
56 45 0.015625 
56 18 0.25 
56 209 0.25 
57 53 0.0625 
57 127 0.0625 
58 38 0.25 
58 120 0.015625 
58 187 0.25 
59 17 0.0625 
59 62 0.0625 
59 74 0.25 
59 88 0.015625 
59 126 0.015625 
59 189 0.25 
60 53 0.015625 
60 44 0.015625 
60 204 0.015625 
61 27 0.25 
61 36 0.25 
61 14 0.0625 
61 86 0.015625 
61 148 0.25 
61 152 0.015625 
61 217 0.25 
62 59 0.25 
62 64 0.0625 
62 81 0.015625 
62 211 0.0625 
62 219 0.015625 
63 13 0.0625 
63 68 0.015625 
64 62 0.0625 
65 20 0.25 
65 198 0.25 
66 53 0.0625 
67 34 0.0625 
68 63 0.0625 
68 13 0.0625 
69 12 0.25 
69 192 0.0625 
70 48 0.015625 
70 36 0.015625 
70 123 0.0625 
70 167 0.0625 
70 221 0.25 
71 34 0.0625 
71 67 0.25 
71 41 0.015625 
71 133 0.015625 
72 35 0.015625 
73 17 0.25 
74 59 0.25 
74 126 0.015625 
75 13 0.25 
75 104 0.25 
76 61 0.0625 
76 37 0.015625 
76 184 0.015625 
77 52 0.0625 
77 23 0.015625 
77 47 0.25 
77 19 0.015625 
77 38 0.0625 
77 127 0.0625 
77 190 0.0625 
78 32 0.0625 
78 29 0.0625 
79 17 0.015625 
79 134 0.015625 
79 141 0.25 
79 199 0.25 
80 35 0.25 
80 72 0.015625 
80 116 0.25 
80 181 0.25 
80 206 0.25 
81 66 0.0625 
81 62 0.0625 
81 53 0.015625 
81 130 0.0625 
81 161 0.25 
82 53 0.0625 
82 45 0.015625 
83 43 0.0625 
83 127 0.015625 
84 52 0.0625 
84 39 0.015625 
84 164 0.0625 
84 216 0.25 
85 50 0.015625 
85 37 0.015625 
85 34 0.015625 
85 99 0.0625 
85 112 0.0625 
85 131 0.25 
85 179 0.0625 
86 61 0.0625 
86 99 0.0625 
87 44 0.015625 
87 128 0.0625 
87 137 0.015625 
87 144 0.0625 
88 59 0.015625 
88 55 0.25 
89 51 0.25 
89 47 0.25 
90 22 0.015625 
90 51 0.0625 
90 28 0.015625 
90 193 0.0625 
91 85 0.015625 
91 86 0.0625 
91 177 0.015625 
91 215 0.25 
92 12 0.015625 
92 26 0.25 
92 19 0.25 
93 45 0.0625 
94 18 0.25 
95 21 0.25 
95 17 0.0625 
95 40 0.015625 
95 178 0.015625 
95 186 0.015625 
95 208 0.25 
96 18 0.015625 
96 135 0.0625 
97 32 0.0625 
97 21 0.25 
97 35 0.25 
97 116 0.0625 
97 129 0.25 
98 45 0.015625 
98 108 0.015625 
99 85 0.015625 
99 86 0.25 
99 114 0.0625 
100 53 0.015625 
100 57 0.015625 
100 44 0.015625 
100 113 0.015625 
101 25 0.015625 
101 111 0.25 
101 143 0.0625 
101 179 0.0625 
101 183 0.25 
102 55 0.015625 
102 13 0.25 
102 77 0.015625 
102 47 0.015625 
102 105 0.25 
103 21 0.25 
104 13 0.0625 
104 75 0.0625 
104 110 0.25 
104 119 0.0625 
104 140 0.015625 
104 203 0.25 
104 207 0.25 
105 102 0.25 
105 97 0.25 
106 16 0.25 
106 176 0.015625 
107 50 0.25 
107 139 0.25 
108 45 0.0625 
108 98 0.0625 
108 220 0.25 
109 53 0.015625 
109 66 0.015625 
110 104 0.25 
110 481 0.25 
111 25 0.015625 
111 41 0.25 
111 101 0.015625 
111 163 0.015625 
111 183 0.0625 
112 21 0.015625 
112 34 0.0625 
112 32 0.0625 
112 85 0.25 
112 139 0.25 
112 145 0.0625 
113 100 0.25 
113 162 0.25 
114 99 0.015625 
114 12 0.25 
115 40 0.015625 
115 160 0.015625 
116 97 0.0625 
116 35 0.25 
116 80 0.015625 
116 165 0.015625 
117 18 0.0625 
117 23 0.0625 
117 45 0.015625 
117 156 0.0625 
118 30 0.25 
118 49 0.25 
119 104 0.0625 
119 110 0.25 
119 140 0.25 
119 203 0.25 
119 207 0.25 
120 58 0.0625 
120 38 0.25 
121 38 0.015625 
121 137 0.015625 
122 64 0.0625 
122 18 0.25 
122 82 0.0625 
122 166 0.015625 
122 256 0.015625 
123 70 0.015625 
123 36 0.0625 
124 13 0.015625 
125 17 0.015625 
125 79 0.25 
125 171 0.25 
126 59 0.25 
126 74 0.0625 
127 23 0.25 
127 77 0.0625 
127 60 0.0625 
127 57 0.015625 
127 83 0.015625 
128 87 0.0625 
128 144 0.0625 
129 80 0.25 
129 35 0.015625 
129 97 0.015625 
129 89 0.0625 
130 81 0.015625 
131 85 0.015625 
131 43 0.25 
132 50 0.0625 
132 107 0.0625 
132 142 0.0625 
133 71 0.015625 
134 17 0.25 
134 79 0.25 
135 18 0.25 
135 96 0.015625 
135 185 0.25 
136 103 0.015625 
136 21 0.0625 
137 87 0.015625 
137 121 0.25 
138 39 0.0625 
138 52 0.015625 
138 84 0.0625 
139 97 0.25 
139 107 0.25 
139 112 0.0625 
139 50 0.25 
139 461 0.25 
140 104 0.015625 
140 110 0.015625 
140 119 0.25 
140 203 0.25 
140 207 0.0625 
141 17 0.25 
141 79 0.25 
142 107 0.0625 
142 132 0.015625 
142 50 0.015625 
142 223 0.25 
143 34 0.0625 
143 15 0.25 
143 101 0.0625 
143 179 0.0625 
144 87 0.25 
144 128 0.015625 
145 112 0.015625 
146 47 0.0625 
147 15 0.0625 
147 14 0.0625 
148 61 0.25 
148 152 0.0625 
148 217 0.015625 
149 44 0.015625 
150 30 0.015625 
150 118 0.0625 
151 20 0.25 
151 65 0.0625 
151 198 0.015625 
152 61 0.015625 
152 148 0.25 
153 39 0.0625 
153 52 0.25 
153 138 0.25 
153 84 0.015625 
154 12 0.25 
154 43 0.015625 
155 19 0.25 
156 117 0.25 
156 23 0.015625 
157 46 0.25 
158 13 0.0625 
159 27 0.015625 
160 40 0.015625 
160 115 0.015625 
161 59 0.25 
161 81 0.0625 
161 126 0.25 
161 213 0.015625 
162 113 0.0625 
162 19 0.25 
163 25 0.25 
163 101 0.015625 
163 36 0.25 
163 48 0.015625 
163 111 0.0625 
163 174 0.015625 
163 182 0.0625 
164 52 0.015625 
164 39 0.25 
164 84 0.25 
165 33 0.015625 
165 116 0.25 
165 180 0.0625 
166 122 0.25 
167 70 0.0625 
167 36 0.015625 
167 48 0.0625 
168 12 0.25 
169 164 0.25 
169 39 0.015625 
170 24 0.015625 
171 134 0.25 
171 17 0.25 
171 125 0.25 
172 42 0.25 
172 170 0.0625 
172 24 0.0625 
173 12 0.25 
173 168 0.25 
174 163 0.015625 
175 44 0.0625 
175 263 0.25 
176 16 0.25 
176 106 0.015625 
176 184 0.25 
177 91 0.0625 
178 95 0.0625 
178 186 0.015625 
179 143 0.015625 
179 85 0.25 
179 101 0.015625 
179 14 0.0625 
180 165 0.25 
181 35 0.25 
181 80 0.25 
182 163 0.25 
183 111 0.0625 
183 101 0.25 
183 25 0.25 
183 41 0.015625 
184 176 0.25 
184 37 0.25 
184 76 0.25 
185 18 0.0625 
185 135 0.0625 
186 178 0.0625 
186 95 0.25 
187 58 0.25 
187 38 0.0625 
188 57 0.015625 
189 84 0.0625 
189 52 0.25 
189 104 0.015625 
189 39 0.0625 
189 59 0.015625 
190 77 0.25 
191 39 0.015625 
191 52 0.0625 
191 84 0.25 
192 69 0.0625 
192 12 0.015625 
193 90 0.0625 
194 44 0.0625 
194 175 0.0625 
195 115 0.015625 
195 40 0.015625 
195 160 0.25 
196 33 0.0625 
197 17 0.015625 
197 125 0.0625 
197 134 0.015625 
198 65 0.0625 
198 20 0.015625 
198 151 0.0625 
199 17 0.25 
199 79 0.0625 
200 102 0.25 
201 14 0.0625 
201 15 0.015625 
201 147 0.015625 
202 47 0.015625 
202 146 0.25 
203 104 0.015625 
203 119 0.0625 
203 140 0.015625 
204 60 0.015625 
205 26 0.25 
206 72 0.25 
206 35 0.25 
206 80 0.25 
207 119 0.015625 
207 203 0.0625 
207 104 0.015625 
207 110 0.25 
207 140 0.25 
208 186 0.0625 
208 95 0.0625 
209 56 0.25 
210 40 0.25 
211 62 0.015625 
211 261 0.25 
212 55 0.0625 
213 161 0.015625 
214 37 0.25 
215 91 0.0625 
216 84 0.0625 
216 39 0.25 
216 191 0.0625 
216 52 0.0625 
217 61 0.0625 
217 148 0.0625 
218 33 0.0625 
218 51 0.015625 
218 187 0.0625 
219 62 0.0625 
219 211 0.015625 
220 108 0.25 
220 45 0.0625 
221 48 0.25 
221 70 0.25 
221 36 0.015625 
221 123 0.015625 
222 165 0.25 
222 180 0.25 
223 33 0.0625 
223 142 0.015625 
223 13 0.25 
223 43 0.25 
223 225 0.25 
223 226 0.015625 
223 234 0.0625 
224 223 0.0625 
224 226 0.0625 
224 227 0.015625 
224 230 0.015625 
224 233 0.0625 
225 223 0.25 
225 227 0.0625 
225 234 0.015625 
226 223 0.25 
226 224 0.0625 
226 228 0.015625 
226 229 0.015625 
226 235 0.25 
227 225 0.015625 
227 224 0.0625 
227 230 0.0625 
227 233 0.0625 
228 226 0.015625 
228 229 0.25 
229 226 0.0625 
229 228 0.25 
229 231 0.0625 
229 461 0.015625 
230 224 0.0625 
230 227 0.25 
230 236 0.0625 
231 229 0.0625 
231 232 0.0625 
232 231 0.015625 
233 224 0.25 
233 223 0.25 
233 227 0.0625 
234 225 0.0625 
234 223 0.0625 
235 226 0.015625 
235 228 0.0625 
236 230 0.25 
237 228 0.015625 
238 52 0.25 
238 192 0.015625 
238 12 0.0625 
238 37 0.25 
238 187 0.0625 
238 239 0.25 
238 240 0.0625 
238 241 0.0625 
238 246 0.015625 
238 247 0.0625 
238 255 0.015625 
239 238 0.25 
239 242 0.0625 
239 243 0.015625 
239 244 0.25 
239 254 0.25 
239 255 0.015625 
240 238 0.015625 
241 238 0.015625 
241 245 0.25 
241 247 0.25 
241 249 0.25 
241 251 0.015625 
241 254 0.015625 
242 239 0.015625 
242 244 0.0625 
243 239 0.0625 
243 255 0.015625 
243 261 0.25 
244 239 0.015625 
244 242 0.0625 
245 241 0.0625 
245 246 0.015625 
245 248 0.0625 
245 249 0.25 
246 238 0.25 
246 245 0.015625 
246 250 0.015625 
247 238 0.015625 
247 241 0.0625 
248 245 0.0625 
249 245 0.25 
249 241 0.0625 
250 246 0.015625 
251 241 0.015625 
251 252 0.015625 
251 253 0.015625 
252 251 0.0625 
252 253 0.25 
253 252 0.015625 
253 251 0.25 
254 239 0.25 
254 241 0.0625 
255 243 0.015625 
255 238 0.015625 
255 249 0.015625 
255 239 0.25 
256 18 0.0625 
256 87 0.25 
256 156 0.015625 
256 122 0.015625 
256 257 0.0625 
256 259 0.0625 
257 256 0.0625 
257 258 0.0625 
258 257 0.0625 
258 260 0.015625 
259 256 0.015625 
260 258 0.015625 
261 189 0.0625 
261 211 0.015625 
261 243 0.0625 
261 26 0.015625 
261 126 0.0625 
261 262 0.015625 
262 261 0.015625 
263 122 0.015625 
263 175 0.0625 
263 231 0.0625 
263 243 0.25 
263 127 0.25 
263 264 0.015625 
263 266 0.015625 
263 315 0.015625 
263 321 0.0625 
263 333 0.25 
263 336 0.015625 
263 342 0.0625 
264 263 0.015625 
264 265 0.0625 
264 267 0.015625 
264 270 0.0625 
264 291 0.0625 
264 307 0.25 
264 343 0.015625 
264 359 0.25 
264 492 0.25 
265 264 0.0625 
265 268 0.0625 
265 271 0.015625 
265 273 0.015625 
265 274 0.25 
265 282 0.015625 
265 284 0.0625 
265 288 0.25 
265 338 0.015625 
266 263 0.015625 
266 272 0.0625 
266 279 0.0625 
266 294 0.015625 
266 318 0.25 
266 322 0.25 
266 324 0.015625 
266 381 0.0625 
266 405 0.25 
267 264 0.015625 
267 269 0.015625 
267 303 0.25 
267 305 0.0625 
267 310 0.0625 
267 346 0.25 
267 373 0.25 
268 265 0.0625 
268 274 0.015625 
268 275 0.0625 
268 285 0.25 
268 286 0.0625 
268 311 0.015625 
268 317 0.015625 
268 355 0.25 
269 267 0.0625 
269 326 0.0625 
269 361 0.0625 
269 375 0.015625 
269 378 0.015625 
270 264 0.0625 
270 348 0.0625 
270 351 0.015625 
270 407 0.0625 
271 265 0.0625 
271 272 0.015625 
271 276 0.0625 
271 278 0.25 
271 280 0.0625 
271 282 0.015625 
271 284 0.0625 
271 287 0.25 
271 289 0.0625 
271 297 0.25 
271 308 0.0625 
271 309 0.25 
271 347 0.015625 
271 350 0.25 
271 364 0.015625 
271 366 0.25 
271 399 0.015625 
271 423 0.0625 
271 448 0.25 
271 452 0.25 
271 481 0.0625 
272 271 0.0625 
272 266 0.015625 
272 275 0.0625 
272 279 0.25 
272 345 0.0625 
273 265 0.0625 
273 275 0.0625 
273 277 0.0625 
273 316 0.0625 
273 409 0.0625 
274 265 0.015625 
274 268 0.25 
274 285 0.0625 
274 299 0.25 
274 300 0.015625 
274 301 0.0625 
274 455 0.0625 
275 273 0.25 
275 272 0.015625 
275 268 0.015625 
275 326 0.25 
275 371 0.25 
275 408 0.015625 
276 271 0.25 
276 278 0.0625 
276 280 0.0625 
276 452 0.0625 
277 265 0.015625 
277 273 0.015625 
277 291 0.0625 
278 271 0.0625 
278 276 0.25 
278 287 0.015625 
278 293 0.25 
278 322 0.015625 
278 323 0.25 
278 328 0.25 
278 398 0.015625 
278 403 0.0625 
278 416 0.25 
279 272 0.015625 
279 266 0.015625 
279 290 0.015625 
279 314 0.25 
280 271 0.25 
280 276 0.25 
280 284 0.25 
280 297 0.0625 
280 308 0.0625 
280 350 0.015625 
281 264 0.25 
281 270 0.015625 
281 295 0.0625 
281 302 0.25 
281 320 0.25 
281 327 0.0625 
281 367 0.25 
281 385 0.25 
281 413 0.25 
281 422 0.25 
282 271 0.25 
282 265 0.015625 
282 289 0.0625 
282 385 0.0625 
282 425 0.015625 
283 265 0.015625 
283 338 0.015625 
284 265 0.0625 
284 271 0.25 
284 280 0.0625 
284 329 0.0625 
284 429 0.25 
284 440 0.25 
285 268 0.015625 
285 265 0.0625 
285 274 0.0625 
285 338 0.0625 
285 376 0.0625 
285 410 0.015625 
286 268 0.0625 
286 317 0.015625 
286 355 0.0625 
287 271 0.25 
287 278 0.25 
287 296 0.015625 
287 303 0.015625 
287 312 0.015625 
287 384 0.0625 
287 393 0.0625 
287 403 0.0625 
287 424 0.0625 
287 450 0.015625 
288 283 0.25 
288 265 0.015625 
289 282 0.015625 
289 271 0.25 
289 438 0.015625 
290 279 0.015625 
291 277 0.015625 
291 264 0.015625 
291 292 0.0625 
291 360 0.0625 
291 376 0.0625 
292 277 0.0625 
292 291 0.015625 
292 327 0.015625 
292 344 0.015625 
293 278 0.015625 
293 312 0.015625 
293 321 0.0625 
293 417 0.015625 
293 428 0.25 
294 266 0.015625 
294 433 0.0625 
294 443 0.0625 
295 281 0.25 
295 327 0.25 
295 386 0.015625 
296 287 0.0625 
296 269 0.25 
297 280 0.015625 
297 276 0.0625 
297 271 0.015625 
297 298 0.25 
297 309 0.0625 
297 347 0.0625 
297 364 0.0625 
297 377 0.015625 
297 452 0.0625 
298 271 0.0625 
298 297 0.015625 
298 301 0.0625 
298 303 0.015625 
298 313 0.015625 
298 330 0.015625 
298 335 0.0625 
298 374 0.0625 
298 397 0.0625 
298 441 0.0625 
298 479 0.0625 
299 267 0.25 
299 274 0.25 
299 306 0.0625 
299 313 0.25 
300 274 0.0625 
300 301 0.0625 
300 313 0.25 
300 371 0.015625 
300 401 0.0625 
300 418 0.25 
301 300 0.25 
301 274 0.015625 
301 298 0.25 
301 420 0.0625 
301 460 0.25 
302 281 0.015625 
302 282 0.015625 
302 264 0.015625 
302 385 0.0625 
303 298 0.015625 
303 287 0.25 
303 299 0.015625 
303 267 0.015625 
303 310 0.015625 
303 330 0.25 
303 388 0.015625 
303 395 0.0625 
303 457 0.25 
303 481 0.0625 
304 300 0.0625 
304 358 0.0625 
304 415 0.015625 
305 267 0.25 
305 373 0.0625 
306 299 0.015625 
306 314 0.015625 
306 363 0.25 
307 264 0.25 
307 270 0.015625 
307 351 0.0625 
307 359 0.0625 
308 280 0.25 
308 276 0.25 
308 271 0.25 
308 309 0.25 
308 364 0.0625 
308 368 0.0625 
308 377 0.0625 
308 423 0.0625 
309 271 0.25 
309 280 0.015625 
309 297 0.25 
309 308 0.0625 
309 350 0.0625 
309 368 0.25 
309 423 0.25 
309 448 0.015625 
310 303 0.25 
310 267 0.25 
310 325 0.015625 
310 337 0.25 
310 357 0.25 
310 372 0.0625 
310 414 0.015625 
311 268 0.0625 
311 286 0.25 
312 293 0.015625 
312 287 0.25 
312 271 0.015625 
312 331 0.015625 
312 380 0.0625 
312 400 0.015625 
313 300 0.015625 
313 298 0.0625 
313 299 0.25 
313 301 0.25 
313 346 0.015625 
313 382 0.25 
313 391 0.25 
313 426 0.015625 
314 287 0.015625 
314 306 0.015625 
314 279 0.25 
315 263 0.25 
315 349 0.015625 
315 356 0.25 
315 362 0.015625 
315 369 0.015625 
315 442 0.0625 
316 273 0.0625 
316 338 0.0625 
316 371 0.25 
317 268 0.25 
317 282 0.015625 
317 299 0.015625 
317 286 0.25 
317 319 0.25 
317 383 0.0625 
317 427 0.0625 
317 436 0.0625 
317 445 0.0625 
318 266 0.0625 
318 394 0.25 
319 317 0.25 
319 332 0.25 
320 295 0.25 
320 281 0.015625 
320 327 0.0625 
320 367 0.0625 
320 386 0.25 
320 422 0.015625 
321 293 0.25 
321 263 0.015625 
321 323 0.25 
321 342 0.0625 
322 278 0.0625 
322 266 0.0625 
323 278 0.0625 
323 321 0.25 
324 266 0.015625 
324 318 0.25 
325 310 0.015625 
325 357 0.0625 
326 269 0.015625 
326 275 0.25 
326 334 0.0625 
326 412 0.0625 
326 421 0.25 
327 320 0.015625 
327 295 0.015625 
327 281 0.0625 
327 292 0.0625 
327 339 0.25 
327 353 0.0625 
327 370 0.015625 
327 391 0.25 
328 278 0.015625 
329 284 0.25 
330 301 0.015625 
330 303 0.015625 
330 298 0.015625 
330 390 0.25 
330 404 0.25 
330 437 0.0625 
331 312 0.015625 
331 380 0.25 
331 392 0.0625 
332 319 0.015625 
332 331 0.0625 
332 289 0.25 
332 317 0.25 
333 263 0.015625 
334 326 0.25 
334 411 0.0625 
334 421 0.0625 
335 298 0.015625 
336 263 0.25 
337 310 0.015625 
337 325 0.015625 
338 283 0.0625 
338 265 0.0625 
338 285 0.015625 
338 316 0.25 
339 264 0.015625 
339 327 0.25 
339 340 0.0625 
339 354 0.015625 
339 447 0.25 
339 459 0.25 
340 339 0.015625 
340 341 0.25 
340 348 0.015625 
340 354 0.015625 
340 444 0.0625 
340 459 0.015625 
341 340 0.25 
341 267 0.015625 
341 313 0.25 
342 321 0.25 
342 263 0.0625 
343 332 0.0625 
343 264 0.25 
343 270 0.015625 
343 389 0.015625 
343 432 0.25 
344 292 0.015625 
344 396 0.015625 
344 454 0.015625 
345 272 0.015625 
346 313 0.015625 
346 267 0.015625 
347 297 0.015625 
347 308 0.015625 
347 271 0.25 
347 368 0.0625 
347 423 0.25 
347 452 0.0625 
348 340 0.015625 
348 270 0.015625 
348 339 0.0625 
349 315 0.0625 
349 356 0.015625 
349 362 0.015625 
350 271 0.25 
350 309 0.0625 
350 280 0.0625 
350 352 0.25 
350 402 0.25 
350 428 0.25 
351 270 0.0625 
351 281 0.015625 
351 307 0.25 
351 365 0.015625 
352 350 0.0625 
353 327 0.0625 
353 444 0.0625 
354 339 0.015625 
354 340 0.0625 
354 447 0.015625 
354 459 0.0625 
355 268 0.015625 
355 286 0.015625 
355 403 0.25 
356 349 0.015625 
356 315 0.25 
357 325 0.25 
357 310 0.25 
357 372 0.0625 
357 406 0.0625 
358 304 0.0625 
358 415 0.0625 
359 307 0.0625 
359 270 0.015625 
359 264 0.015625 
360 291 0.0625 
360 344 0.015625 
360 430 0.015625 
360 451 0.015625 
361 269 0.0625 
362 315 0.25 
362 349 0.25 
362 369 0.015625 
363 306 0.0625 
364 297 0.015625 
364 280 0.015625 
364 271 0.0625 
364 308 0.25 
365 351 0.0625 
366 335 0.0625 
366 271 0.0625 
366 280 0.015625 
366 347 0.25 
367 281 0.25 
367 320 0.015625 
368 308 0.0625 
368 347 0.015625 
368 271 0.25 
368 309 0.0625 
369 315 0.25 
369 349 0.0625 
369 362 0.015625 
369 405 0.25 
370 327 0.25 
370 353 0.25 
371 275 0.25 
371 316 0.0625 
371 273 0.015625 
371 300 0.25 
371 387 0.25 
372 357 0.0625 
372 310 0.015625 
372 397 0.25 
372 406 0.25 
372 414 0.0625 
373 267 0.015625 
373 305 0.015625 
374 330 0.015625 
374 298 0.0625 
374 397 0.0625 
375 269 0.015625 
376 285 0.25 
376 338 0.0625 
376 291 0.0625 
376 410 0.0625 
377 297 0.0625 
377 276 0.015625 
377 308 0.0625 
377 271 0.25 
378 269 0.0625 
378 412 0.015625 
379 323 0.25 
379 336 0.015625 
379 431 0.0625 
379 435 0.0625 
380 312 0.0625 
380 331 0.25 
380 400 0.25 
381 266 0.015625 
382 313 0.0625 
382 426 0.25 
383 319 0.0625 
383 317 0.25 
384 287 0.0625 
385 302 0.015625 
385 281 0.0625 
385 282 0.015625 
386 320 0.0625 
386 295 0.0625 
386 422 0.0625 
387 371 0.015625 
388 303 0.0625 
389 343 0.015625 
389 432 0.0625 
390 330 0.015625 
391 327 0.015625 
391 341 0.0625 
391 376 0.0625 
391 313 0.0625 
392 331 0.0625 
392 312 0.0625 
392 380 0.25 
393 384 0.25 
393 287 0.0625 
393 403 0.25 
393 424 0.015625 
394 318 0.0625 
394 405 0.015625 
395 303 0.0625 
395 457 0.25 
396 344 0.015625 
397 372 0.015625 
397 298 0.015625 
397 325 0.0625 
397 374 0.25 
397 419 0.015625 
398 278 0.0625 
398 322 0.0625 
399 271 0.015625 
399 297 0.25 
399 276 0.015625 
399 308 0.015625 
400 331 0.015625 
400 312 0.0625 
400 380 0.015625 
401 300 0.015625 
402 350 0.0625 
403 287 0.015625 
403 355 0.0625 
403 278 0.0625 
403 393 0.015625 
404 330 0.25 
404 390 0.0625 
405 266 0.015625 
405 394 0.015625 
405 369 0.25 
405 446 0.25 
405 458 0.015625 
406 325 0.0625 
406 357 0.25 
406 372 0.015625 
406 414 0.0625 
407 264 0.015625 
407 270 0.0625 
408 275 0.015625 
409 273 0.015625 
410 376 0.25 
410 285 0.25 
411 334 0.015625 
411 409 0.015625 
411 361 0.0625 
411 271 0.015625 
411 326 0.0625 
412 334 0.0625 
412 326 0.0625 
412 378 0.0625 
413 367 0.0625 
413 281 0.015625 
413 453 0.015625 
414 372 0.25 
414 310 0.0625 
414 406 0.25 
415 358 0.015625 
415 304 0.0625 
415 455 0.25 
416 278 0.25 
417 293 0.015625 
418 300 0.015625 
418 401 0.015625 
419 397 0.015625 
420 301 0.25 
420 443 0.015625 
421 326 0.25 
421 334 0.25 
422 386 0.0625 
422 281 0.015625 
422 320 0.015625 
422 453 0.0625 
423 309 0.25 
423 271 0.25 
423 347 0.015625 
423 308 0.25 
424 287 0.25 
424 393 0.015625 
425 282 0.0625 
426 313 0.25 
426 382 0.25 
427 317 0.25 
428 350 0.015625 
428 293 0.25 
428 456 0.25 
429 284 0.0625 
430 360 0.25 
430 451 0.015625 
431 379 0.015625 
431 435 0.015625 
432 389 0.0625 
432 343 0.0625 
433 294 0.015625 
434 312 0.015625 
434 380 0.0625 
434 400 0.0625 
434 331 0.0625 
435 379 0.015625 
435 431 0.015625 
436 317 0.015625 
436 383 0.0625 
437 330 0.25 
437 301 0.0625 
437 433 0.015625 
437 390 0.0625 
437 439 0.25 
438 289 0.25 
439 437 0.25 
440 284 0.0625 
441 298 0.015625 
442 315 0.0625 
442 362 0.25 
442 349 0.25 
442 449 0.25 
443 301 0.0625 
443 303 0.015625 
443 294 0.0625 
443 420 0.0625 
443 274 0.015625 
444 353 0.015625 
444 340 0.25 
444 327 0.015625 
445 317 0.0625 
445 436 0.0625 
446 405 0.015625 
446 458 0.015625 
447 339 0.0625 
447 354 0.25 
447 340 0.015625 
448 271 0.25 
448 309 0.015625 
448 377 0.0625 
448 347 0.015625 
449 263 0.015625 
449 442 0.25 
450 287 0.0625 
450 393 0.25 
451 360 0.015625 
451 430 0.015625 
452 271 0.25 
452 297 0.015625 
452 347 0.25 
452 276 0.0625 
453 295 0.0625 
453 422 0.0625 
453 281 0.25 
453 413 0.015625 
454 344 0.0625 
455 274 0.015625 
455 415 0.25 
456 428 0.25 
457 303 0.0625 
457 395 0.015625 
458 405 0.0625 
458 446 0.015625 
459 354 0.015625 
459 339 0.25 
459 340 0.0625 
460 301 0.25 
460 420 0.25 
461 229 0.015625 
461 441 0.25 
461 139 0.25 
461 428 0.25 
461 245 0.25 
461 462 0.015625 
462 461 0.0625 
462 463 0.25 
463 462 0.0625 
463 461 0.25 
464 443 0.0625 
464 141 0.0625 
464 23 0.25 
464 24 0.25 
464 104 0.0625 
464 465 0.25 
464 466 0.25 
464 467 0.0625 
465 464 0.25 
465 468 0.0625 
465 470 0.25 
465 472 0.015625 
465 473 0.0625 
465 474 0.25 
466 464 0.25 
467 464 0.25 
467 470 0.25 
467 472 0.0625 
467 475 0.0625 
468 465 0.015625 
468 469 0.0625 
468 471 0.0625 
468 478 0.0625 
469 468 0.0625 
469 471 0.25 
469 478 0.25 
470 467 0.0625 
470 465 0.25 
471 469 0.25 
471 468 0.0625 
471 472 0.015625 
472 471 0.015625 
472 465 0.25 
472 467 0.0625 
473 465 0.25 
473 476 0.0625 
474 465 0.25 
475 467 0.0625 
476 473 0.0625 
476 477 0.015625 
477 476 0.015625 
478 468 0.015625 
478 469 0.015625 
479 330 0.015625 
479 298 0.25 
479 350 0.0625 
479 313 0.0625 
479 480 0.25 
480 479 0.0625 
481 271 0.25 
481 393 0.015625 
481 196 0.25 
481 110 0.0625 
481 303 0.0625 
481 482 0.015625 
481 483 0.015625 
481 485 0.25 
481 489 0.25 
482 481 0.25 
482 488 0.0625 
483 481 0.015625 
483 484 0.0625 
484 483 0.015625 
485 481 0.0625 
485 486 0.25 
485 487 0.015625 
486 485 0.25 
486 490 0.0625 
487 485 0.015625 
488 482 0.25 
489 481 0.25 
489 491 0.0625 
490 486 0.25 
491 489 0.0625 
492 285 0.25 
492 264 0.0625 
492 36 0.0625 
492 453 0.015625 
492 227 0.25 
492 493 0.015625 
492 495 0.015625 
493 492 0.25 
493 494 0.25 
493 495 0.25 
493 498 0.015625 
494 493 0.25 
494 497 0.015625 
495 492 0.015625 
495 493 0.015625 
495 496 0.0625 
495 499 0.25 
496 495 0.0625 
497 494 0.015625 
498 493 0.0625 
498 499 0.015625 
499 498 0.25 
499 495 0.015625 