500
0 1 0.0625 
1 0 0.25 
1 3 0.0625 
1 12 0.015625 
2 1 0.25 
2 0 0.015625 
2 4 0.25 
2 5 0.25 
3 1 0.0625 
4 2 0.0625 
4 5 0.0625 
5 4 0.015625 
5 2 0.25 
5 6 0.015625 
6 5 0.25 
6 7 0.015625 
6 8 0.0625 
6 10 0.015625 
7 6 0.25 
7 9 0.25 
8 6 0.0625 
9 7 0.0625 
10 6 0.0625 
10 11 0.0625 
11 10 0.0625 
12 1 0.015625 
12 3 0.015625 
12 13 0.25 
12 20 0.0625 
12 27 0.0625 
13 12 0.25 
13 14 0.015625 
13 59 0.0625 
13 64 0.0625 
13 87 0.015625 
13 178 0.25 
13 218 0.015625 
14 13 0.0625 
14 15 0.0625 
14 17 0.015625 
14 18 0.015625 
14 24 0.015625 
14 88 0.015625 
14 200 0.0625 
15 14 0.0625 
15 16 0.0625 
15 19 0.0625 
15 26 0.015625 
15 31 0.015625 
15 56 0.015625 
15 95 0.015625 
16 15 0.0625 
16 21 0.25 
16 31 0.015625 
16 47 0.015625 
16 56 0.0625 
17 14 0.25 
17 24 0.0625 
17 44 0.015625 
17 88 0.25 
17 200 0.015625 
18 14 0.0625 
18 17 0.015625 
18 23 0.0625 
18 117 0.015625 
19 15 0.0625 
19 42 0.0625 
19 132 0.25 
19 137 0.25 
20 12 0.015625 
20 36 0.015625 
20 66 0.0625 
20 162 0.015625 
20 164 0.0625 
20 179 0.015625 
20 183 0.0625 
20 186 0.015625 
21 16 0.0625 
21 22 0.0625 
21 34 0.25 
21 96 0.015625 
21 163 0.25 
22 21 0.25 
22 81 0.0625 
22 94 0.0625 
22 118 0.25 
22 163 0.0625 
23 18 0.25 
23 21 0.25 
23 28 0.25 
23 35 0.0625 
23 37 0.25 
23 40 0.0625 
23 52 0.25 
23 60 0.015625 
23 67 0.0625 
23 72 0.015625 
23 105 0.0625 
23 133 0.0625 
23 147 0.0625 
23 167 0.25 
24 17 0.015625 
24 14 0.015625 
24 25 0.0625 
24 32 0.015625 
24 39 0.0625 
24 74 0.25 
24 86 0.015625 
24 177 0.0625 
25 24 0.015625 
25 65 0.0625 
25 119 0.25 
26 15 0.0625 
26 23 0.015625 
26 29 0.25 
26 33 0.25 
26 43 0.25 
26 44 0.0625 
26 45 0.0625 
26 50 0.015625 
26 109 0.0625 
26 148 0.25 
26 154 0.0625 
26 222 0.0625 
26 223 0.25 
27 12 0.015625 
27 30 0.25 
27 85 0.0625 
28 23 0.015625 
28 156 0.015625 
29 26 0.25 
29 33 0.25 
29 45 0.0625 
29 50 0.0625 
29 117 0.015625 
29 148 0.25 
30 27 0.015625 
30 85 0.015625 
30 172 0.0625 
31 16 0.0625 
31 15 0.0625 
31 18 0.25 
31 97 0.015625 
31 144 0.0625 
32 24 0.015625 
32 74 0.0625 
32 143 0.25 
33 26 0.0625 
33 29 0.25 
33 109 0.25 
34 21 0.0625 
34 38 0.0625 
34 57 0.25 
34 182 0.015625 
35 23 0.015625 
35 40 0.015625 
35 60 0.25 
35 67 0.0625 
35 114 0.015625 
36 20 0.25 
36 41 0.25 
36 114 0.0625 
36 221 0.25 
37 23 0.0625 
37 46 0.25 
37 48 0.25 
37 52 0.25 
37 57 0.0625 
37 68 0.015625 
37 214 0.25 
38 34 0.015625 
38 76 0.015625 
38 122 0.25 
38 157 0.25 
38 220 0.0625 
39 32 0.015625 
39 24 0.015625 
39 74 0.015625 
40 35 0.0625 
40 23 0.015625 
40 52 0.0625 
40 133 0.0625 
41 36 0.25 
41 20 0.015625 
41 77 0.25 
41 92 0.015625 
41 131 0.015625 
41 139 0.0625 
41 165 0.015625 
41 191 0.0625 
41 492 0.25 
42 19 0.015625 
42 144 0.015625 
42 161 0.0625 
43 33 0.0625 
43 26 0.015625 
43 46 0.0625 
43 47 0.0625 
43 62 0.0625 
43 70 0.25 
43 99 0.0625 
43 102 0.0625 
43 103 0.25 
43 116 0.25 
43 135 0.25 
43 158 0.25 
44 17 0.015625 
44 29 0.015625 
44 26 0.0625 
44 33 0.0625 
44 108 0.015625 
44 193 0.25 
44 206 0.25 
45 26 0.25 
45 28 0.25 
45 29 0.015625 
45 33 0.25 
45 63 0.0625 
45 89 0.015625 
45 110 0.25 
45 205 0.015625 
46 37 0.015625 
46 18 0.0625 
46 43 0.015625 
46 47 0.25 
46 53 0.0625 
46 84 0.015625 
46 129 0.25 
46 216 0.25 
47 16 0.25 
47 43 0.0625 
47 46 0.0625 
47 49 0.25 
47 51 0.25 
47 91 0.25 
47 142 0.015625 
47 175 0.015625 
48 37 0.0625 
48 68 0.25 
48 71 0.0625 
48 214 0.0625 
49 47 0.0625 
49 54 0.015625 
49 79 0.25 
49 146 0.25 
49 150 0.25 
49 198 0.0625 
49 256 0.0625 
50 33 0.0625 
50 26 0.0625 
50 29 0.25 
51 47 0.015625 
51 16 0.0625 
51 82 0.25 
51 150 0.25 
52 40 0.0625 
52 37 0.25 
52 23 0.015625 
52 48 0.25 
52 170 0.25 
53 46 0.25 
54 49 0.25 
55 49 0.25 
55 54 0.0625 
55 58 0.0625 
55 79 0.25 
55 91 0.015625 
55 98 0.015625 
55 207 0.0625 
56 15 0.25 
56 16 0.25 
56 83 0.0625 
56 197 0.0625 
57 38 0.25 
57 34 0.015625 
57 37 0.015625 
57 69 0.0625 
57 85 0.015625 
57 124 0.25 
58 55 0.25 
58 79 0.25 
58 96 0.25 
58 98 0.25 
58 207 0.25 
59 13 0.25 
59 14 0.0625 
59 112 0.25 
59 195 0.015625 
59 201 0.015625 
59 217 0.0625 
60 23 0.015625 
60 35 0.0625 
61 43 0.015625 
61 125 0.25 
61 135 0.015625 
61 158 0.015625 
62 43 0.25 
62 116 0.0625 
63 45 0.25 
63 89 0.015625 
63 170 0.0625 
64 58 0.0625 
64 13 0.015625 
64 47 0.25 
64 79 0.25 
64 91 0.25 
64 169 0.25 
64 178 0.015625 
65 13 0.0625 
65 25 0.015625 
65 75 0.015625 
65 93 0.25 
66 12 0.015625 
66 22 0.0625 
66 20 0.015625 
66 80 0.015625 
66 81 0.25 
66 90 0.015625 
66 163 0.25 
66 168 0.0625 
66 176 0.25 
67 35 0.0625 
67 23 0.015625 
67 40 0.0625 
67 114 0.25 
68 37 0.0625 
68 48 0.0625 
68 71 0.25 
69 57 0.25 
70 43 0.015625 
70 37 0.015625 
70 107 0.0625 
70 156 0.0625 
71 68 0.25 
71 37 0.0625 
71 48 0.015625 
71 73 0.25 
71 78 0.015625 
71 189 0.25 
71 196 0.0625 
71 209 0.015625 
71 461 0.015625 
72 23 0.25 
72 35 0.25 
72 113 0.015625 
73 18 0.015625 
73 71 0.25 
73 25 0.0625 
73 100 0.015625 
73 138 0.0625 
73 151 0.0625 
74 24 0.015625 
74 39 0.25 
74 32 0.0625 
74 106 0.015625 
74 121 0.25 
74 143 0.25 
74 177 0.015625 
75 65 0.25 
76 38 0.0625 
76 34 0.0625 
76 94 0.0625 
76 96 0.015625 
76 104 0.0625 
76 115 0.25 
76 145 0.25 
76 155 0.015625 
76 202 0.015625 
76 220 0.25 
76 492 0.0625 
77 41 0.25 
78 71 0.0625 
78 141 0.25 
78 189 0.015625 
78 196 0.015625 
78 209 0.25 
79 64 0.0625 
79 49 0.015625 
79 58 0.25 
79 55 0.25 
79 87 0.25 
79 144 0.25 
80 20 0.0625 
80 36 0.0625 
80 66 0.015625 
80 90 0.015625 
81 22 0.0625 
81 66 0.25 
81 123 0.25 
81 215 0.0625 
82 51 0.25 
82 21 0.25 
82 94 0.25 
82 156 0.25 
83 56 0.015625 
84 46 0.015625 
84 53 0.0625 
84 129 0.015625 
84 216 0.015625 
85 30 0.015625 
85 57 0.015625 
85 27 0.015625 
85 90 0.25 
86 24 0.0625 
86 39 0.25 
86 32 0.015625 
86 93 0.0625 
86 127 0.25 
86 149 0.0625 
86 153 0.0625 
86 159 0.015625 
86 212 0.0625 
87 55 0.25 
87 13 0.015625 
87 79 0.015625 
87 59 0.015625 
87 169 0.25 
87 204 0.015625 
88 17 0.25 
88 59 0.25 
88 14 0.25 
88 152 0.25 
88 188 0.25 
89 45 0.015625 
89 63 0.015625 
90 80 0.25 
90 66 0.25 
90 85 0.0625 
91 47 0.25 
91 55 0.0625 
91 64 0.0625 
92 41 0.25 
92 165 0.0625 
93 65 0.25 
93 86 0.25 
93 42 0.0625 
93 88 0.25 
93 127 0.0625 
93 134 0.015625 
93 160 0.0625 
93 184 0.25 
93 223 0.25 
94 22 0.25 
94 82 0.015625 
94 76 0.25 
94 111 0.0625 
94 163 0.015625 
95 15 0.015625 
95 97 0.25 
95 197 0.0625 
95 204 0.015625 
96 58 0.25 
96 21 0.0625 
96 76 0.25 
96 136 0.0625 
96 181 0.25 
96 210 0.0625 
96 464 0.015625 
97 95 0.25 
97 31 0.015625 
97 65 0.015625 
98 55 0.0625 
98 58 0.015625 
99 43 0.015625 
99 62 0.25 
99 61 0.0625 
99 102 0.0625 
99 103 0.0625 
99 158 0.0625 
100 73 0.0625 
100 256 0.25 
101 47 0.015625 
102 43 0.0625 
102 99 0.25 
102 125 0.0625 
103 43 0.015625 
103 99 0.0625 
103 61 0.015625 
104 76 0.015625 
105 23 0.0625 
105 60 0.0625 
106 24 0.015625 
106 74 0.015625 
106 32 0.0625 
106 121 0.015625 
106 143 0.25 
107 70 0.0625 
108 44 0.25 
108 206 0.25 
109 33 0.0625 
109 26 0.0625 
109 222 0.0625 
110 45 0.015625 
110 63 0.0625 
111 94 0.25 
112 59 0.25 
112 166 0.0625 
112 195 0.015625 
112 201 0.0625 
112 217 0.015625 
113 72 0.015625 
113 120 0.25 
113 124 0.015625 
113 174 0.25 
114 36 0.015625 
114 23 0.015625 
114 35 0.0625 
114 67 0.015625 
114 126 0.0625 
114 128 0.015625 
114 191 0.25 
115 76 0.0625 
116 43 0.0625 
116 99 0.25 
116 62 0.25 
116 103 0.0625 
117 18 0.015625 
117 29 0.25 
117 26 0.015625 
117 33 0.0625 
117 130 0.015625 
117 256 0.0625 
118 22 0.0625 
119 25 0.0625 
120 113 0.015625 
120 174 0.0625 
121 74 0.015625 
121 106 0.0625 
121 13 0.0625 
122 34 0.0625 
122 38 0.015625 
123 81 0.0625 
123 66 0.015625 
124 113 0.0625 
124 120 0.25 
124 57 0.25 
124 140 0.015625 
125 61 0.25 
125 99 0.25 
125 116 0.015625 
125 102 0.0625 
126 114 0.25 
126 128 0.0625 
126 191 0.015625 
127 93 0.015625 
127 86 0.015625 
128 114 0.0625 
128 126 0.0625 
129 46 0.0625 
129 84 0.015625 
129 216 0.25 
130 117 0.25 
131 20 0.015625 
131 41 0.0625 
131 123 0.015625 
131 171 0.015625 
132 19 0.25 
132 137 0.0625 
133 60 0.0625 
133 23 0.015625 
133 35 0.015625 
133 67 0.015625 
133 40 0.015625 
134 93 0.0625 
135 103 0.015625 
135 99 0.25 
135 61 0.015625 
135 43 0.0625 
135 149 0.015625 
135 185 0.015625 
135 194 0.25 
135 219 0.25 
136 96 0.25 
136 181 0.015625 
137 19 0.0625 
137 132 0.015625 
138 73 0.0625 
138 100 0.0625 
139 41 0.0625 
140 124 0.015625 
141 71 0.25 
141 78 0.25 
141 77 0.0625 
141 113 0.0625 
142 47 0.015625 
143 24 0.015625 
143 106 0.25 
143 32 0.0625 
143 74 0.0625 
144 31 0.25 
144 79 0.25 
144 42 0.0625 
145 76 0.25 
145 115 0.015625 
145 104 0.015625 
146 49 0.25 
146 54 0.015625 
147 133 0.25 
147 23 0.25 
147 40 0.0625 
147 263 0.015625 
148 26 0.015625 
148 33 0.25 
148 29 0.015625 
149 135 0.015625 
149 25 0.25 
149 86 0.0625 
149 46 0.0625 
150 51 0.015625 
150 146 0.015625 
150 54 0.0625 
150 96 0.25 
150 49 0.015625 
150 192 0.25 
151 138 0.015625 
151 73 0.25 
151 100 0.25 
152 88 0.0625 
153 86 0.015625 
154 26 0.0625 
154 135 0.0625 
155 76 0.0625 
155 115 0.015625 
155 202 0.015625 
156 82 0.015625 
156 51 0.25 
156 28 0.015625 
156 70 0.25 
157 34 0.25 
157 122 0.25 
157 38 0.0625 
157 180 0.015625 
157 203 0.25 
157 213 0.25 
157 256 0.0625 
158 43 0.25 
158 61 0.25 
158 99 0.015625 
158 62 0.25 
159 86 0.015625 
160 93 0.015625 
160 88 0.25 
160 24 0.0625 
160 173 0.25 
161 42 0.0625 
161 190 0.0625 
162 20 0.25 
163 21 0.25 
163 22 0.25 
163 94 0.015625 
163 66 0.0625 
164 20 0.015625 
165 41 0.0625 
165 92 0.0625 
166 112 0.25 
166 59 0.0625 
167 23 0.25 
167 133 0.0625 
167 464 0.0625 
168 66 0.25 
169 13 0.0625 
169 64 0.015625 
169 87 0.015625 
170 150 0.0625 
170 63 0.25 
170 52 0.015625 
170 40 0.0625 
171 131 0.25 
172 27 0.015625 
172 30 0.015625 
173 160 0.015625 
174 113 0.015625 
174 124 0.0625 
174 120 0.015625 
175 47 0.25 
176 66 0.25 
176 168 0.015625 
177 74 0.015625 
177 24 0.0625 
177 106 0.0625 
178 13 0.25 
178 64 0.0625 
178 199 0.25 
179 20 0.015625 
179 162 0.0625 
179 183 0.0625 
180 157 0.015625 
181 96 0.0625 
181 136 0.015625 
182 34 0.015625 
182 122 0.25 
182 38 0.0625 
182 94 0.25 
182 203 0.25 
182 492 0.0625 
183 179 0.0625 
183 20 0.015625 
183 162 0.015625 
183 186 0.0625 
184 93 0.25 
185 135 0.25 
186 20 0.25 
186 183 0.0625 
186 162 0.015625 
187 81 0.015625 
188 88 0.015625 
189 71 0.25 
189 78 0.015625 
189 196 0.0625 
190 161 0.25 
190 137 0.015625 
190 93 0.0625 
190 65 0.0625 
190 75 0.0625 
191 41 0.25 
191 126 0.015625 
191 68 0.25 
191 114 0.25 
191 211 0.0625 
192 150 0.015625 
193 44 0.25 
194 185 0.0625 
194 135 0.0625 
195 59 0.0625 
195 178 0.015625 
195 79 0.015625 
195 112 0.015625 
196 78 0.0625 
196 189 0.25 
196 71 0.25 
197 95 0.015625 
197 56 0.015625 
198 49 0.0625 
198 54 0.25 
199 178 0.015625 
200 14 0.0625 
200 17 0.25 
201 59 0.0625 
201 112 0.25 
201 217 0.015625 
202 76 0.015625 
202 155 0.0625 
203 157 0.0625 
203 21 0.0625 
203 182 0.0625 
204 95 0.0625 
204 87 0.0625 
205 45 0.015625 
205 63 0.015625 
206 44 0.25 
206 108 0.0625 
207 58 0.25 
207 55 0.25 
208 131 0.25 
209 71 0.0625 
209 78 0.25 
210 96 0.015625 
211 191 0.25 
212 86 0.0625 
212 159 0.25 
212 481 0.25 
213 157 0.015625 
213 180 0.015625 
214 48 0.25 
214 37 0.0625 
215 81 0.015625 
216 129 0.25 
216 46 0.015625 
216 84 0.25 
217 59 0.25 
217 112 0.25 
217 201 0.0625 
218 13 0.25 
219 135 0.0625 
220 122 0.25 
220 38 0.25 
220 34 0.0625 
220 76 0.015625 
221 36 0.015625 
222 109 0.015625 
222 29 0.25 
222 26 0.015625 
223 26 0.015625 
223 47 0.0625 
223 58 0.25 
223 93 0.25 
223 146 0.015625 
223 224 0.25 
223 225 0.015625 
224 223 0.015625 
224 231 0.0625 
224 233 0.25 
224 237 0.0625 
225 223 0.0625 
225 227 0.25 
225 228 0.015625 
225 230 0.015625 
225 232 0.25 
226 225 0.015625 
226 232 0.25 
226 236 0.015625 
227 225 0.015625 
227 229 0.0625 
228 225 0.015625 
229 227 0.25 
229 235 0.015625 
230 225 0.015625 
230 228 0.0625 
231 224 0.0625 
231 234 0.25 
232 225 0.015625 
232 226 0.0625 
233 224 0.015625 
234 231 0.0625 
235 229 0.25 
236 226 0.015625 
237 224 0.015625 
238 29 0.0625 
238 194 0.0625 
238 70 0.0625 
238 103 0.015625 
238 33 0.0625 
238 239 0.0625 
238 240 0.0625 
238 242 0.015625 
238 247 0.25 
238 254 0.015625 
238 261 0.25 
239 238 0.015625 
239 241 0.015625 
239 244 0.25 
239 246 0.015625 
239 251 0.0625 
240 238 0.015625 
240 247 0.25 
240 248 0.015625 
240 255 0.015625 
241 239 0.0625 
241 245 0.25 
242 238 0.015625 
242 243 0.25 
242 250 0.015625 
243 242 0.015625 
244 239 0.0625 
244 249 0.25 
245 241 0.0625 
246 239 0.25 
247 240 0.015625 
247 238 0.015625 
248 240 0.0625 
248 238 0.015625 
249 244 0.25 
249 252 0.0625 
250 242 0.015625 
251 239 0.25 
251 243 0.0625 
252 249 0.0625 
252 253 0.0625 
253 252 0.25 
254 238 0.0625 
255 240 0.0625 
256 49 0.0625 
256 5 0.25 
256 157 0.0625 
256 100 0.015625 
256 117 0.015625 
256 257 0.25 
256 258 0.0625 
257 256 0.015625 
257 260 0.25 
258 256 0.0625 
258 259 0.25 
258 260 0.25 
259 258 0.015625 
260 258 0.015625 
260 257 0.25 
261 109 0.015625 
261 37 0.015625 
261 231 0.25 
261 238 0.0625 
261 46 0.25 
261 262 0.0625 
262 261 0.25 
263 46 0.0625 
263 40 0.015625 
263 48 0.015625 
263 225 0.25 
263 147 0.015625 
263 266 0.0625 
263 267 0.015625 
263 268 0.015625 
263 275 0.0625 
263 276 0.0625 
263 281 0.25 
263 287 0.25 
263 289 0.25 
263 294 0.0625 
263 307 0.015625 
263 350 0.0625 
263 372 0.015625 
264 263 0.015625 
264 265 0.015625 
264 280 0.0625 
264 290 0.015625 
264 291 0.0625 
264 304 0.0625 
264 306 0.25 
264 315 0.0625 
264 316 0.25 
264 321 0.015625 
264 410 0.0625 
265 264 0.0625 
265 290 0.25 
265 344 0.015625 
265 388 0.25 
266 263 0.0625 
266 271 0.0625 
266 285 0.015625 
266 286 0.015625 
266 332 0.015625 
266 342 0.0625 
266 367 0.0625 
266 423 0.25 
266 425 0.015625 
267 263 0.015625 
267 270 0.25 
267 272 0.25 
267 443 0.0625 
268 265 0.25 
268 263 0.25 
268 269 0.015625 
268 272 0.015625 
268 274 0.25 
268 288 0.0625 
268 334 0.0625 
268 365 0.015625 
268 428 0.0625 
269 268 0.015625 
269 270 0.0625 
269 286 0.0625 
269 379 0.0625 
269 448 0.015625 
269 460 0.25 
270 269 0.0625 
270 267 0.25 
270 295 0.25 
271 266 0.0625 
271 278 0.25 
271 286 0.015625 
271 326 0.25 
271 332 0.015625 
271 367 0.015625 
271 423 0.25 
271 425 0.0625 
272 267 0.015625 
272 268 0.0625 
272 273 0.015625 
272 297 0.25 
272 340 0.015625 
272 353 0.0625 
272 464 0.25 
273 272 0.0625 
273 274 0.015625 
273 297 0.015625 
273 309 0.015625 
273 335 0.25 
273 433 0.0625 
274 273 0.0625 
274 268 0.25 
274 284 0.0625 
274 334 0.25 
274 403 0.015625 
275 263 0.25 
275 265 0.25 
275 277 0.25 
275 299 0.0625 
275 356 0.25 
275 380 0.25 
275 406 0.0625 
276 263 0.25 
276 285 0.25 
276 294 0.015625 
276 347 0.25 
276 387 0.25 
277 275 0.25 
277 270 0.25 
277 301 0.25 
277 313 0.0625 
277 358 0.25 
277 395 0.0625 
278 271 0.015625 
278 266 0.25 
278 286 0.0625 
278 289 0.25 
278 332 0.015625 
278 461 0.0625 
279 273 0.0625 
279 272 0.0625 
279 282 0.25 
279 283 0.25 
279 361 0.015625 
279 362 0.015625 
279 420 0.015625 
280 264 0.25 
280 316 0.25 
280 396 0.015625 
280 417 0.25 
280 444 0.25 
281 263 0.25 
281 354 0.015625 
282 279 0.25 
282 284 0.015625 
282 292 0.0625 
282 310 0.015625 
282 360 0.0625 
283 279 0.0625 
283 311 0.25 
283 335 0.0625 
283 430 0.25 
284 267 0.25 
284 274 0.015625 
284 282 0.0625 
284 302 0.0625 
284 319 0.015625 
284 481 0.0625 
285 271 0.25 
285 276 0.0625 
285 266 0.0625 
285 387 0.015625 
285 421 0.015625 
285 440 0.0625 
285 444 0.25 
286 266 0.015625 
286 269 0.25 
286 271 0.25 
286 278 0.25 
287 263 0.25 
287 305 0.25 
287 318 0.25 
287 337 0.25 
287 377 0.015625 
287 380 0.25 
288 268 0.25 
288 273 0.25 
288 327 0.015625 
288 359 0.015625 
288 371 0.25 
288 386 0.0625 
288 389 0.0625 
288 431 0.25 
288 436 0.25 
289 263 0.0625 
289 278 0.25 
289 293 0.0625 
289 299 0.0625 
289 345 0.0625 
289 380 0.0625 
289 397 0.25 
289 424 0.25 
290 265 0.015625 
290 264 0.0625 
290 365 0.0625 
290 459 0.25 
291 264 0.015625 
291 378 0.0625 
291 429 0.25 
292 282 0.015625 
292 328 0.25 
292 329 0.015625 
292 404 0.25 
293 289 0.015625 
293 323 0.25 
293 394 0.25 
293 442 0.015625 
294 276 0.015625 
294 263 0.015625 
294 290 0.015625 
294 265 0.015625 
294 300 0.25 
294 325 0.015625 
294 375 0.0625 
294 406 0.25 
295 270 0.015625 
296 265 0.0625 
296 288 0.0625 
296 269 0.25 
296 338 0.25 
296 384 0.015625 
297 273 0.0625 
297 272 0.0625 
297 335 0.0625 
298 267 0.25 
299 275 0.015625 
299 289 0.25 
299 307 0.25 
299 346 0.25 
299 382 0.25 
300 294 0.0625 
300 355 0.015625 
301 277 0.25 
301 308 0.0625 
301 311 0.25 
302 284 0.0625 
302 303 0.25 
302 333 0.015625 
303 302 0.015625 
303 312 0.0625 
304 265 0.015625 
304 264 0.015625 
305 287 0.0625 
305 318 0.0625 
305 337 0.015625 
306 264 0.25 
306 321 0.015625 
306 324 0.25 
306 336 0.015625 
306 402 0.015625 
306 417 0.25 
307 263 0.0625 
307 299 0.0625 
307 350 0.25 
307 351 0.25 
307 401 0.25 
307 450 0.015625 
308 301 0.015625 
308 413 0.25 
309 273 0.015625 
309 297 0.0625 
309 335 0.25 
309 433 0.0625 
310 282 0.25 
310 314 0.015625 
311 283 0.0625 
311 301 0.015625 
312 303 0.0625 
312 314 0.25 
312 381 0.015625 
313 277 0.015625 
313 358 0.0625 
314 282 0.25 
314 310 0.25 
314 312 0.015625 
314 330 0.0625 
314 432 0.25 
315 264 0.25 
316 280 0.25 
316 264 0.0625 
316 317 0.0625 
316 321 0.25 
316 322 0.015625 
317 316 0.015625 
317 352 0.0625 
318 287 0.0625 
318 305 0.0625 
318 343 0.0625 
319 284 0.25 
319 320 0.25 
319 326 0.015625 
319 349 0.015625 
319 370 0.25 
319 446 0.015625 
319 481 0.015625 
320 319 0.015625 
320 326 0.015625 
320 370 0.0625 
320 446 0.25 
321 306 0.25 
321 264 0.25 
321 316 0.0625 
321 322 0.015625 
321 339 0.015625 
322 316 0.015625 
322 318 0.0625 
322 321 0.015625 
322 366 0.015625 
323 293 0.0625 
323 394 0.015625 
323 442 0.015625 
323 452 0.25 
324 304 0.25 
324 306 0.015625 
324 364 0.015625 
325 267 0.25 
325 294 0.015625 
326 271 0.015625 
326 266 0.25 
326 319 0.0625 
326 320 0.25 
326 398 0.0625 
327 288 0.015625 
328 292 0.25 
328 329 0.015625 
328 404 0.015625 
329 328 0.25 
329 292 0.0625 
329 348 0.25 
329 362 0.0625 
329 369 0.25 
329 404 0.015625 
330 314 0.015625 
330 311 0.015625 
330 451 0.015625 
331 291 0.0625 
331 318 0.25 
331 393 0.0625 
331 458 0.25 
332 271 0.25 
332 266 0.015625 
332 278 0.015625 
332 342 0.25 
333 302 0.0625 
333 399 0.015625 
334 274 0.0625 
334 268 0.0625 
334 341 0.015625 
334 392 0.25 
334 422 0.015625 
335 309 0.0625 
335 273 0.0625 
335 297 0.0625 
335 283 0.25 
335 376 0.25 
335 427 0.015625 
336 324 0.0625 
336 306 0.015625 
336 363 0.015625 
336 438 0.015625 
337 287 0.0625 
337 305 0.015625 
338 296 0.015625 
338 384 0.015625 
339 321 0.0625 
340 273 0.0625 
340 297 0.0625 
340 272 0.0625 
340 353 0.25 
340 456 0.0625 
341 334 0.015625 
341 392 0.25 
342 266 0.015625 
342 332 0.25 
342 263 0.015625 
342 412 0.015625 
342 415 0.015625 
342 418 0.0625 
342 454 0.015625 
343 318 0.25 
343 357 0.0625 
344 265 0.25 
344 388 0.015625 
345 289 0.25 
345 397 0.015625 
346 299 0.25 
346 293 0.25 
346 307 0.0625 
346 408 0.015625 
347 276 0.015625 
347 447 0.0625 
348 329 0.0625 
348 292 0.25 
348 351 0.25 
348 362 0.015625 
348 400 0.015625 
349 319 0.0625 
349 405 0.015625 
350 263 0.25 
350 293 0.015625 
350 307 0.015625 
350 385 0.0625 
350 418 0.0625 
350 435 0.25 
350 453 0.0625 
351 307 0.0625 
351 348 0.0625 
352 317 0.015625 
353 272 0.25 
353 296 0.25 
353 340 0.015625 
353 273 0.015625 
353 368 0.015625 
353 379 0.25 
353 391 0.015625 
353 456 0.015625 
354 281 0.25 
355 300 0.0625 
355 325 0.015625 
355 346 0.0625 
355 277 0.25 
355 419 0.0625 
356 275 0.0625 
357 318 0.0625 
357 343 0.25 
358 313 0.0625 
358 277 0.015625 
358 373 0.25 
358 447 0.0625 
359 288 0.015625 
359 371 0.015625 
359 389 0.25 
359 431 0.0625 
359 436 0.25 
360 282 0.015625 
360 310 0.25 
360 409 0.25 
361 279 0.0625 
362 329 0.25 
362 279 0.015625 
362 330 0.015625 
362 348 0.015625 
363 336 0.25 
364 324 0.0625 
364 336 0.015625 
365 290 0.0625 
365 268 0.015625 
365 414 0.25 
365 439 0.25 
366 322 0.015625 
366 393 0.25 
367 266 0.015625 
367 271 0.0625 
367 332 0.25 
368 353 0.0625 
368 391 0.25 
368 456 0.015625 
369 329 0.25 
369 292 0.0625 
370 319 0.25 
370 320 0.015625 
370 446 0.0625 
371 359 0.015625 
371 288 0.015625 
371 389 0.25 
372 263 0.015625 
372 411 0.25 
373 276 0.015625 
373 358 0.015625 
373 374 0.015625 
373 406 0.25 
373 407 0.25 
374 373 0.0625 
375 294 0.0625 
376 335 0.015625 
377 287 0.0625 
377 342 0.0625 
377 383 0.25 
377 457 0.0625 
378 291 0.015625 
379 269 0.0625 
379 353 0.25 
379 268 0.015625 
379 437 0.25 
379 441 0.015625 
380 289 0.015625 
380 275 0.015625 
380 287 0.0625 
381 312 0.0625 
381 419 0.0625 
382 299 0.25 
383 377 0.0625 
383 457 0.0625 
384 296 0.0625 
384 338 0.25 
384 455 0.015625 
385 350 0.25 
385 349 0.25 
385 351 0.0625 
385 390 0.015625 
386 288 0.0625 
386 445 0.015625 
387 276 0.015625 
387 285 0.25 
387 422 0.015625 
387 426 0.015625 
388 344 0.015625 
388 265 0.25 
388 296 0.0625 
389 359 0.25 
389 386 0.25 
389 288 0.015625 
389 371 0.015625 
390 385 0.25 
391 353 0.015625 
391 368 0.0625 
392 334 0.0625 
392 341 0.015625 
393 366 0.015625 
393 331 0.0625 
393 318 0.25 
394 293 0.015625 
394 323 0.015625 
395 277 0.015625 
395 373 0.25 
395 413 0.015625 
396 280 0.0625 
397 289 0.25 
397 345 0.015625 
397 424 0.015625 
398 326 0.25 
399 333 0.0625 
399 302 0.25 
400 348 0.0625 
401 307 0.0625 
402 306 0.015625 
403 274 0.015625 
404 329 0.0625 
404 292 0.0625 
404 328 0.015625 
405 349 0.25 
406 373 0.25 
406 294 0.015625 
406 275 0.015625 
407 373 0.015625 
408 346 0.0625 
409 310 0.0625 
409 282 0.015625 
409 360 0.0625 
410 264 0.25 
410 365 0.015625 
410 416 0.015625 
411 372 0.25 
411 263 0.015625 
412 342 0.0625 
412 454 0.0625 
413 311 0.0625 
413 308 0.015625 
413 395 0.015625 
413 392 0.25 
414 365 0.0625 
414 439 0.015625 
415 342 0.015625 
416 304 0.0625 
416 410 0.25 
417 280 0.0625 
417 374 0.0625 
417 331 0.0625 
417 321 0.015625 
417 306 0.015625 
418 349 0.25 
418 342 0.25 
418 350 0.25 
418 449 0.25 
419 381 0.015625 
419 355 0.015625 
420 279 0.015625 
421 266 0.015625 
421 285 0.015625 
421 334 0.25 
422 421 0.25 
422 387 0.0625 
422 334 0.0625 
423 367 0.0625 
423 266 0.0625 
423 377 0.0625 
423 271 0.0625 
423 434 0.015625 
424 397 0.25 
424 289 0.25 
424 461 0.25 
425 271 0.0625 
425 266 0.015625 
425 332 0.25 
426 387 0.0625 
427 335 0.015625 
428 268 0.25 
429 291 0.015625 
430 283 0.015625 
431 288 0.25 
431 359 0.015625 
432 314 0.25 
433 273 0.25 
433 272 0.25 
433 309 0.25 
434 423 0.015625 
435 350 0.25 
435 453 0.25 
436 288 0.0625 
436 359 0.25 
436 386 0.0625 
436 389 0.25 
436 371 0.015625 
437 379 0.0625 
437 441 0.25 
438 336 0.0625 
439 414 0.015625 
439 365 0.25 
440 285 0.25 
441 379 0.015625 
441 437 0.25 
442 293 0.015625 
442 323 0.25 
442 394 0.015625 
442 452 0.0625 
443 267 0.25 
443 298 0.015625 
443 419 0.015625 
444 285 0.25 
444 280 0.015625 
445 288 0.0625 
445 386 0.0625 
445 389 0.015625 
446 319 0.25 
446 320 0.25 
446 370 0.015625 
447 285 0.0625 
447 347 0.015625 
447 440 0.0625 
447 358 0.0625 
448 269 0.25 
448 460 0.25 
449 418 0.0625 
450 307 0.25 
451 330 0.015625 
452 442 0.0625 
452 323 0.0625 
452 394 0.0625 
452 293 0.25 
453 350 0.015625 
453 435 0.25 
454 342 0.015625 
454 412 0.25 
455 388 0.0625 
455 270 0.015625 
455 296 0.015625 
455 327 0.25 
455 384 0.015625 
456 353 0.0625 
456 368 0.015625 
456 340 0.25 
457 377 0.015625 
457 383 0.25 
458 331 0.0625 
459 290 0.25 
459 479 0.015625 
460 269 0.0625 
460 448 0.015625 
461 421 0.25 
461 278 0.015625 
461 15 0.25 
461 71 0.25 
461 424 0.25 
461 462 0.015625 
461 463 0.25 
462 461 0.015625 
462 463 0.25 
463 461 0.0625 
463 462 0.25 
464 34 0.0625 
464 96 0.25 
464 338 0.015625 
464 167 0.0625 
464 272 0.0625 
464 466 0.015625 
464 467 0.015625 
464 468 0.015625 
464 469 0.0625 
464 470 0.015625 
464 476 0.015625 
465 464 0.0625 
466 464 0.25 
466 471 0.015625 
466 475 0.015625 
467 464 0.015625 
467 473 0.015625 
468 464 0.25 
468 469 0.0625 
468 477 0.0625 
469 468 0.25 
469 464 0.0625 
469 472 0.0625 
469 474 0.0625 
470 464 0.0625 
470 476 0.25 
471 465 0.0625 
471 466 0.0625 
471 475 0.015625 
472 469 0.0625 
472 478 0.0625 
473 467 0.015625 
474 469 0.25 
475 466 0.25 
475 471 0.25 
475 464 0.0625 
476 464 0.25 
476 470 0.25 
477 468 0.25 
478 472 0.015625 
478 476 0.0625 
479 305 0.015625 
479 230 0.015625 
479 459 0.015625 
479 22 0.0625 
479 439 0.0625 
479 480 0.25 
480 479 0.25 
481 319 0.015625 
481 212 0.0625 
481 112 0.0625 
481 284 0.015625 
481 482 0.015625 
481 489 0.0625 
482 481 0.0625 
482 483 0.25 
482 484 0.0625 
482 485 0.0625 
482 490 0.0625 
483 482 0.0625 
483 488 0.015625 
484 482 0.25 
484 490 0.0625 
485 482 0.0625 
485 486 0.0625 
486 485 0.015625 
486 482 0.25 
487 483 0.015625 
488 485 0.015625 
488 483 0.015625 
489 481 0.0625 
490 482 0.015625 
490 484 0.0625 
490 491 0.0625 
491 490 0.0625 
492 41 0.0625 
492 182 0.015625 
492 76 0.25 
492 68 0.0625 
492 493 0.0625 
492 498 0.25 
493 492 0.0625 
493 494 0.015625 
493 497 0.015625 
494 493 0.25 
494 492 0.015625 
494 496 0.015625 
494 498 0.015625 
495 493 0.0625 
496 494 0.25 
497 495 0.015625 
497 493 0.015625 
497 494 0.015625 
497 499 0.0625 
498 492 0.25 
498 494 0.0625 
498 496 0.015625 
499 497 0.25 
