500
0 1 0.125
0 2 0.125
1 0 0.125
1 3 0.125
2 0 0.125
2 4 0.125
2 5 0.125
3 1 0.125
4 2 0.125
5 2 0.125
5 1 0.125
5 6 0.125
5 7 0.125
5 10 0.125
6 5 0.125
6 8 0.125
6 9 0.125
6 11 0.125
6 12 0.125
7 5 0.125
8 6 0.125
8 9 0.125
9 6 0.125
9 8 0.125
9 10 0.125
10 9 0.125
10 5 0.125
11 6 0.125
12 11 0.125
12 5 0.125
12 9 0.125
12 6 0.125
12 13 0.125
12 14 0.125
12 19 0.125
12 43 0.125
12 69 0.125
12 154 0.125
12 168 0.125
12 192 0.125
12 238 0.125
13 12 0.125
13 17 0.125
13 18 0.125
13 24 0.125
13 33 0.125
13 39 0.125
13 55 0.125
13 63 0.125
13 68 0.125
13 75 0.125
13 102 0.125
13 104 0.125
13 124 0.125
13 158 0.125
14 12 0.125
14 15 0.125
14 20 0.125
14 27 0.125
14 30 0.125
14 31 0.125
14 37 0.125
14 201 0.125
15 14 0.125
15 16 0.125
15 22 0.125
15 27 0.125
15 31 0.125
15 37 0.125
15 143 0.125
15 147 0.125
16 14 0.125
16 15 0.125
16 46 0.125
16 106 0.125
16 176 0.125
17 13 0.125
17 18 0.125
17 21 0.125
17 26 0.125
17 33 0.125
17 59 0.125
17 73 0.125
17 79 0.125
17 125 0.125
17 134 0.125
17 141 0.125
17 171 0.125
17 197 0.125
17 199 0.125
18 13 0.125
18 17 0.125
18 23 0.125
18 45 0.125
18 56 0.125
18 94 0.125
18 96 0.125
18 117 0.125
18 122 0.125
18 135 0.125
18 185 0.125
18 256 0.125
19 12 0.125
19 38 0.125
19 155 0.125
19 162 0.125
20 14 0.125
20 15 0.125
20 65 0.125
20 151 0.125
20 198 0.125
21 13 0.125
21 17 0.125
21 24 0.125
21 29 0.125
21 34 0.125
21 55 0.125
21 95 0.125
21 97 0.125
21 103 0.125
21 112 0.125
21 136 0.125
22 15 0.125
22 14 0.125
22 26 0.125
22 28 0.125
22 30 0.125
22 90 0.125
23 18 0.125
23 77 0.125
23 156 0.125
23 464 0.125
24 13 0.125
24 21 0.125
24 40 0.125
24 42 0.125
24 170 0.125
24 172 0.125
25 20 0.125
25 41 0.125
25 101 0.125
25 163 0.125
25 183 0.125
26 17 0.125
26 22 0.125
27 15 0.125
27 14 0.125
27 36 0.125
27 61 0.125
27 159 0.125
28 22 0.125
28 40 0.125
29 21 0.125
29 32 0.125
30 14 0.125
30 22 0.125
30 40 0.125
30 49 0.125
30 118 0.125
30 150 0.125
31 14 0.125
31 15 0.125
32 29 0.125
32 34 0.125
32 54 0.125
32 78 0.125
32 112 0.125
33 17 0.125
33 19 0.125
33 13 0.125
33 35 0.125
33 43 0.125
33 47 0.125
33 165 0.125
33 196 0.125
33 218 0.125
33 223 0.125
34 21 0.125
34 24 0.125
34 32 0.125
34 29 0.125
34 37 0.125
34 67 0.125
34 71 0.125
34 85 0.125
34 143 0.125
35 33 0.125
35 51 0.125
35 72 0.125
35 80 0.125
35 97 0.125
35 116 0.125
35 129 0.125
35 181 0.125
35 206 0.125
36 27 0.125
36 20 0.125
36 48 0.125
36 61 0.125
36 123 0.125
36 163 0.125
36 167 0.125
36 221 0.125
37 34 0.125
37 14 0.125
37 15 0.125
37 35 0.125
37 76 0.125
37 85 0.125
37 184 0.125
37 214 0.125
37 238 0.125
38 19 0.125
38 44 0.125
38 47 0.125
38 58 0.125
38 77 0.125
38 120 0.125
38 121 0.125
38 187 0.125
39 13 0.125
39 17 0.125
39 52 0.125
39 84 0.125
39 138 0.125
39 153 0.125
39 164 0.125
39 169 0.125
39 191 0.125
39 216 0.125
40 30 0.125
40 15 0.125
40 28 0.125
40 24 0.125
40 95 0.125
40 115 0.125
40 160 0.125
40 195 0.125
40 210 0.125
41 25 0.125
41 111 0.125
41 183 0.125
42 24 0.125
42 172 0.125
43 12 0.125
43 33 0.125
43 83 0.125
43 131 0.125
43 154 0.125
44 18 0.125
44 23 0.125
44 38 0.125
44 53 0.125
44 60 0.125
44 87 0.125
44 100 0.125
44 149 0.125
44 175 0.125
44 194 0.125
45 18 0.125
45 56 0.125
45 93 0.125
45 98 0.125
45 108 0.125
45 117 0.125
45 220 0.125
46 16 0.125
46 157 0.125
47 33 0.125
47 38 0.125
47 77 0.125
47 146 0.125
47 202 0.125
48 36 0.125
48 70 0.125
48 163 0.125
48 221 0.125
49 30 0.125
50 24 0.125
50 13 0.125
50 42 0.125
50 85 0.125
50 107 0.125
50 132 0.125
50 142 0.125
51 35 0.125
51 89 0.125
51 90 0.125
52 39 0.125
52 77 0.125
52 84 0.125
52 138 0.125
52 191 0.125
52 216 0.125
53 44 0.125
53 57 0.125
53 60 0.125
53 66 0.125
53 81 0.125
53 82 0.125
53 100 0.125
53 109 0.125
54 32 0.125
54 29 0.125
55 21 0.125
55 17 0.125
55 13 0.125
55 88 0.125
55 212 0.125
56 44 0.125
56 45 0.125
56 18 0.125
56 209 0.125
57 53 0.125
57 127 0.125
58 38 0.125
58 120 0.125
58 187 0.125
59 17 0.125
59 62 0.125
59 74 0.125
59 88 0.125
59 126 0.125
59 189 0.125
60 53 0.125
60 44 0.125
60 204 0.125
61 27 0.125
61 36 0.125
61 14 0.125
61 86 0.125
61 148 0.125
61 152 0.125
61 217 0.125
62 59 0.125
62 64 0.125
62 81 0.125
62 211 0.125
62 219 0.125
63 13 0.125
63 68 0.125
64 62 0.125
65 20 0.125
65 198 0.125
66 53 0.125
67 34 0.125
68 63 0.125
68 13 0.125
69 12 0.125
69 192 0.125
70 48 0.125
70 36 0.125
70 123 0.125
70 167 0.125
70 221 0.125
71 34 0.125
71 67 0.125
71 41 0.125
71 133 0.125
72 35 0.125
73 17 0.125
74 59 0.125
74 126 0.125
75 13 0.125
75 104 0.125
76 61 0.125
76 37 0.125
76 184 0.125
77 52 0.125
77 23 0.125
77 47 0.125
77 19 0.125
77 38 0.125
77 127 0.125
77 190 0.125
78 32 0.125
78 29 0.125
79 17 0.125
79 134 0.125
79 141 0.125
79 199 0.125
80 35 0.125
80 72 0.125
80 116 0.125
80 181 0.125
80 206 0.125
81 66 0.125
81 62 0.125
81 53 0.125
81 130 0.125
81 161 0.125
82 53 0.125
82 45 0.125
83 43 0.125
83 127 0.125
84 52 0.125
84 39 0.125
84 164 0.125
84 216 0.125
85 50 0.125
85 37 0.125
85 34 0.125
85 99 0.125
85 112 0.125
85 131 0.125
85 179 0.125
86 61 0.125
86 99 0.125
87 44 0.125
87 128 0.125
87 137 0.125
87 144 0.125
88 59 0.125
88 55 0.125
89 51 0.125
89 47 0.125
90 22 0.125
90 51 0.125
90 28 0.125
90 193 0.125
91 85 0.125
91 86 0.125
91 177 0.125
91 215 0.125
92 12 0.125
92 26 0.125
92 19 0.125
93 45 0.125
94 18 0.125
95 21 0.125
95 17 0.125
95 40 0.125
95 178 0.125
95 186 0.125
95 208 0.125
96 18 0.125
96 135 0.125
97 32 0.125
97 21 0.125
97 35 0.125
97 116 0.125
97 129 0.125
98 45 0.125
98 108 0.125
99 85 0.125
99 86 0.125
99 114 0.125
100 53 0.125
100 57 0.125
100 44 0.125
100 113 0.125
101 25 0.125
101 111 0.125
101 143 0.125
101 179 0.125
101 183 0.125
102 55 0.125
102 13 0.125
102 77 0.125
102 47 0.125
102 105 0.125
103 21 0.125
104 13 0.125
104 75 0.125
104 110 0.125
104 119 0.125
104 140 0.125
104 203 0.125
104 207 0.125
105 102 0.125
105 97 0.125
106 16 0.125
106 176 0.125
107 50 0.125
107 139 0.125
108 45 0.125
108 98 0.125
108 220 0.125
109 53 0.125
109 66 0.125
110 104 0.125
110 481 0.125
111 25 0.125
111 41 0.125
111 101 0.125
111 163 0.125
111 183 0.125
112 21 0.125
112 34 0.125
112 32 0.125
112 85 0.125
112 139 0.125
112 145 0.125
113 100 0.125
113 162 0.125
114 99 0.125
114 12 0.125
115 40 0.125
115 160 0.125
116 97 0.125
116 35 0.125
116 80 0.125
116 165 0.125
117 18 0.125
117 23 0.125
117 45 0.125
117 156 0.125
118 30 0.125
118 49 0.125
119 104 0.125
119 110 0.125
119 140 0.125
119 203 0.125
119 207 0.125
120 58 0.125
120 38 0.125
121 38 0.125
121 137 0.125
122 64 0.125
122 18 0.125
122 82 0.125
122 166 0.125
122 256 0.125
123 70 0.125
123 36 0.125
124 13 0.125
125 17 0.125
125 79 0.125
125 171 0.125
126 59 0.125
126 74 0.125
127 23 0.125
127 77 0.125
127 60 0.125
127 57 0.125
127 83 0.125
128 87 0.125
128 144 0.125
129 80 0.125
129 35 0.125
129 97 0.125
129 89 0.125
130 81 0.125
131 85 0.125
131 43 0.125
132 50 0.125
132 107 0.125
132 142 0.125
133 71 0.125
134 17 0.125
134 79 0.125
135 18 0.125
135 96 0.125
135 185 0.125
136 103 0.125
136 21 0.125
137 87 0.125
137 121 0.125
138 39 0.125
138 52 0.125
138 84 0.125
139 97 0.125
139 107 0.125
139 112 0.125
139 50 0.125
139 461 0.125
140 104 0.125
140 110 0.125
140 119 0.125
140 203 0.125
140 207 0.125
141 17 0.125
141 79 0.125
142 107 0.125
142 132 0.125
142 50 0.125
142 223 0.125
143 34 0.125
143 15 0.125
143 101 0.125
143 179 0.125
144 87 0.125
144 128 0.125
145 112 0.125
146 47 0.125
147 15 0.125
147 14 0.125
148 61 0.125
148 152 0.125
148 217 0.125
149 44 0.125
150 30 0.125
150 118 0.125
151 20 0.125
151 65 0.125
151 198 0.125
152 61 0.125
152 148 0.125
153 39 0.125
153 52 0.125
153 138 0.125
153 84 0.125
154 12 0.125
154 43 0.125
155 19 0.125
156 117 0.125
156 23 0.125
157 46 0.125
158 13 0.125
159 27 0.125
160 40 0.125
160 115 0.125
161 59 0.125
161 81 0.125
161 126 0.125
161 213 0.125
162 113 0.125
162 19 0.125
163 25 0.125
163 101 0.125
163 36 0.125
163 48 0.125
163 111 0.125
163 174 0.125
163 182 0.125
164 52 0.125
164 39 0.125
164 84 0.125
165 33 0.125
165 116 0.125
165 180 0.125
166 122 0.125
167 70 0.125
167 36 0.125
167 48 0.125
168 12 0.125
169 164 0.125
169 39 0.125
170 24 0.125
171 134 0.125
171 17 0.125
171 125 0.125
172 42 0.125
172 170 0.125
172 24 0.125
173 12 0.125
173 168 0.125
174 163 0.125
175 44 0.125
175 263 0.125
176 16 0.125
176 106 0.125
176 184 0.125
177 91 0.125
178 95 0.125
178 186 0.125
179 143 0.125
179 85 0.125
179 101 0.125
179 14 0.125
180 165 0.125
181 35 0.125
181 80 0.125
182 163 0.125
183 111 0.125
183 101 0.125
183 25 0.125
183 41 0.125
184 176 0.125
184 37 0.125
184 76 0.125
185 18 0.125
185 135 0.125
186 178 0.125
186 95 0.125
187 58 0.125
187 38 0.125
188 57 0.125
189 84 0.125
189 52 0.125
189 104 0.125
189 39 0.125
189 59 0.125
190 77 0.125
191 39 0.125
191 52 0.125
191 84 0.125
192 69 0.125
192 12 0.125
193 90 0.125
194 44 0.125
194 175 0.125
195 115 0.125
195 40 0.125
195 160 0.125
196 33 0.125
197 17 0.125
197 125 0.125
197 134 0.125
198 65 0.125
198 20 0.125
198 151 0.125
199 17 0.125
199 79 0.125
200 102 0.125
201 14 0.125
201 15 0.125
201 147 0.125
202 47 0.125
202 146 0.125
203 104 0.125
203 119 0.125
203 140 0.125
204 60 0.125
205 26 0.125
206 72 0.125
206 35 0.125
206 80 0.125
207 119 0.125
207 203 0.125
207 104 0.125
207 110 0.125
207 140 0.125
208 186 0.125
208 95 0.125
209 56 0.125
210 40 0.125
211 62 0.125
211 261 0.125
212 55 0.125
213 161 0.125
214 37 0.125
215 91 0.125
216 84 0.125
216 39 0.125
216 191 0.125
216 52 0.125
217 61 0.125
217 148 0.125
218 33 0.125
218 51 0.125
218 187 0.125
219 62 0.125
219 211 0.125
220 108 0.125
220 45 0.125
221 48 0.125
221 70 0.125
221 36 0.125
221 123 0.125
222 165 0.125
222 180 0.125
223 33 0.125
223 142 0.125
223 13 0.125
223 43 0.125
223 225 0.125
223 226 0.125
223 234 0.125
224 223 0.125
224 226 0.125
224 227 0.125
224 230 0.125
224 233 0.125
225 223 0.125
225 227 0.125
225 234 0.125
226 223 0.125
226 224 0.125
226 228 0.125
226 229 0.125
226 235 0.125
227 225 0.125
227 224 0.125
227 230 0.125
227 233 0.125
228 226 0.125
228 229 0.125
229 226 0.125
229 228 0.125
229 231 0.125
229 461 0.125
230 224 0.125
230 227 0.125
230 236 0.125
231 229 0.125
231 232 0.125
232 231 0.125
233 224 0.125
233 223 0.125
233 227 0.125
234 225 0.125
234 223 0.125
235 226 0.125
235 228 0.125
236 230 0.125
237 228 0.125
238 52 0.125
238 192 0.125
238 12 0.125
238 37 0.125
238 187 0.125
238 239 0.125
238 240 0.125
238 241 0.125
238 246 0.125
238 247 0.125
238 255 0.125
239 238 0.125
239 242 0.125
239 243 0.125
239 244 0.125
239 254 0.125
239 255 0.125
240 238 0.125
241 238 0.125
241 245 0.125
241 247 0.125
241 249 0.125
241 251 0.125
241 254 0.125
242 239 0.125
242 244 0.125
243 239 0.125
243 255 0.125
243 261 0.125
244 239 0.125
244 242 0.125
245 241 0.125
245 246 0.125
245 248 0.125
245 249 0.125
246 238 0.125
246 245 0.125
246 250 0.125
247 238 0.125
247 241 0.125
248 245 0.125
249 245 0.125
249 241 0.125
250 246 0.125
251 241 0.125
251 252 0.125
251 253 0.125
252 251 0.125
252 253 0.125
253 252 0.125
253 251 0.125
254 239 0.125
254 241 0.125
255 243 0.125
255 238 0.125
255 249 0.125
255 239 0.125
256 18 0.125
256 87 0.125
256 156 0.125
256 122 0.125
256 257 0.125
256 259 0.125
257 256 0.125
257 258 0.125
258 257 0.125
258 260 0.125
259 256 0.125
260 258 0.125
261 189 0.125
261 211 0.125
261 243 0.125
261 26 0.125
261 126 0.125
261 262 0.125
262 261 0.125
263 122 0.125
263 175 0.125
263 231 0.125
263 243 0.125
263 127 0.125
263 264 0.125
263 266 0.125
263 315 0.125
263 321 0.125
263 333 0.125
263 336 0.125
263 342 0.125
264 263 0.125
264 265 0.125
264 267 0.125
264 270 0.125
264 291 0.125
264 307 0.125
264 343 0.125
264 359 0.125
264 492 0.125
265 264 0.125
265 268 0.125
265 271 0.125
265 273 0.125
265 274 0.125
265 282 0.125
265 284 0.125
265 288 0.125
265 338 0.125
266 263 0.125
266 272 0.125
266 279 0.125
266 294 0.125
266 318 0.125
266 322 0.125
266 324 0.125
266 381 0.125
266 405 0.125
267 264 0.125
267 269 0.125
267 303 0.125
267 305 0.125
267 310 0.125
267 346 0.125
267 373 0.125
268 265 0.125
268 274 0.125
268 275 0.125
268 285 0.125
268 286 0.125
268 311 0.125
268 317 0.125
268 355 0.125
269 267 0.125
269 326 0.125
269 361 0.125
269 375 0.125
269 378 0.125
270 264 0.125
270 348 0.125
270 351 0.125
270 407 0.125
271 265 0.125
271 272 0.125
271 276 0.125
271 278 0.125
271 280 0.125
271 282 0.125
271 284 0.125
271 287 0.125
271 289 0.125
271 297 0.125
271 308 0.125
271 309 0.125
271 347 0.125
271 350 0.125
271 364 0.125
271 366 0.125
271 399 0.125
271 423 0.125
271 448 0.125
271 452 0.125
271 481 0.125
272 271 0.125
272 266 0.125
272 275 0.125
272 279 0.125
272 345 0.125
273 265 0.125
273 275 0.125
273 277 0.125
273 316 0.125
273 409 0.125
274 265 0.125
274 268 0.125
274 285 0.125
274 299 0.125
274 300 0.125
274 301 0.125
274 455 0.125
275 273 0.125
275 272 0.125
275 268 0.125
275 326 0.125
275 371 0.125
275 408 0.125
276 271 0.125
276 278 0.125
276 280 0.125
276 452 0.125
277 265 0.125
277 273 0.125
277 291 0.125
278 271 0.125
278 276 0.125
278 287 0.125
278 293 0.125
278 322 0.125
278 323 0.125
278 328 0.125
278 398 0.125
278 403 0.125
278 416 0.125
279 272 0.125
279 266 0.125
279 290 0.125
279 314 0.125
280 271 0.125
280 276 0.125
280 284 0.125
280 297 0.125
280 308 0.125
280 350 0.125
281 264 0.125
281 270 0.125
281 295 0.125
281 302 0.125
281 320 0.125
281 327 0.125
281 367 0.125
281 385 0.125
281 413 0.125
281 422 0.125
282 271 0.125
282 265 0.125
282 289 0.125
282 385 0.125
282 425 0.125
283 265 0.125
283 338 0.125
284 265 0.125
284 271 0.125
284 280 0.125
284 329 0.125
284 429 0.125
284 440 0.125
285 268 0.125
285 265 0.125
285 274 0.125
285 338 0.125
285 376 0.125
285 410 0.125
286 268 0.125
286 317 0.125
286 355 0.125
287 271 0.125
287 278 0.125
287 296 0.125
287 303 0.125
287 312 0.125
287 384 0.125
287 393 0.125
287 403 0.125
287 424 0.125
287 450 0.125
288 283 0.125
288 265 0.125
289 282 0.125
289 271 0.125
289 438 0.125
290 279 0.125
291 277 0.125
291 264 0.125
291 292 0.125
291 360 0.125
291 376 0.125
292 277 0.125
292 291 0.125
292 327 0.125
292 344 0.125
293 278 0.125
293 312 0.125
293 321 0.125
293 417 0.125
293 428 0.125
294 266 0.125
294 433 0.125
294 443 0.125
295 281 0.125
295 327 0.125
295 386 0.125
296 287 0.125
296 269 0.125
297 280 0.125
297 276 0.125
297 271 0.125
297 298 0.125
297 309 0.125
297 347 0.125
297 364 0.125
297 377 0.125
297 452 0.125
298 271 0.125
298 297 0.125
298 301 0.125
298 303 0.125
298 313 0.125
298 330 0.125
298 335 0.125
298 374 0.125
298 397 0.125
298 441 0.125
298 479 0.125
299 267 0.125
299 274 0.125
299 306 0.125
299 313 0.125
300 274 0.125
300 301 0.125
300 313 0.125
300 371 0.125
300 401 0.125
300 418 0.125
301 300 0.125
301 274 0.125
301 298 0.125
301 420 0.125
301 460 0.125
302 281 0.125
302 282 0.125
302 264 0.125
302 385 0.125
303 298 0.125
303 287 0.125
303 299 0.125
303 267 0.125
303 310 0.125
303 330 0.125
303 388 0.125
303 395 0.125
303 457 0.125
303 481 0.125
304 300 0.125
304 358 0.125
304 415 0.125
305 267 0.125
305 373 0.125
306 299 0.125
306 314 0.125
306 363 0.125
307 264 0.125
307 270 0.125
307 351 0.125
307 359 0.125
308 280 0.125
308 276 0.125
308 271 0.125
308 309 0.125
308 364 0.125
308 368 0.125
308 377 0.125
308 423 0.125
309 271 0.125
309 280 0.125
309 297 0.125
309 308 0.125
309 350 0.125
309 368 0.125
309 423 0.125
309 448 0.125
310 303 0.125
310 267 0.125
310 325 0.125
310 337 0.125
310 357 0.125
310 372 0.125
310 414 0.125
311 268 0.125
311 286 0.125
312 293 0.125
312 287 0.125
312 271 0.125
312 331 0.125
312 380 0.125
312 400 0.125
313 300 0.125
313 298 0.125
313 299 0.125
313 301 0.125
313 346 0.125
313 382 0.125
313 391 0.125
313 426 0.125
314 287 0.125
314 306 0.125
314 279 0.125
315 263 0.125
315 349 0.125
315 356 0.125
315 362 0.125
315 369 0.125
315 442 0.125
316 273 0.125
316 338 0.125
316 371 0.125
317 268 0.125
317 282 0.125
317 299 0.125
317 286 0.125
317 319 0.125
317 383 0.125
317 427 0.125
317 436 0.125
317 445 0.125
318 266 0.125
318 394 0.125
319 317 0.125
319 332 0.125
320 295 0.125
320 281 0.125
320 327 0.125
320 367 0.125
320 386 0.125
320 422 0.125
321 293 0.125
321 263 0.125
321 323 0.125
321 342 0.125
322 278 0.125
322 266 0.125
323 278 0.125
323 321 0.125
324 266 0.125
324 318 0.125
325 310 0.125
325 357 0.125
326 269 0.125
326 275 0.125
326 334 0.125
326 412 0.125
326 421 0.125
327 320 0.125
327 295 0.125
327 281 0.125
327 292 0.125
327 339 0.125
327 353 0.125
327 370 0.125
327 391 0.125
328 278 0.125
329 284 0.125
330 301 0.125
330 303 0.125
330 298 0.125
330 390 0.125
330 404 0.125
330 437 0.125
331 312 0.125
331 380 0.125
331 392 0.125
332 319 0.125
332 331 0.125
332 289 0.125
332 317 0.125
333 263 0.125
334 326 0.125
334 411 0.125
334 421 0.125
335 298 0.125
336 263 0.125
337 310 0.125
337 325 0.125
338 283 0.125
338 265 0.125
338 285 0.125
338 316 0.125
339 264 0.125
339 327 0.125
339 340 0.125
339 354 0.125
339 447 0.125
339 459 0.125
340 339 0.125
340 341 0.125
340 348 0.125
340 354 0.125
340 444 0.125
340 459 0.125
341 340 0.125
341 267 0.125
341 313 0.125
342 321 0.125
342 263 0.125
343 332 0.125
343 264 0.125
343 270 0.125
343 389 0.125
343 432 0.125
344 292 0.125
344 396 0.125
344 454 0.125
345 272 0.125
346 313 0.125
346 267 0.125
347 297 0.125
347 308 0.125
347 271 0.125
347 368 0.125
347 423 0.125
347 452 0.125
348 340 0.125
348 270 0.125
348 339 0.125
349 315 0.125
349 356 0.125
349 362 0.125
350 271 0.125
350 309 0.125
350 280 0.125
350 352 0.125
350 402 0.125
350 428 0.125
351 270 0.125
351 281 0.125
351 307 0.125
351 365 0.125
352 350 0.125
353 327 0.125
353 444 0.125
354 339 0.125
354 340 0.125
354 447 0.125
354 459 0.125
355 268 0.125
355 286 0.125
355 403 0.125
356 349 0.125
356 315 0.125
357 325 0.125
357 310 0.125
357 372 0.125
357 406 0.125
358 304 0.125
358 415 0.125
359 307 0.125
359 270 0.125
359 264 0.125
360 291 0.125
360 344 0.125
360 430 0.125
360 451 0.125
361 269 0.125
362 315 0.125
362 349 0.125
362 369 0.125
363 306 0.125
364 297 0.125
364 280 0.125
364 271 0.125
364 308 0.125
365 351 0.125
366 335 0.125
366 271 0.125
366 280 0.125
366 347 0.125
367 281 0.125
367 320 0.125
368 308 0.125
368 347 0.125
368 271 0.125
368 309 0.125
369 315 0.125
369 349 0.125
369 362 0.125
369 405 0.125
370 327 0.125
370 353 0.125
371 275 0.125
371 316 0.125
371 273 0.125
371 300 0.125
371 387 0.125
372 357 0.125
372 310 0.125
372 397 0.125
372 406 0.125
372 414 0.125
373 267 0.125
373 305 0.125
374 330 0.125
374 298 0.125
374 397 0.125
375 269 0.125
376 285 0.125
376 338 0.125
376 291 0.125
376 410 0.125
377 297 0.125
377 276 0.125
377 308 0.125
377 271 0.125
378 269 0.125
378 412 0.125
379 323 0.125
379 336 0.125
379 431 0.125
379 435 0.125
380 312 0.125
380 331 0.125
380 400 0.125
381 266 0.125
382 313 0.125
382 426 0.125
383 319 0.125
383 317 0.125
384 287 0.125
385 302 0.125
385 281 0.125
385 282 0.125
386 320 0.125
386 295 0.125
386 422 0.125
387 371 0.125
388 303 0.125
389 343 0.125
389 432 0.125
390 330 0.125
391 327 0.125
391 341 0.125
391 376 0.125
391 313 0.125
392 331 0.125
392 312 0.125
392 380 0.125
393 384 0.125
393 287 0.125
393 403 0.125
393 424 0.125
394 318 0.125
394 405 0.125
395 303 0.125
395 457 0.125
396 344 0.125
397 372 0.125
397 298 0.125
397 325 0.125
397 374 0.125
397 419 0.125
398 278 0.125
398 322 0.125
399 271 0.125
399 297 0.125
399 276 0.125
399 308 0.125
400 331 0.125
400 312 0.125
400 380 0.125
401 300 0.125
402 350 0.125
403 287 0.125
403 355 0.125
403 278 0.125
403 393 0.125
404 330 0.125
404 390 0.125
405 266 0.125
405 394 0.125
405 369 0.125
405 446 0.125
405 458 0.125
406 325 0.125
406 357 0.125
406 372 0.125
406 414 0.125
407 264 0.125
407 270 0.125
408 275 0.125
409 273 0.125
410 376 0.125
410 285 0.125
411 334 0.125
411 409 0.125
411 361 0.125
411 271 0.125
411 326 0.125
412 334 0.125
412 326 0.125
412 378 0.125
413 367 0.125
413 281 0.125
413 453 0.125
414 372 0.125
414 310 0.125
414 406 0.125
415 358 0.125
415 304 0.125
415 455 0.125
416 278 0.125
417 293 0.125
418 300 0.125
418 401 0.125
419 397 0.125
420 301 0.125
420 443 0.125
421 326 0.125
421 334 0.125
422 386 0.125
422 281 0.125
422 320 0.125
422 453 0.125
423 309 0.125
423 271 0.125
423 347 0.125
423 308 0.125
424 287 0.125
424 393 0.125
425 282 0.125
426 313 0.125
426 382 0.125
427 317 0.125
428 350 0.125
428 293 0.125
428 456 0.125
429 284 0.125
430 360 0.125
430 451 0.125
431 379 0.125
431 435 0.125
432 389 0.125
432 343 0.125
433 294 0.125
434 312 0.125
434 380 0.125
434 400 0.125
434 331 0.125
435 379 0.125
435 431 0.125
436 317 0.125
436 383 0.125
437 330 0.125
437 301 0.125
437 433 0.125
437 390 0.125
437 439 0.125
438 289 0.125
439 437 0.125
440 284 0.125
441 298 0.125
442 315 0.125
442 362 0.125
442 349 0.125
442 449 0.125
443 301 0.125
443 303 0.125
443 294 0.125
443 420 0.125
443 274 0.125
444 353 0.125
444 340 0.125
444 327 0.125
445 317 0.125
445 436 0.125
446 405 0.125
446 458 0.125
447 339 0.125
447 354 0.125
447 340 0.125
448 271 0.125
448 309 0.125
448 377 0.125
448 347 0.125
449 263 0.125
449 442 0.125
450 287 0.125
450 393 0.125
451 360 0.125
451 430 0.125
452 271 0.125
452 297 0.125
452 347 0.125
452 276 0.125
453 295 0.125
453 422 0.125
453 281 0.125
453 413 0.125
454 344 0.125
455 274 0.125
455 415 0.125
456 428 0.125
457 303 0.125
457 395 0.125
458 405 0.125
458 446 0.125
459 354 0.125
459 339 0.125
459 340 0.125
460 301 0.125
460 420 0.125
461 229 0.125
461 441 0.125
461 139 0.125
461 428 0.125
461 245 0.125
461 462 0.125
462 461 0.125
462 463 0.125
463 462 0.125
463 461 0.125
464 443 0.125
464 141 0.125
464 23 0.125
464 24 0.125
464 104 0.125
464 465 0.125
464 466 0.125
464 467 0.125
465 464 0.125
465 468 0.125
465 470 0.125
465 472 0.125
465 473 0.125
465 474 0.125
466 464 0.125
467 464 0.125
467 470 0.125
467 472 0.125
467 475 0.125
468 465 0.125
468 469 0.125
468 471 0.125
468 478 0.125
469 468 0.125
469 471 0.125
469 478 0.125
470 467 0.125
470 465 0.125
471 469 0.125
471 468 0.125
471 472 0.125
472 471 0.125
472 465 0.125
472 467 0.125
473 465 0.125
473 476 0.125
474 465 0.125
475 467 0.125
476 473 0.125
476 477 0.125
477 476 0.125
478 468 0.125
478 469 0.125
479 330 0.125
479 298 0.125
479 350 0.125
479 313 0.125
479 480 0.125
480 479 0.125
481 271 0.125
481 393 0.125
481 196 0.125
481 110 0.125
481 303 0.125
481 482 0.125
481 483 0.125
481 485 0.125
481 489 0.125
482 481 0.125
482 488 0.125
483 481 0.125
483 484 0.125
484 483 0.125
485 481 0.125
485 486 0.125
485 487 0.125
486 485 0.125
486 490 0.125
487 485 0.125
488 482 0.125
489 481 0.125
489 491 0.125
490 486 0.125
491 489 0.125
492 285 0.125
492 264 0.125
492 36 0.125
492 453 0.125
492 227 0.125
492 493 0.125
492 495 0.125
493 492 0.125
493 494 0.125
493 495 0.125
493 498 0.125
494 493 0.125
494 497 0.125
495 492 0.125
495 493 0.125
495 496 0.125
495 499 0.125
496 495 0.125
497 494 0.125
498 493 0.125
498 499 0.125
499 498 0.125
499 495 0.125
