500
0 1 0.5 
0 12 0.0625 
1 0 0.0625 
1 2 0.0625 
1 3 0.0625 
1 5 0.0625 
2 1 0.015625 
2 4 0.0625 
3 1 0.015625 
4 2 0.015625 
5 1 0.0625 
5 2 0.015625 
5 6 0.5 
5 8 0.5 
5 9 0.5 
6 5 0.5 
6 7 0.015625 
6 10 0.015625 
6 261 0.0625 
7 6 0.0625 
7 11 0.5 
8 5 0.015625 
8 12 0.0625 
8 464 0.0625 
9 5 0.5 
10 6 0.5 
11 7 0.015625 
12 8 0.0625 
12 0 0.5 
12 13 0.0625 
12 20 0.015625 
12 21 0.0625 
12 37 0.015625 
12 55 0.0625 
12 78 0.015625 
12 81 0.0625 
12 128 0.015625 
12 158 0.0625 
12 185 0.0625 
12 215 0.0625 
13 12 0.015625 
13 14 0.0625 
13 16 0.015625 
13 45 0.0625 
13 141 0.015625 
13 181 0.0625 
13 222 0.5 
14 13 0.5 
14 15 0.015625 
14 17 0.015625 
14 22 0.015625 
14 24 0.015625 
14 59 0.0625 
14 102 0.0625 
14 145 0.0625 
14 214 0.0625 
15 14 0.0625 
15 26 0.5 
15 30 0.015625 
15 131 0.5 
15 134 0.5 
15 201 0.015625 
15 223 0.0625 
16 13 0.015625 
16 17 0.0625 
16 18 0.015625 
16 87 0.5 
16 181 0.0625 
16 216 0.015625 
17 16 0.5 
17 14 0.0625 
17 18 0.5 
17 29 0.5 
17 51 0.5 
17 72 0.0625 
17 98 0.0625 
18 17 0.5 
18 16 0.5 
18 19 0.0625 
18 28 0.5 
18 33 0.0625 
18 34 0.5 
18 35 0.015625 
18 40 0.5 
18 44 0.015625 
18 200 0.0625 
19 18 0.0625 
20 12 0.5 
20 23 0.5 
20 46 0.5 
20 67 0.0625 
20 81 0.0625 
20 88 0.5 
20 172 0.5 
21 12 0.5 
21 26 0.5 
21 37 0.5 
21 54 0.015625 
21 131 0.0625 
22 14 0.5 
22 30 0.015625 
22 206 0.5 
23 20 0.0625 
23 25 0.5 
24 14 0.5 
24 41 0.5 
24 65 0.5 
24 83 0.015625 
24 104 0.0625 
24 115 0.5 
24 120 0.0625 
24 176 0.0625 
24 188 0.5 
24 492 0.0625 
25 23 0.0625 
26 24 0.0625 
26 15 0.0625 
26 21 0.015625 
26 27 0.0625 
26 31 0.0625 
26 36 0.5 
26 38 0.0625 
26 56 0.0625 
26 71 0.5 
26 89 0.0625 
26 202 0.015625 
26 208 0.5 
27 26 0.015625 
27 39 0.0625 
27 51 0.015625 
27 154 0.0625 
27 179 0.0625 
27 263 0.5 
28 17 0.5 
28 18 0.015625 
28 19 0.0625 
28 65 0.015625 
28 189 0.5 
29 17 0.015625 
29 27 0.5 
29 32 0.0625 
29 72 0.5 
29 82 0.5 
29 96 0.0625 
29 112 0.0625 
29 132 0.015625 
29 156 0.5 
29 186 0.0625 
30 15 0.5 
30 22 0.0625 
30 42 0.5 
30 52 0.0625 
30 58 0.5 
30 62 0.015625 
30 107 0.015625 
31 26 0.5 
31 32 0.5 
31 76 0.015625 
31 82 0.5 
31 97 0.5 
31 144 0.5 
31 157 0.5 
31 168 0.015625 
31 221 0.015625 
31 223 0.015625 
32 29 0.015625 
32 31 0.5 
32 48 0.0625 
32 111 0.015625 
32 117 0.0625 
32 146 0.015625 
32 151 0.5 
32 191 0.0625 
33 18 0.015625 
33 19 0.0625 
33 94 0.0625 
33 200 0.0625 
34 17 0.0625 
34 18 0.015625 
34 121 0.5 
34 129 0.5 
35 18 0.5 
36 26 0.0625 
36 89 0.0625 
37 12 0.0625 
37 21 0.015625 
37 42 0.5 
37 49 0.5 
37 60 0.0625 
37 86 0.5 
37 137 0.5 
38 26 0.0625 
38 71 0.015625 
38 202 0.0625 
38 492 0.5 
39 27 0.0625 
39 82 0.5 
39 154 0.0625 
40 18 0.015625 
40 63 0.015625 
40 218 0.5 
41 24 0.015625 
41 43 0.5 
41 46 0.015625 
41 57 0.015625 
41 101 0.0625 
41 142 0.015625 
41 203 0.5 
42 31 0.015625 
42 32 0.015625 
42 37 0.0625 
42 30 0.015625 
42 47 0.015625 
42 74 0.0625 
42 86 0.015625 
42 95 0.015625 
42 152 0.0625 
43 41 0.0625 
43 57 0.0625 
43 142 0.0625 
43 203 0.015625 
44 18 0.015625 
44 33 0.015625 
44 19 0.0625 
44 163 0.5 
44 209 0.5 
44 219 0.5 
45 13 0.015625 
45 114 0.5 
46 20 0.5 
46 41 0.0625 
46 66 0.015625 
46 118 0.0625 
47 42 0.015625 
47 95 0.5 
48 32 0.0625 
48 111 0.015625 
48 117 0.0625 
48 146 0.015625 
48 151 0.0625 
48 155 0.015625 
48 192 0.0625 
49 37 0.0625 
49 50 0.5 
49 56 0.015625 
49 75 0.0625 
50 12 0.015625 
50 49 0.5 
50 25 0.0625 
50 20 0.015625 
50 61 0.5 
50 75 0.0625 
50 150 0.015625 
50 481 0.5 
51 29 0.015625 
51 17 0.0625 
51 27 0.5 
51 106 0.5 
51 122 0.5 
51 193 0.015625 
52 30 0.0625 
52 116 0.0625 
52 145 0.015625 
53 45 0.0625 
53 13 0.5 
53 17 0.0625 
53 73 0.0625 
53 85 0.0625 
53 99 0.5 
53 108 0.5 
53 126 0.0625 
53 135 0.015625 
54 21 0.0625 
54 116 0.015625 
54 162 0.015625 
55 12 0.0625 
55 84 0.5 
55 118 0.015625 
55 171 0.0625 
55 173 0.5 
55 479 0.5 
56 49 0.0625 
56 26 0.0625 
56 69 0.015625 
56 74 0.0625 
56 207 0.5 
57 41 0.015625 
57 43 0.015625 
57 32 0.5 
57 60 0.015625 
57 116 0.0625 
58 30 0.015625 
58 79 0.0625 
58 107 0.5 
58 169 0.015625 
58 177 0.015625 
59 14 0.5 
59 145 0.5 
59 214 0.0625 
60 32 0.5 
60 37 0.5 
60 30 0.5 
60 57 0.015625 
60 43 0.0625 
60 64 0.5 
61 41 0.0625 
61 50 0.015625 
61 68 0.015625 
61 138 0.015625 
61 148 0.5 
61 205 0.0625 
62 30 0.0625 
63 40 0.5 
64 21 0.015625 
64 60 0.5 
64 31 0.5 
64 211 0.0625 
65 24 0.5 
65 28 0.015625 
65 70 0.015625 
65 161 0.015625 
65 195 0.0625 
66 46 0.015625 
67 20 0.015625 
67 93 0.0625 
67 194 0.0625 
68 61 0.015625 
68 92 0.5 
68 152 0.015625 
68 164 0.015625 
69 42 0.015625 
69 68 0.5 
69 56 0.0625 
69 47 0.015625 
70 65 0.5 
71 38 0.5 
71 57 0.015625 
71 26 0.015625 
71 77 0.5 
71 143 0.0625 
72 29 0.5 
72 17 0.5 
72 91 0.5 
72 103 0.0625 
72 140 0.015625 
73 53 0.5 
73 126 0.0625 
73 135 0.5 
74 42 0.0625 
74 15 0.0625 
74 56 0.015625 
74 80 0.0625 
74 109 0.015625 
74 113 0.5 
74 199 0.015625 
75 49 0.015625 
75 50 0.5 
75 90 0.5 
75 130 0.015625 
75 215 0.5 
76 31 0.015625 
76 97 0.0625 
76 144 0.5 
76 157 0.015625 
76 168 0.5 
76 221 0.015625 
77 71 0.0625 
77 143 0.0625 
78 12 0.0625 
78 110 0.015625 
78 123 0.015625 
79 30 0.0625 
79 58 0.5 
79 62 0.0625 
79 175 0.0625 
80 15 0.5 
80 74 0.015625 
81 12 0.0625 
81 78 0.015625 
81 20 0.5 
81 149 0.5 
82 29 0.0625 
82 39 0.5 
82 31 0.015625 
82 91 0.0625 
82 166 0.0625 
82 223 0.5 
83 24 0.5 
84 55 0.5 
84 118 0.015625 
85 53 0.5 
86 37 0.015625 
86 42 0.5 
86 150 0.5 
87 16 0.5 
87 181 0.015625 
88 20 0.0625 
89 38 0.015625 
89 26 0.5 
89 29 0.015625 
89 36 0.015625 
89 24 0.015625 
89 124 0.015625 
89 125 0.015625 
89 159 0.5 
90 75 0.015625 
91 82 0.0625 
91 72 0.015625 
91 98 0.0625 
91 100 0.0625 
91 119 0.5 
91 210 0.0625 
91 223 0.015625 
92 68 0.5 
93 67 0.5 
93 169 0.5 
93 194 0.015625 
94 33 0.5 
94 18 0.0625 
94 200 0.5 
95 42 0.0625 
95 47 0.0625 
96 65 0.5 
96 29 0.5 
96 165 0.5 
96 189 0.0625 
96 218 0.5 
97 76 0.5 
97 31 0.0625 
97 221 0.5 
98 17 0.5 
98 91 0.0625 
98 105 0.5 
99 53 0.0625 
99 73 0.015625 
99 85 0.0625 
99 212 0.0625 
100 91 0.0625 
101 61 0.0625 
101 43 0.0625 
101 41 0.015625 
101 160 0.015625 
102 14 0.0625 
102 59 0.5 
102 214 0.5 
102 261 0.0625 
103 72 0.015625 
103 140 0.5 
104 24 0.5 
104 115 0.0625 
104 188 0.5 
105 98 0.5 
106 51 0.5 
107 30 0.0625 
107 58 0.015625 
107 131 0.015625 
107 206 0.0625 
108 53 0.0625 
108 73 0.015625 
109 74 0.015625 
110 78 0.5 
110 123 0.5 
111 48 0.5 
111 32 0.5 
111 151 0.5 
111 155 0.015625 
112 29 0.0625 
112 180 0.0625 
113 74 0.015625 
113 42 0.5 
113 126 0.015625 
114 45 0.015625 
114 147 0.5 
115 24 0.5 
115 104 0.0625 
116 57 0.015625 
116 52 0.015625 
116 58 0.5 
116 54 0.015625 
116 170 0.015625 
116 196 0.0625 
117 32 0.0625 
117 48 0.5 
117 111 0.5 
118 84 0.5 
118 55 0.015625 
118 46 0.0625 
118 190 0.5 
119 91 0.5 
119 183 0.5 
119 210 0.5 
119 220 0.015625 
120 24 0.0625 
120 115 0.015625 
121 34 0.5 
122 51 0.0625 
123 110 0.015625 
123 78 0.015625 
124 89 0.5 
124 159 0.015625 
125 89 0.0625 
125 124 0.0625 
125 159 0.5 
125 492 0.015625 
126 73 0.0625 
126 53 0.5 
126 113 0.015625 
127 113 0.5 
127 69 0.015625 
128 81 0.0625 
128 12 0.0625 
128 190 0.015625 
129 121 0.5 
129 34 0.5 
130 75 0.5 
130 37 0.5 
131 15 0.5 
131 58 0.0625 
131 107 0.0625 
131 21 0.015625 
131 139 0.015625 
132 29 0.015625 
132 156 0.015625 
132 180 0.5 
132 186 0.0625 
133 20 0.015625 
133 23 0.0625 
133 138 0.015625 
133 174 0.0625 
134 15 0.015625 
134 136 0.5 
134 198 0.015625 
135 73 0.015625 
135 108 0.5 
135 53 0.015625 
135 212 0.0625 
136 134 0.5 
136 139 0.5 
136 178 0.015625 
136 198 0.015625 
137 37 0.5 
138 61 0.015625 
138 133 0.5 
138 50 0.5 
138 93 0.015625 
138 167 0.015625 
139 136 0.5 
139 131 0.5 
139 54 0.015625 
139 153 0.015625 
139 187 0.5 
140 103 0.015625 
140 72 0.015625 
140 256 0.0625 
141 13 0.0625 
142 41 0.015625 
142 43 0.0625 
142 203 0.5 
143 71 0.0625 
143 77 0.015625 
144 76 0.5 
144 31 0.015625 
144 12 0.0625 
145 59 0.015625 
145 14 0.5 
145 52 0.0625 
145 184 0.0625 
146 111 0.0625 
146 32 0.015625 
146 48 0.015625 
146 155 0.5 
146 191 0.015625 
147 114 0.5 
148 61 0.5 
149 81 0.015625 
150 50 0.5 
150 86 0.0625 
150 205 0.5 
151 32 0.015625 
151 48 0.0625 
151 146 0.015625 
151 111 0.5 
152 47 0.5 
152 68 0.0625 
152 42 0.0625 
153 139 0.015625 
154 27 0.5 
154 39 0.0625 
154 179 0.0625 
155 48 0.015625 
155 146 0.015625 
155 111 0.5 
155 192 0.0625 
156 29 0.0625 
156 132 0.015625 
156 180 0.5 
157 76 0.015625 
157 31 0.0625 
158 12 0.015625 
158 185 0.5 
159 89 0.015625 
159 124 0.5 
159 125 0.015625 
160 101 0.0625 
161 65 0.0625 
161 195 0.0625 
162 54 0.5 
163 44 0.5 
163 209 0.5 
164 92 0.5 
164 68 0.5 
165 96 0.015625 
166 82 0.0625 
167 138 0.5 
168 76 0.015625 
168 31 0.015625 
168 97 0.5 
169 58 0.0625 
169 116 0.015625 
169 21 0.015625 
169 93 0.5 
169 30 0.5 
169 197 0.5 
170 116 0.5 
171 55 0.5 
171 84 0.0625 
172 20 0.0625 
173 55 0.0625 
173 171 0.0625 
173 84 0.5 
174 133 0.0625 
175 79 0.5 
176 24 0.015625 
176 115 0.5 
177 107 0.5 
177 58 0.0625 
177 30 0.015625 
178 136 0.015625 
178 134 0.015625 
178 198 0.5 
179 154 0.015625 
179 27 0.0625 
180 112 0.015625 
180 29 0.0625 
180 132 0.5 
180 156 0.0625 
181 13 0.015625 
181 16 0.5 
181 87 0.5 
182 129 0.015625 
182 72 0.0625 
182 44 0.5 
183 91 0.0625 
183 100 0.0625 
183 119 0.015625 
184 145 0.5 
185 12 0.5 
185 158 0.015625 
186 156 0.0625 
186 132 0.5 
186 180 0.015625 
186 29 0.015625 
187 139 0.5 
187 153 0.015625 
188 32 0.5 
188 155 0.015625 
188 24 0.0625 
188 104 0.0625 
188 217 0.015625 
189 28 0.015625 
189 72 0.0625 
189 96 0.0625 
189 140 0.015625 
189 204 0.0625 
189 218 0.015625 
190 128 0.5 
190 118 0.0625 
190 57 0.0625 
191 32 0.0625 
191 146 0.0625 
191 48 0.015625 
192 48 0.015625 
192 155 0.5 
192 32 0.5 
192 111 0.015625 
193 51 0.015625 
194 93 0.015625 
194 67 0.5 
195 161 0.015625 
195 65 0.5 
196 116 0.5 
196 170 0.015625 
197 169 0.5 
198 134 0.5 
198 178 0.0625 
198 136 0.5 
199 74 0.015625 
200 94 0.5 
200 18 0.5 
200 33 0.0625 
201 15 0.0625 
202 26 0.015625 
202 38 0.0625 
203 43 0.5 
203 142 0.5 
203 41 0.015625 
204 189 0.0625 
204 218 0.015625 
205 150 0.5 
205 61 0.0625 
206 107 0.015625 
206 58 0.015625 
206 22 0.5 
206 213 0.5 
207 56 0.5 
208 38 0.015625 
208 26 0.015625 
209 44 0.5 
209 163 0.5 
210 91 0.5 
210 119 0.5 
210 100 0.0625 
210 220 0.0625 
211 64 0.5 
212 135 0.5 
212 99 0.5 
213 206 0.015625 
214 14 0.015625 
214 59 0.015625 
214 102 0.015625 
215 12 0.0625 
215 90 0.0625 
215 75 0.015625 
216 16 0.0625 
217 188 0.015625 
218 40 0.0625 
218 96 0.015625 
218 189 0.0625 
218 204 0.5 
219 13 0.0625 
219 44 0.0625 
219 73 0.5 
220 119 0.5 
220 91 0.5 
220 210 0.5 
221 76 0.0625 
221 31 0.0625 
221 97 0.5 
222 13 0.5 
223 91 0.0625 
223 15 0.0625 
223 26 0.0625 
223 31 0.015625 
223 82 0.5 
223 224 0.5 
223 225 0.5 
223 226 0.0625 
223 229 0.5 
224 223 0.0625 
224 227 0.015625 
224 232 0.015625 
225 223 0.0625 
226 223 0.0625 
226 228 0.0625 
226 230 0.5 
226 231 0.015625 
226 263 0.0625 
227 224 0.015625 
227 233 0.015625 
227 235 0.015625 
228 226 0.015625 
228 230 0.5 
228 231 0.5 
229 223 0.015625 
229 230 0.5 
229 234 0.0625 
230 228 0.5 
230 229 0.0625 
230 226 0.5 
231 228 0.0625 
231 226 0.015625 
232 224 0.5 
232 225 0.015625 
233 227 0.5 
233 236 0.5 
234 229 0.0625 
234 237 0.0625 
235 227 0.5 
236 233 0.5 
237 234 0.015625 
238 46 0.5 
238 171 0.5 
238 233 0.015625 
238 55 0.5 
238 190 0.5 
238 239 0.015625 
239 238 0.5 
239 240 0.5 
239 241 0.0625 
239 242 0.5 
239 243 0.015625 
239 248 0.015625 
239 255 0.0625 
240 239 0.0625 
240 245 0.015625 
240 246 0.0625 
241 239 0.5 
241 248 0.5 
241 249 0.0625 
241 250 0.0625 
242 239 0.5 
242 244 0.015625 
242 252 0.5 
243 238 0.0625 
243 239 0.5 
243 254 0.5 
244 242 0.015625 
244 247 0.5 
245 240 0.5 
246 240 0.0625 
247 244 0.5 
248 239 0.0625 
248 241 0.0625 
248 251 0.015625 
249 239 0.015625 
249 241 0.015625 
249 253 0.5 
250 241 0.0625 
251 248 0.5 
252 242 0.0625 
253 249 0.0625 
253 252 0.015625 
253 247 0.5 
254 243 0.5 
254 238 0.5 
255 239 0.5 
256 7 0.0625 
256 147 0.5 
256 98 0.015625 
256 17 0.015625 
256 140 0.0625 
256 257 0.0625 
256 263 0.015625 
257 256 0.0625 
257 258 0.015625 
257 259 0.0625 
257 260 0.5 
258 257 0.0625 
258 260 0.0625 
259 257 0.0625 
260 257 0.0625 
260 258 0.015625 
261 59 0.0625 
261 242 0.015625 
261 102 0.0625 
261 6 0.0625 
261 262 0.0625 
262 261 0.015625 
263 27 0.0625 
263 98 0.0625 
263 91 0.5 
263 226 0.5 
263 256 0.015625 
263 264 0.5 
263 266 0.5 
263 304 0.0625 
263 322 0.5 
263 324 0.0625 
264 263 0.5 
264 265 0.015625 
264 270 0.5 
264 284 0.5 
264 288 0.5 
264 291 0.015625 
264 294 0.0625 
264 297 0.015625 
264 299 0.5 
264 311 0.0625 
264 315 0.015625 
264 316 0.5 
264 330 0.015625 
264 344 0.015625 
264 392 0.015625 
264 411 0.5 
264 457 0.0625 
265 264 0.0625 
265 268 0.0625 
265 276 0.015625 
265 346 0.0625 
265 382 0.0625 
265 396 0.0625 
265 414 0.0625 
266 263 0.0625 
266 267 0.0625 
266 272 0.5 
266 309 0.5 
266 324 0.0625 
266 325 0.5 
266 388 0.0625 
267 266 0.015625 
267 274 0.5 
267 308 0.0625 
268 265 0.0625 
268 264 0.5 
268 269 0.015625 
268 271 0.5 
268 278 0.0625 
268 294 0.015625 
268 303 0.015625 
268 321 0.015625 
268 329 0.015625 
269 268 0.5 
269 271 0.0625 
269 278 0.5 
269 288 0.0625 
269 297 0.5 
269 303 0.5 
269 306 0.015625 
269 329 0.5 
269 346 0.5 
270 264 0.5 
270 275 0.5 
270 277 0.015625 
270 284 0.0625 
270 287 0.0625 
270 429 0.0625 
271 269 0.5 
271 268 0.0625 
271 279 0.5 
271 283 0.0625 
271 310 0.5 
271 347 0.015625 
271 373 0.5 
272 266 0.0625 
272 298 0.0625 
272 325 0.0625 
272 355 0.015625 
272 357 0.5 
272 447 0.5 
273 263 0.015625 
273 272 0.5 
273 281 0.5 
273 296 0.0625 
273 300 0.5 
273 331 0.0625 
273 341 0.015625 
274 267 0.5 
274 293 0.5 
274 323 0.015625 
274 359 0.0625 
274 393 0.0625 
275 270 0.5 
275 285 0.5 
275 292 0.015625 
275 368 0.015625 
275 450 0.0625 
276 268 0.5 
276 264 0.015625 
276 265 0.015625 
276 267 0.5 
276 286 0.015625 
276 290 0.5 
276 292 0.015625 
276 304 0.5 
276 333 0.015625 
276 349 0.0625 
276 370 0.015625 
276 374 0.0625 
276 389 0.0625 
276 391 0.5 
277 270 0.015625 
277 293 0.5 
277 440 0.5 
278 269 0.015625 
278 268 0.015625 
278 280 0.015625 
278 282 0.015625 
278 303 0.015625 
278 328 0.0625 
278 329 0.0625 
278 334 0.5 
278 353 0.0625 
278 420 0.5 
279 271 0.5 
279 282 0.0625 
279 283 0.0625 
279 301 0.015625 
279 365 0.015625 
279 433 0.5 
280 278 0.5 
280 284 0.0625 
280 285 0.5 
280 307 0.5 
280 328 0.5 
280 334 0.015625 
280 479 0.0625 
281 273 0.015625 
281 344 0.5 
281 372 0.0625 
281 439 0.5 
282 271 0.5 
282 278 0.5 
282 279 0.015625 
282 301 0.0625 
282 332 0.0625 
282 402 0.015625 
282 418 0.0625 
283 271 0.0625 
283 279 0.015625 
283 347 0.5 
283 378 0.0625 
283 409 0.015625 
284 270 0.015625 
284 264 0.015625 
284 280 0.5 
284 289 0.0625 
284 320 0.015625 
284 380 0.5 
284 412 0.0625 
284 428 0.015625 
284 430 0.015625 
284 442 0.0625 
284 448 0.0625 
284 449 0.015625 
285 280 0.5 
285 275 0.015625 
285 307 0.0625 
286 276 0.015625 
286 335 0.015625 
286 338 0.0625 
286 385 0.015625 
286 460 0.0625 
287 270 0.5 
287 429 0.015625 
288 268 0.015625 
288 269 0.5 
288 264 0.0625 
288 312 0.015625 
288 417 0.0625 
289 287 0.0625 
289 284 0.5 
289 314 0.0625 
289 381 0.5 
290 274 0.0625 
290 276 0.0625 
290 359 0.015625 
290 375 0.015625 
291 264 0.015625 
291 265 0.0625 
291 317 0.015625 
291 336 0.5 
291 398 0.0625 
291 438 0.0625 
292 275 0.5 
292 276 0.5 
292 267 0.015625 
292 295 0.5 
292 307 0.015625 
292 339 0.5 
292 397 0.5 
292 427 0.015625 
293 277 0.015625 
293 274 0.0625 
293 305 0.5 
293 429 0.5 
294 264 0.0625 
294 268 0.015625 
294 302 0.0625 
294 336 0.5 
294 350 0.0625 
294 363 0.5 
294 380 0.5 
294 434 0.015625 
295 292 0.015625 
295 285 0.0625 
295 308 0.015625 
295 441 0.5 
295 451 0.015625 
296 273 0.5 
296 281 0.5 
296 318 0.0625 
297 268 0.5 
297 269 0.015625 
297 264 0.0625 
297 319 0.5 
297 361 0.015625 
297 367 0.5 
298 272 0.015625 
298 447 0.5 
299 264 0.0625 
299 311 0.5 
300 273 0.5 
301 279 0.015625 
301 282 0.0625 
302 294 0.015625 
302 350 0.015625 
302 363 0.5 
302 380 0.0625 
302 416 0.015625 
302 434 0.5 
303 278 0.5 
303 269 0.5 
303 268 0.5 
303 343 0.015625 
303 348 0.5 
303 356 0.0625 
304 263 0.5 
304 276 0.015625 
304 400 0.0625 
305 293 0.015625 
306 269 0.5 
307 285 0.5 
307 280 0.015625 
307 292 0.5 
307 313 0.0625 
307 376 0.015625 
307 377 0.5 
307 435 0.5 
307 492 0.015625 
308 267 0.0625 
308 295 0.015625 
308 325 0.0625 
309 266 0.015625 
309 324 0.5 
310 271 0.5 
310 283 0.0625 
310 340 0.015625 
310 386 0.0625 
310 399 0.5 
310 406 0.5 
311 264 0.0625 
311 299 0.0625 
311 316 0.0625 
311 330 0.015625 
311 457 0.0625 
312 288 0.5 
312 277 0.0625 
313 307 0.5 
314 289 0.5 
314 459 0.5 
315 264 0.5 
315 330 0.015625 
316 311 0.0625 
316 264 0.0625 
316 341 0.015625 
316 344 0.0625 
316 423 0.015625 
317 291 0.0625 
317 336 0.015625 
317 352 0.015625 
317 438 0.5 
318 296 0.0625 
318 316 0.015625 
318 341 0.0625 
318 424 0.0625 
319 297 0.0625 
320 284 0.5 
320 442 0.015625 
320 449 0.015625 
321 268 0.5 
321 269 0.0625 
322 263 0.0625 
323 274 0.015625 
324 272 0.0625 
324 266 0.015625 
324 263 0.015625 
324 309 0.0625 
324 326 0.0625 
324 351 0.5 
325 272 0.0625 
325 266 0.0625 
325 308 0.015625 
326 324 0.0625 
326 351 0.015625 
327 272 0.015625 
327 273 0.0625 
327 296 0.5 
327 458 0.0625 
328 278 0.015625 
328 280 0.5 
328 366 0.015625 
328 401 0.0625 
328 404 0.0625 
329 278 0.5 
329 269 0.015625 
329 268 0.0625 
329 419 0.0625 
330 315 0.5 
330 311 0.015625 
330 284 0.5 
330 264 0.015625 
330 422 0.5 
331 273 0.0625 
331 316 0.015625 
331 337 0.015625 
331 360 0.0625 
331 408 0.0625 
332 282 0.5 
333 276 0.015625 
333 349 0.0625 
333 370 0.5 
333 389 0.5 
334 278 0.015625 
334 280 0.0625 
334 358 0.0625 
334 362 0.015625 
334 387 0.015625 
334 390 0.0625 
334 436 0.0625 
334 443 0.0625 
335 286 0.015625 
336 294 0.5 
336 317 0.5 
336 291 0.5 
336 302 0.0625 
336 346 0.0625 
336 413 0.015625 
336 453 0.015625 
337 331 0.5 
337 360 0.5 
337 388 0.0625 
337 408 0.5 
338 286 0.015625 
338 335 0.5 
338 395 0.5 
338 460 0.0625 
339 292 0.0625 
339 397 0.0625 
340 310 0.0625 
340 347 0.0625 
340 399 0.0625 
341 273 0.5 
341 318 0.015625 
341 316 0.015625 
342 302 0.5 
342 284 0.015625 
342 332 0.0625 
342 345 0.5 
343 303 0.5 
343 356 0.015625 
344 281 0.015625 
344 264 0.5 
344 318 0.0625 
344 316 0.015625 
344 455 0.015625 
345 342 0.5 
346 303 0.015625 
346 265 0.5 
346 336 0.0625 
346 269 0.015625 
346 421 0.0625 
347 271 0.0625 
347 283 0.015625 
347 340 0.5 
348 303 0.5 
348 343 0.015625 
349 276 0.015625 
349 333 0.5 
350 294 0.015625 
350 302 0.015625 
351 324 0.0625 
351 326 0.0625 
352 317 0.5 
352 291 0.0625 
352 398 0.0625 
353 278 0.5 
354 267 0.015625 
354 444 0.0625 
355 272 0.0625 
355 298 0.0625 
355 357 0.5 
355 379 0.0625 
356 303 0.0625 
356 343 0.0625 
356 364 0.5 
356 369 0.5 
356 437 0.5 
357 272 0.0625 
357 355 0.015625 
358 334 0.0625 
358 384 0.0625 
359 274 0.5 
359 290 0.0625 
359 371 0.5 
359 405 0.0625 
360 331 0.015625 
360 337 0.5 
361 297 0.0625 
362 334 0.0625 
362 279 0.5 
362 425 0.5 
362 479 0.5 
363 302 0.015625 
363 294 0.015625 
363 416 0.0625 
363 434 0.5 
364 356 0.0625 
364 369 0.015625 
365 279 0.015625 
366 328 0.015625 
366 401 0.5 
367 319 0.015625 
367 297 0.0625 
367 391 0.0625 
368 275 0.0625 
369 340 0.0625 
369 364 0.5 
369 356 0.0625 
370 276 0.5 
370 333 0.5 
370 389 0.5 
371 359 0.015625 
371 375 0.015625 
371 410 0.0625 
371 431 0.0625 
372 281 0.015625 
373 271 0.5 
374 328 0.5 
374 276 0.5 
374 333 0.015625 
374 407 0.015625 
374 454 0.015625 
375 290 0.5 
375 371 0.5 
375 403 0.5 
376 307 0.0625 
376 313 0.015625 
376 377 0.015625 
377 307 0.0625 
377 376 0.015625 
377 313 0.5 
377 435 0.015625 
378 283 0.0625 
379 355 0.015625 
379 298 0.015625 
379 275 0.5 
379 272 0.5 
380 302 0.5 
380 363 0.5 
380 330 0.0625 
380 284 0.0625 
380 294 0.5 
381 289 0.0625 
381 336 0.0625 
381 284 0.5 
381 288 0.5 
382 265 0.0625 
382 396 0.5 
383 294 0.015625 
383 302 0.5 
383 350 0.0625 
384 358 0.015625 
385 286 0.015625 
385 338 0.015625 
385 335 0.0625 
385 395 0.015625 
385 415 0.015625 
386 310 0.5 
387 334 0.0625 
387 390 0.015625 
387 436 0.015625 
387 443 0.0625 
388 337 0.015625 
388 331 0.5 
388 266 0.0625 
389 276 0.015625 
389 333 0.5 
389 370 0.0625 
389 391 0.0625 
390 387 0.0625 
390 334 0.0625 
390 307 0.015625 
390 426 0.5 
391 333 0.5 
391 276 0.5 
391 389 0.5 
391 367 0.015625 
392 264 0.0625 
393 274 0.015625 
393 394 0.0625 
394 393 0.5 
395 385 0.0625 
395 338 0.015625 
395 460 0.015625 
396 265 0.015625 
396 382 0.5 
397 292 0.0625 
397 339 0.0625 
398 291 0.5 
398 352 0.0625 
399 340 0.0625 
399 310 0.015625 
400 304 0.015625 
401 366 0.015625 
401 328 0.0625 
401 404 0.015625 
402 282 0.5 
403 375 0.015625 
404 328 0.5 
404 401 0.015625 
404 366 0.0625 
405 359 0.015625 
406 310 0.0625 
406 386 0.015625 
406 340 0.0625 
407 374 0.015625 
407 454 0.015625 
408 337 0.5 
408 331 0.5 
409 283 0.0625 
410 371 0.015625 
410 375 0.0625 
411 392 0.5 
411 264 0.015625 
411 311 0.0625 
412 284 0.015625 
413 336 0.015625 
414 265 0.5 
415 385 0.0625 
415 395 0.0625 
415 286 0.015625 
416 294 0.015625 
416 302 0.0625 
416 363 0.5 
417 288 0.5 
417 381 0.5 
417 456 0.015625 
418 282 0.5 
419 303 0.015625 
419 347 0.0625 
419 329 0.0625 
420 278 0.0625 
421 346 0.5 
422 330 0.5 
423 316 0.015625 
424 318 0.015625 
425 362 0.5 
426 390 0.015625 
427 339 0.5 
427 292 0.0625 
428 284 0.0625 
429 287 0.015625 
429 270 0.015625 
429 293 0.5 
430 284 0.5 
430 412 0.0625 
430 320 0.015625 
430 428 0.5 
431 371 0.0625 
431 452 0.0625 
432 342 0.0625 
432 369 0.015625 
432 363 0.0625 
432 294 0.0625 
433 279 0.015625 
434 302 0.0625 
434 363 0.5 
434 294 0.0625 
435 307 0.0625 
435 377 0.015625 
436 387 0.5 
436 334 0.015625 
437 356 0.015625 
438 291 0.5 
438 398 0.5 
438 317 0.5 
439 372 0.015625 
439 281 0.5 
440 277 0.5 
441 295 0.015625 
441 461 0.0625 
442 320 0.0625 
442 284 0.0625 
443 334 0.0625 
443 387 0.0625 
443 436 0.5 
444 354 0.5 
444 267 0.0625 
445 331 0.0625 
446 318 0.015625 
446 424 0.015625 
447 272 0.015625 
447 298 0.015625 
448 285 0.0625 
448 275 0.015625 
448 284 0.5 
448 334 0.5 
448 280 0.5 
449 284 0.015625 
449 320 0.015625 
450 275 0.5 
451 295 0.0625 
452 371 0.5 
452 431 0.015625 
452 277 0.5 
453 336 0.0625 
454 374 0.015625 
454 407 0.5 
455 344 0.5 
456 417 0.5 
457 264 0.0625 
457 311 0.015625 
458 327 0.5 
459 314 0.5 
460 395 0.5 
460 385 0.0625 
460 415 0.0625 
460 338 0.0625 
460 286 0.0625 
461 267 0.015625 
461 286 0.0625 
461 270 0.0625 
461 441 0.0625 
461 98 0.015625 
461 462 0.5 
461 463 0.015625 
462 461 0.5 
463 461 0.5 
464 180 0.015625 
464 319 0.015625 
464 58 0.0625 
464 8 0.015625 
464 17 0.0625 
464 465 0.0625 
464 467 0.0625 
464 468 0.5 
464 472 0.5 
464 474 0.015625 
465 464 0.0625 
465 466 0.5 
465 469 0.0625 
465 477 0.5 
466 465 0.5 
467 464 0.015625 
467 473 0.5 
467 475 0.0625 
468 464 0.0625 
468 470 0.5 
468 471 0.0625 
468 476 0.5 
469 465 0.0625 
470 468 0.5 
470 476 0.0625 
471 468 0.0625 
471 470 0.5 
471 473 0.0625 
472 470 0.5 
472 464 0.0625 
472 471 0.0625 
472 478 0.5 
473 471 0.0625 
473 464 0.5 
473 467 0.5 
473 474 0.015625 
474 473 0.015625 
474 464 0.5 
475 467 0.5 
476 470 0.0625 
476 472 0.015625 
476 468 0.5 
477 465 0.5 
477 469 0.0625 
478 472 0.015625 
479 280 0.015625 
479 55 0.5 
479 362 0.0625 
479 32 0.015625 
479 329 0.015625 
479 480 0.0625 
480 479 0.5 
481 32 0.5 
481 390 0.015625 
481 377 0.0625 
481 221 0.0625 
481 50 0.0625 
481 482 0.015625 
481 483 0.0625 
481 484 0.5 
481 485 0.5 
481 491 0.015625 
482 481 0.0625 
482 483 0.0625 
482 484 0.015625 
483 481 0.5 
483 482 0.5 
484 481 0.015625 
484 482 0.5 
484 486 0.5 
484 487 0.015625 
484 488 0.015625 
485 481 0.5 
485 482 0.015625 
485 490 0.015625 
486 484 0.015625 
487 484 0.015625 
487 488 0.015625 
488 484 0.015625 
488 487 0.0625 
489 487 0.0625 
489 484 0.0625 
490 485 0.0625 
491 481 0.0625 
492 38 0.0625 
492 142 0.0625 
492 24 0.015625 
492 125 0.015625 
492 307 0.5 
492 493 0.0625 
492 494 0.5 
492 495 0.5 
492 498 0.0625 
493 492 0.5 
494 492 0.015625 
495 492 0.015625 
495 496 0.5 
495 497 0.015625 
496 495 0.0625 
496 499 0.0625 
497 495 0.0625 
498 492 0.015625 
499 496 0.5 
