500
0 1 0.125 
0 2 0.5 
0 492 0.25 
1 0 0.5 
1 2 0.5 
1 5 0.25 
2 0 0.5 
2 1 0.5 
2 3 0.125 
2 4 0.125 
2 12 0.5 
3 2 0.25 
4 2 0.125 
5 1 0.5 
5 6 0.5 
5 8 0.25 
5 10 0.125 
5 11 0.125 
6 5 0.5 
6 7 0.125 
7 6 0.25 
7 9 0.25 
8 5 0.125 
8 11 0.5 
9 7 0.25 
10 5 0.125 
11 5 0.5 
11 8 0.5 
12 0 0.5 
12 2 0.125 
12 8 0.125 
12 6 0.5 
12 13 0.25 
12 21 0.5 
12 30 0.125 
12 44 0.125 
12 45 0.125 
12 50 0.25 
12 70 0.25 
12 82 0.125 
12 89 0.25 
12 108 0.125 
12 138 0.25 
12 185 0.125 
12 223 0.25 
13 12 0.125 
13 14 0.125 
13 15 0.25 
13 22 0.5 
13 74 0.5 
13 93 0.25 
13 122 0.5 
13 125 0.25 
13 189 0.25 
13 205 0.5 
14 13 0.125 
14 16 0.5 
14 17 0.25 
14 19 0.125 
14 24 0.125 
14 25 0.125 
14 39 0.25 
14 86 0.125 
14 151 0.5 
14 177 0.25 
14 188 0.5 
14 206 0.125 
14 210 0.5 
14 220 0.125 
15 13 0.25 
15 17 0.25 
15 63 0.25 
15 92 0.25 
15 94 0.25 
15 99 0.25 
15 141 0.125 
15 261 0.5 
16 14 0.5 
16 24 0.5 
16 26 0.5 
16 48 0.5 
16 51 0.125 
16 177 0.25 
16 206 0.125 
16 220 0.5 
16 238 0.5 
17 14 0.25 
17 15 0.25 
17 18 0.5 
17 20 0.125 
17 26 0.25 
17 38 0.125 
17 41 0.125 
17 147 0.125 
18 17 0.125 
18 20 0.5 
18 27 0.25 
18 31 0.5 
18 37 0.25 
18 61 0.25 
18 69 0.25 
18 154 0.5 
19 14 0.25 
19 24 0.125 
19 76 0.25 
19 88 0.125 
20 17 0.5 
20 18 0.25 
20 31 0.5 
20 38 0.125 
20 52 0.25 
20 101 0.25 
20 106 0.5 
20 110 0.125 
20 147 0.125 
20 176 0.125 
21 13 0.5 
21 12 0.125 
21 23 0.5 
21 90 0.125 
21 118 0.5 
21 126 0.125 
21 151 0.25 
22 13 0.25 
22 34 0.125 
22 70 0.25 
22 95 0.125 
22 167 0.25 
22 219 0.25 
23 21 0.125 
23 68 0.25 
23 78 0.5 
23 139 0.5 
24 16 0.5 
24 19 0.5 
24 14 0.5 
24 36 0.5 
24 42 0.125 
24 97 0.5 
24 102 0.5 
24 117 0.125 
24 157 0.25 
25 14 0.5 
25 16 0.5 
25 26 0.125 
25 41 0.125 
25 59 0.25 
25 151 0.5 
25 194 0.5 
26 17 0.125 
26 16 0.5 
26 25 0.25 
26 29 0.25 
26 35 0.25 
26 98 0.5 
26 116 0.25 
27 18 0.25 
27 28 0.25 
27 31 0.5 
27 66 0.25 
27 85 0.125 
27 186 0.5 
27 187 0.125 
27 207 0.25 
27 481 0.5 
28 27 0.125 
28 54 0.25 
28 56 0.5 
28 61 0.25 
28 169 0.125 
28 481 0.25 
29 26 0.25 
29 53 0.125 
29 116 0.125 
29 158 0.125 
30 12 0.125 
30 36 0.125 
30 44 0.25 
30 46 0.125 
30 72 0.25 
30 78 0.25 
30 79 0.125 
30 129 0.25 
31 27 0.25 
31 20 0.25 
31 18 0.5 
31 32 0.5 
31 33 0.125 
31 110 0.25 
31 131 0.125 
32 31 0.125 
32 43 0.125 
32 91 0.5 
32 120 0.25 
33 31 0.25 
33 55 0.125 
34 22 0.125 
34 159 0.5 
35 26 0.5 
35 171 0.5 
36 24 0.25 
36 30 0.25 
36 62 0.25 
36 97 0.125 
36 129 0.25 
36 132 0.125 
37 18 0.5 
37 69 0.25 
38 20 0.125 
38 17 0.5 
38 40 0.5 
38 57 0.5 
38 111 0.5 
39 14 0.5 
39 25 0.25 
39 19 0.125 
39 50 0.5 
39 71 0.25 
39 73 0.5 
39 81 0.25 
39 82 0.25 
40 38 0.25 
41 17 0.25 
41 25 0.25 
41 153 0.25 
41 194 0.25 
42 24 0.5 
42 111 0.25 
42 117 0.125 
42 127 0.25 
42 148 0.125 
42 238 0.5 
43 32 0.25 
43 18 0.125 
44 30 0.25 
44 12 0.5 
44 21 0.5 
44 58 0.25 
45 12 0.5 
46 23 0.125 
46 30 0.25 
46 47 0.125 
46 114 0.25 
46 124 0.5 
46 130 0.25 
47 46 0.5 
47 114 0.5 
48 16 0.5 
48 25 0.125 
48 14 0.25 
49 22 0.25 
49 95 0.5 
50 39 0.25 
50 12 0.25 
51 14 0.125 
51 26 0.125 
51 25 0.5 
51 16 0.25 
51 59 0.5 
51 142 0.125 
51 143 0.25 
51 152 0.5 
51 166 0.25 
51 204 0.5 
51 479 0.125 
52 20 0.125 
53 29 0.125 
53 158 0.5 
54 28 0.25 
54 154 0.25 
54 169 0.25 
54 191 0.5 
54 207 0.125 
55 33 0.125 
55 100 0.25 
55 164 0.25 
55 195 0.125 
56 54 0.5 
56 28 0.25 
56 34 0.5 
56 135 0.25 
56 140 0.125 
57 20 0.5 
57 38 0.125 
57 28 0.25 
57 17 0.5 
57 67 0.25 
57 141 0.25 
57 180 0.5 
58 44 0.125 
58 64 0.25 
59 51 0.25 
59 25 0.5 
60 16 0.5 
60 25 0.25 
60 14 0.5 
60 210 0.25 
61 18 0.5 
61 28 0.125 
61 34 0.125 
61 173 0.5 
61 199 0.5 
62 36 0.25 
62 97 0.25 
62 132 0.125 
63 15 0.125 
63 65 0.5 
63 75 0.125 
63 103 0.5 
64 58 0.25 
65 63 0.25 
65 16 0.5 
65 150 0.25 
66 27 0.125 
66 119 0.5 
66 154 0.125 
66 162 0.125 
66 183 0.125 
67 57 0.25 
67 147 0.125 
67 149 0.25 
68 23 0.25 
68 104 0.25 
69 18 0.5 
69 37 0.125 
69 83 0.25 
69 461 0.5 
70 12 0.5 
70 22 0.5 
70 13 0.25 
70 138 0.5 
70 174 0.125 
71 39 0.25 
72 30 0.5 
72 44 0.125 
72 50 0.5 
72 21 0.25 
72 84 0.125 
72 96 0.25 
72 112 0.25 
73 39 0.5 
73 82 0.5 
74 13 0.25 
75 63 0.125 
76 19 0.5 
76 80 0.125 
76 182 0.25 
77 12 0.5 
78 30 0.5 
78 23 0.25 
78 72 0.125 
78 84 0.125 
78 222 0.25 
79 78 0.25 
79 30 0.125 
79 172 0.25 
80 18 0.125 
80 76 0.5 
80 59 0.25 
80 19 0.5 
80 123 0.5 
80 178 0.125 
80 221 0.125 
81 39 0.125 
81 73 0.125 
82 12 0.125 
82 73 0.5 
82 39 0.25 
82 165 0.25 
82 211 0.5 
83 69 0.5 
83 91 0.125 
83 144 0.25 
84 72 0.125 
84 78 0.5 
84 87 0.25 
85 27 0.5 
86 14 0.25 
86 16 0.25 
86 216 0.25 
87 84 0.125 
87 129 0.125 
88 19 0.25 
88 238 0.5 
89 12 0.125 
90 21 0.5 
90 151 0.25 
90 263 0.5 
91 32 0.25 
91 69 0.5 
91 83 0.125 
92 15 0.125 
92 214 0.25 
93 74 0.5 
93 13 0.5 
93 223 0.125 
94 17 0.5 
94 15 0.5 
94 128 0.125 
94 218 0.5 
95 22 0.125 
95 49 0.5 
95 107 0.5 
96 72 0.25 
96 112 0.5 
97 24 0.5 
97 36 0.5 
97 62 0.25 
97 102 0.5 
97 157 0.25 
97 161 0.125 
98 26 0.125 
98 181 0.125 
99 15 0.25 
100 55 0.125 
100 107 0.125 
101 20 0.25 
101 52 0.5 
101 176 0.25 
102 24 0.25 
102 84 0.125 
102 97 0.25 
102 109 0.5 
103 75 0.25 
103 63 0.5 
104 68 0.5 
104 44 0.25 
104 24 0.5 
104 146 0.25 
105 91 0.5 
106 43 0.125 
106 20 0.5 
106 35 0.25 
106 209 0.25 
107 100 0.25 
107 95 0.5 
107 171 0.125 
108 12 0.25 
109 102 0.25 
109 213 0.125 
110 20 0.5 
110 31 0.125 
110 180 0.125 
111 40 0.5 
111 38 0.25 
111 42 0.25 
111 121 0.5 
111 168 0.5 
111 212 0.25 
112 72 0.5 
112 96 0.25 
113 38 0.25 
113 94 0.5 
114 46 0.25 
114 47 0.125 
114 124 0.25 
115 26 0.125 
115 16 0.125 
115 53 0.25 
115 217 0.5 
116 29 0.125 
116 26 0.25 
116 53 0.125 
116 156 0.125 
116 181 0.125 
117 24 0.125 
117 42 0.125 
117 198 0.25 
118 21 0.125 
118 126 0.25 
119 66 0.125 
119 162 0.125 
120 32 0.125 
121 111 0.125 
121 38 0.25 
121 65 0.25 
121 160 0.25 
121 175 0.25 
121 479 0.25 
122 13 0.125 
122 93 0.5 
122 74 0.25 
123 80 0.125 
123 178 0.25 
123 221 0.5 
124 114 0.25 
124 46 0.125 
124 170 0.25 
124 196 0.125 
125 95 0.125 
125 22 0.25 
125 13 0.25 
125 49 0.25 
125 133 0.5 
125 134 0.125 
126 21 0.125 
126 118 0.25 
127 42 0.5 
127 163 0.25 
128 94 0.125 
128 218 0.5 
129 36 0.25 
129 30 0.5 
129 87 0.5 
129 84 0.25 
130 114 0.125 
130 46 0.25 
131 31 0.25 
131 145 0.5 
131 202 0.25 
132 36 0.125 
132 62 0.5 
132 136 0.25 
133 125 0.5 
133 134 0.125 
134 125 0.25 
134 133 0.125 
135 56 0.125 
136 132 0.125 
136 36 0.25 
136 44 0.125 
136 62 0.5 
137 32 0.125 
138 12 0.125 
138 70 0.25 
138 263 0.125 
139 23 0.125 
140 56 0.125 
141 15 0.5 
141 57 0.5 
141 190 0.125 
142 51 0.125 
143 51 0.5 
144 91 0.5 
144 32 0.25 
144 69 0.25 
144 83 0.5 
144 202 0.5 
145 131 0.125 
146 104 0.125 
147 17 0.5 
147 20 0.125 
147 67 0.125 
147 57 0.125 
147 179 0.5 
147 256 0.125 
148 42 0.125 
149 67 0.5 
149 57 0.25 
150 65 0.5 
151 21 0.125 
151 90 0.125 
151 14 0.5 
151 25 0.25 
152 151 0.5 
152 51 0.25 
153 41 0.25 
153 155 0.25 
153 188 0.25 
154 54 0.5 
154 119 0.25 
154 66 0.125 
154 18 0.5 
155 153 0.5 
155 92 0.125 
156 116 0.125 
157 24 0.125 
157 97 0.5 
158 53 0.5 
158 29 0.5 
159 34 0.125 
159 27 0.5 
160 121 0.25 
160 175 0.125 
161 97 0.125 
162 119 0.5 
162 66 0.25 
162 183 0.25 
163 127 0.125 
164 55 0.125 
164 208 0.125 
165 82 0.5 
165 200 0.125 
166 51 0.125 
166 204 0.125 
167 22 0.25 
167 219 0.125 
168 111 0.5 
169 28 0.125 
169 54 0.5 
170 124 0.5 
170 46 0.25 
171 35 0.125 
171 107 0.5 
172 79 0.25 
173 61 0.25 
173 199 0.25 
174 70 0.25 
175 15 0.25 
175 121 0.125 
175 160 0.5 
175 103 0.125 
176 110 0.25 
176 20 0.5 
176 101 0.25 
177 14 0.5 
177 16 0.5 
178 123 0.5 
178 80 0.25 
179 176 0.5 
179 147 0.125 
180 57 0.25 
180 179 0.125 
180 110 0.5 
180 184 0.125 
180 464 0.5 
181 26 0.5 
181 98 0.25 
181 116 0.25 
181 158 0.5 
181 193 0.5 
182 76 0.25 
182 88 0.5 
182 19 0.25 
183 66 0.5 
183 119 0.125 
183 162 0.25 
184 180 0.25 
185 12 0.125 
186 27 0.125 
187 27 0.125 
187 207 0.5 
188 153 0.5 
188 14 0.25 
188 194 0.25 
189 13 0.5 
189 74 0.125 
189 93 0.125 
189 263 0.25 
190 141 0.25 
191 54 0.25 
191 28 0.25 
191 169 0.125 
192 135 0.25 
192 56 0.125 
193 181 0.25 
194 41 0.5 
194 188 0.25 
194 25 0.5 
194 197 0.25 
195 55 0.25 
195 208 0.25 
196 124 0.5 
197 194 0.125 
198 117 0.5 
199 61 0.5 
199 173 0.125 
200 82 0.25 
200 165 0.125 
200 211 0.125 
201 71 0.5 
201 39 0.25 
201 81 0.25 
201 73 0.125 
202 144 0.5 
202 131 0.25 
202 186 0.5 
202 27 0.5 
203 153 0.5 
204 166 0.5 
204 51 0.5 
205 13 0.125 
205 74 0.125 
206 16 0.25 
206 14 0.125 
206 210 0.5 
207 187 0.5 
207 54 0.125 
207 83 0.5 
207 27 0.25 
208 55 0.5 
208 195 0.125 
208 164 0.25 
209 106 0.5 
210 16 0.125 
210 14 0.125 
210 60 0.25 
210 206 0.25 
210 223 0.125 
211 200 0.25 
211 82 0.25 
212 111 0.125 
213 109 0.5 
213 24 0.25 
213 151 0.125 
214 92 0.25 
215 89 0.25 
215 12 0.125 
216 86 0.125 
217 98 0.5 
217 158 0.25 
217 115 0.25 
218 128 0.25 
218 94 0.25 
219 22 0.25 
219 95 0.5 
219 167 0.25 
220 14 0.125 
220 16 0.25 
220 59 0.25 
220 210 0.25 
221 80 0.125 
221 123 0.125 
221 256 0.125 
222 78 0.125 
223 210 0.25 
223 96 0.25 
223 12 0.125 
223 93 0.5 
223 217 0.25 
223 224 0.125 
223 225 0.5 
223 232 0.5 
223 263 0.5 
224 223 0.5 
224 226 0.25 
224 228 0.5 
224 229 0.125 
224 233 0.5 
225 223 0.25 
225 227 0.5 
225 231 0.125 
225 234 0.5 
226 224 0.25 
226 228 0.125 
226 229 0.125 
227 225 0.25 
228 224 0.25 
228 226 0.5 
228 229 0.25 
228 230 0.5 
228 236 0.5 
229 228 0.5 
229 226 0.25 
229 224 0.125 
229 235 0.125 
230 228 0.25 
231 225 0.125 
232 223 0.5 
232 225 0.125 
233 224 0.125 
234 225 0.5 
235 229 0.5 
236 228 0.25 
236 237 0.5 
237 236 0.25 
238 42 0.25 
238 16 0.125 
238 76 0.5 
238 88 0.125 
238 239 0.5 
238 240 0.25 
238 244 0.5 
239 238 0.5 
239 241 0.25 
239 245 0.25 
239 248 0.125 
239 254 0.125 
240 238 0.5 
240 242 0.5 
240 243 0.5 
240 246 0.25 
240 249 0.125 
241 239 0.25 
241 245 0.25 
241 248 0.5 
242 240 0.25 
243 240 0.125 
244 238 0.25 
244 247 0.5 
245 241 0.125 
245 239 0.25 
246 240 0.125 
247 244 0.5 
248 239 0.5 
248 241 0.125 
248 464 0.25 
249 240 0.25 
249 250 0.125 
249 252 0.25 
249 253 0.25 
250 249 0.5 
250 251 0.125 
250 461 0.25 
251 250 0.125 
251 253 0.25 
252 249 0.25 
253 249 0.5 
253 251 0.25 
254 239 0.125 
254 253 0.125 
255 249 0.125 
255 240 0.125 
256 221 0.125 
256 147 0.5 
256 54 0.25 
256 94 0.5 
256 14 0.5 
256 257 0.25 
256 258 0.25 
256 259 0.125 
256 260 0.25 
256 261 0.125 
257 256 0.25 
258 256 0.5 
258 259 0.125 
258 260 0.5 
258 261 0.5 
259 256 0.5 
259 258 0.5 
260 256 0.5 
260 258 0.25 
261 134 0.125 
261 178 0.125 
261 15 0.125 
261 258 0.5 
261 256 0.125 
261 262 0.5 
262 261 0.125 
263 223 0.5 
263 90 0.125 
263 138 0.25 
263 189 0.125 
263 244 0.5 
263 264 0.5 
263 275 0.125 
263 278 0.5 
263 322 0.25 
263 326 0.5 
263 428 0.25 
264 263 0.5 
264 266 0.5 
264 300 0.125 
264 330 0.5 
264 335 0.25 
264 420 0.25 
265 263 0.25 
265 264 0.5 
265 267 0.5 
265 272 0.5 
265 275 0.25 
265 283 0.125 
265 288 0.125 
265 305 0.5 
265 317 0.5 
265 331 0.5 
265 375 0.5 
265 445 0.25 
266 264 0.125 
266 303 0.25 
266 330 0.125 
266 335 0.5 
266 420 0.5 
267 265 0.5 
267 268 0.125 
267 269 0.125 
267 271 0.25 
267 274 0.25 
267 332 0.125 
267 337 0.125 
267 343 0.25 
267 356 0.5 
267 364 0.125 
268 267 0.5 
269 267 0.125 
269 268 0.125 
269 270 0.125 
269 280 0.5 
269 403 0.25 
270 269 0.125 
270 331 0.125 
270 437 0.5 
271 267 0.5 
271 302 0.5 
271 350 0.5 
271 412 0.125 
272 265 0.125 
272 273 0.125 
272 277 0.25 
272 280 0.125 
272 284 0.125 
272 309 0.5 
272 312 0.5 
272 407 0.25 
272 423 0.125 
272 446 0.125 
272 481 0.5 
273 272 0.125 
273 277 0.5 
273 284 0.5 
273 403 0.5 
273 481 0.25 
274 267 0.25 
274 268 0.25 
274 294 0.5 
274 440 0.5 
274 453 0.125 
275 263 0.25 
275 265 0.5 
275 276 0.125 
275 286 0.125 
275 429 0.25 
276 275 0.5 
276 263 0.5 
276 297 0.125 
276 318 0.25 
276 324 0.25 
277 273 0.125 
277 272 0.125 
278 263 0.25 
278 275 0.5 
278 276 0.125 
278 361 0.5 
278 393 0.125 
279 269 0.25 
279 280 0.5 
279 293 0.25 
279 295 0.5 
279 319 0.125 
279 320 0.25 
279 370 0.25 
279 395 0.25 
280 272 0.25 
280 277 0.25 
280 279 0.25 
280 269 0.25 
280 281 0.5 
280 282 0.125 
280 285 0.25 
280 307 0.25 
281 280 0.125 
281 285 0.25 
281 287 0.125 
282 280 0.5 
282 442 0.125 
282 451 0.125 
283 265 0.5 
283 288 0.25 
283 304 0.5 
283 338 0.5 
283 396 0.25 
284 272 0.25 
284 273 0.125 
284 290 0.25 
284 291 0.5 
284 313 0.125 
284 335 0.25 
284 376 0.125 
284 383 0.25 
285 280 0.25 
285 281 0.5 
285 332 0.25 
285 431 0.125 
286 275 0.25 
286 373 0.125 
287 281 0.125 
287 272 0.125 
287 263 0.5 
287 311 0.125 
287 327 0.125 
287 349 0.25 
287 389 0.125 
287 397 0.5 
287 404 0.125 
288 283 0.125 
288 265 0.125 
288 292 0.125 
288 296 0.125 
288 311 0.125 
288 351 0.25 
288 377 0.25 
288 406 0.5 
289 275 0.25 
289 265 0.125 
289 314 0.125 
289 363 0.125 
289 401 0.125 
290 284 0.25 
290 291 0.5 
290 301 0.25 
290 376 0.25 
290 383 0.125 
291 284 0.5 
291 290 0.5 
291 298 0.25 
291 299 0.125 
291 308 0.125 
291 312 0.5 
291 347 0.125 
292 288 0.125 
292 321 0.125 
292 344 0.125 
292 353 0.5 
292 367 0.25 
292 390 0.125 
292 398 0.25 
293 279 0.5 
293 323 0.125 
293 458 0.125 
294 274 0.25 
295 279 0.25 
295 370 0.5 
296 288 0.125 
296 310 0.25 
297 276 0.25 
297 316 0.5 
297 318 0.5 
297 346 0.5 
297 369 0.125 
297 372 0.25 
297 399 0.125 
297 426 0.125 
297 448 0.25 
298 291 0.5 
298 299 0.5 
298 312 0.125 
298 355 0.5 
298 405 0.25 
299 298 0.5 
299 291 0.25 
299 308 0.125 
299 347 0.125 
300 264 0.125 
300 315 0.125 
300 329 0.25 
300 341 0.5 
300 413 0.125 
300 417 0.125 
300 430 0.5 
301 290 0.125 
301 284 0.25 
301 306 0.5 
301 345 0.125 
301 438 0.5 
301 447 0.25 
302 271 0.5 
302 350 0.125 
302 385 0.5 
302 412 0.25 
302 425 0.25 
303 266 0.125 
303 264 0.125 
303 353 0.25 
303 433 0.125 
304 283 0.25 
304 338 0.25 
304 410 0.125 
305 265 0.5 
305 331 0.25 
305 333 0.25 
306 301 0.125 
306 347 0.125 
306 438 0.125 
307 280 0.25 
307 281 0.25 
307 325 0.5 
307 388 0.25 
307 409 0.5 
308 291 0.5 
308 299 0.5 
308 347 0.125 
308 405 0.5 
309 272 0.125 
309 382 0.125 
309 391 0.125 
309 432 0.5 
310 296 0.25 
310 332 0.125 
311 288 0.125 
311 281 0.25 
311 287 0.25 
311 349 0.25 
311 415 0.5 
312 272 0.125 
312 308 0.125 
312 298 0.5 
312 291 0.125 
312 334 0.25 
312 339 0.25 
312 371 0.125 
312 384 0.5 
312 402 0.5 
312 461 0.5 
313 284 0.5 
313 290 0.125 
313 383 0.25 
314 289 0.25 
314 342 0.25 
315 300 0.25 
315 329 0.25 
315 430 0.5 
315 449 0.125 
316 297 0.25 
316 372 0.5 
316 426 0.25 
317 265 0.125 
317 375 0.125 
318 297 0.25 
318 276 0.125 
318 386 0.125 
319 279 0.25 
319 270 0.125 
319 328 0.125 
319 352 0.125 
320 279 0.125 
320 295 0.5 
320 395 0.125 
321 292 0.5 
322 263 0.25 
322 359 0.25 
322 372 0.125 
323 293 0.25 
324 276 0.25 
324 340 0.25 
324 358 0.25 
324 368 0.25 
325 307 0.25 
325 327 0.5 
325 422 0.125 
326 263 0.5 
326 300 0.125 
327 325 0.25 
327 287 0.5 
327 354 0.25 
327 444 0.125 
328 319 0.5 
329 300 0.5 
329 315 0.125 
329 341 0.25 
329 417 0.125 
330 264 0.25 
330 266 0.5 
330 420 0.5 
330 433 0.125 
331 272 0.25 
331 265 0.125 
331 305 0.25 
331 270 0.25 
331 309 0.5 
331 366 0.25 
331 381 0.5 
331 394 0.25 
332 267 0.5 
332 285 0.25 
332 310 0.25 
332 336 0.125 
333 305 0.5 
334 312 0.25 
334 371 0.5 
334 384 0.25 
335 264 0.25 
335 266 0.5 
335 284 0.5 
335 424 0.25 
335 451 0.125 
336 332 0.5 
336 348 0.25 
336 350 0.5 
336 385 0.125 
337 267 0.5 
338 304 0.25 
338 283 0.25 
339 334 0.25 
339 312 0.125 
339 342 0.125 
339 365 0.25 
339 371 0.25 
339 384 0.125 
339 402 0.5 
340 324 0.125 
341 300 0.5 
341 315 0.5 
341 329 0.5 
341 413 0.25 
341 430 0.25 
342 314 0.25 
342 339 0.25 
342 312 0.5 
342 305 0.5 
342 411 0.25 
343 267 0.125 
343 332 0.125 
343 427 0.25 
344 292 0.25 
344 296 0.5 
344 387 0.5 
345 301 0.25 
345 306 0.25 
345 447 0.25 
346 297 0.125 
346 314 0.125 
346 289 0.125 
346 361 0.5 
346 369 0.125 
347 308 0.25 
347 291 0.5 
347 306 0.125 
347 299 0.125 
347 379 0.5 
347 435 0.5 
347 492 0.25 
348 336 0.5 
349 287 0.25 
349 311 0.25 
349 281 0.25 
349 360 0.5 
349 443 0.125 
350 302 0.5 
350 271 0.125 
350 336 0.25 
350 380 0.5 
351 288 0.25 
351 377 0.125 
352 269 0.125 
352 319 0.125 
353 292 0.25 
353 347 0.25 
353 303 0.125 
353 264 0.5 
353 396 0.5 
353 414 0.25 
353 442 0.125 
354 327 0.5 
354 444 0.5 
354 479 0.5 
355 308 0.125 
355 291 0.125 
355 298 0.25 
356 267 0.5 
356 337 0.125 
357 347 0.125 
357 379 0.5 
358 324 0.5 
358 340 0.5 
358 363 0.125 
359 322 0.125 
360 349 0.5 
360 378 0.125 
360 404 0.5 
360 415 0.5 
361 278 0.5 
361 346 0.25 
361 418 0.5 
362 339 0.25 
362 334 0.125 
362 312 0.125 
363 289 0.125 
363 314 0.5 
363 358 0.5 
363 374 0.25 
363 419 0.125 
364 267 0.25 
364 337 0.125 
365 339 0.5 
365 362 0.5 
365 334 0.25 
365 312 0.125 
365 371 0.125 
366 331 0.5 
366 381 0.25 
366 394 0.25 
367 292 0.25 
367 321 0.5 
368 324 0.125 
369 358 0.125 
369 297 0.25 
369 346 0.25 
369 455 0.5 
370 295 0.125 
370 279 0.25 
371 339 0.5 
371 365 0.125 
371 334 0.125 
371 312 0.5 
371 402 0.125 
372 316 0.5 
372 322 0.25 
372 297 0.5 
372 400 0.5 
373 286 0.25 
373 346 0.25 
373 426 0.25 
374 363 0.25 
374 378 0.5 
374 419 0.5 
374 434 0.5 
374 452 0.25 
375 265 0.25 
375 317 0.25 
375 446 0.125 
376 284 0.25 
376 290 0.125 
377 288 0.125 
377 351 0.25 
377 406 0.125 
378 361 0.25 
378 360 0.125 
378 374 0.5 
379 347 0.25 
379 357 0.125 
379 421 0.25 
380 268 0.125 
380 350 0.5 
380 296 0.25 
381 366 0.5 
381 331 0.25 
382 309 0.125 
382 439 0.5 
383 284 0.125 
383 313 0.25 
383 290 0.5 
384 314 0.125 
384 312 0.5 
384 365 0.5 
384 339 0.25 
384 334 0.125 
384 441 0.25 
385 302 0.5 
385 336 0.5 
386 318 0.5 
386 368 0.25 
387 344 0.5 
387 392 0.125 
388 307 0.125 
388 409 0.125 
389 287 0.5 
390 292 0.5 
390 398 0.5 
391 382 0.125 
391 309 0.125 
391 432 0.5 
392 387 0.25 
392 344 0.5 
393 278 0.125 
393 361 0.125 
393 378 0.125 
394 331 0.25 
394 366 0.5 
395 279 0.125 
395 320 0.5 
395 295 0.125 
396 338 0.5 
396 353 0.125 
396 283 0.5 
396 410 0.25 
397 287 0.25 
398 372 0.125 
398 292 0.5 
398 390 0.25 
398 367 0.5 
399 297 0.5 
399 316 0.125 
399 448 0.5 
400 316 0.125 
400 372 0.5 
400 297 0.25 
400 276 0.5 
400 459 0.125 
401 305 0.25 
401 289 0.5 
401 314 0.125 
401 333 0.125 
401 415 0.5 
401 434 0.5 
401 445 0.5 
401 479 0.125 
402 312 0.25 
402 371 0.5 
402 339 0.125 
402 365 0.125 
403 273 0.5 
403 269 0.125 
403 290 0.125 
403 272 0.125 
403 454 0.25 
404 378 0.125 
404 287 0.25 
404 360 0.125 
404 397 0.25 
405 308 0.25 
405 298 0.25 
405 291 0.5 
405 355 0.125 
405 408 0.25 
406 377 0.125 
406 288 0.5 
406 398 0.125 
407 272 0.5 
407 273 0.5 
407 423 0.5 
408 405 0.5 
409 307 0.125 
409 388 0.5 
410 396 0.125 
410 304 0.5 
410 283 0.25 
410 334 0.25 
411 342 0.25 
412 271 0.5 
412 302 0.25 
413 341 0.125 
413 300 0.5 
413 329 0.25 
414 353 0.25 
415 360 0.25 
415 311 0.25 
415 401 0.125 
416 327 0.5 
416 354 0.25 
417 329 0.125 
417 341 0.25 
417 300 0.125 
417 315 0.25 
417 449 0.125 
418 361 0.25 
419 374 0.25 
419 363 0.25 
420 264 0.5 
420 303 0.5 
420 330 0.25 
420 266 0.5 
420 433 0.5 
421 347 0.125 
421 379 0.5 
422 325 0.5 
423 410 0.5 
423 407 0.25 
423 272 0.25 
424 335 0.25 
425 302 0.25 
425 271 0.25 
426 316 0.5 
426 373 0.5 
426 297 0.5 
427 343 0.5 
428 263 0.5 
429 275 0.25 
430 341 0.125 
430 300 0.125 
430 315 0.125 
430 456 0.5 
431 285 0.5 
432 309 0.25 
432 391 0.5 
432 439 0.125 
433 420 0.125 
433 330 0.25 
433 264 0.5 
433 303 0.5 
434 374 0.25 
434 340 0.25 
434 324 0.25 
434 401 0.125 
435 347 0.5 
435 421 0.5 
436 302 0.25 
436 425 0.125 
436 271 0.5 
436 412 0.5 
437 270 0.25 
438 345 0.5 
438 306 0.125 
438 301 0.25 
438 447 0.25 
439 382 0.125 
439 309 0.25 
439 432 0.5 
440 274 0.5 
440 453 0.125 
441 384 0.5 
442 282 0.125 
442 353 0.5 
442 430 0.5 
443 349 0.25 
444 327 0.5 
444 354 0.5 
445 265 0.25 
445 401 0.25 
446 265 0.5 
446 272 0.5 
446 375 0.125 
446 331 0.25 
447 438 0.5 
447 345 0.25 
447 301 0.5 
448 316 0.125 
448 399 0.25 
448 297 0.5 
449 417 0.5 
449 341 0.5 
449 315 0.125 
450 280 0.125 
451 335 0.25 
451 282 0.25 
451 332 0.125 
451 457 0.5 
452 363 0.25 
452 374 0.5 
453 440 0.125 
453 274 0.5 
454 403 0.25 
454 481 0.125 
455 369 0.125 
456 430 0.5 
457 451 0.5 
458 293 0.125 
458 412 0.5 
459 400 0.5 
460 288 0.25 
460 377 0.125 
461 69 0.5 
461 312 0.125 
461 315 0.125 
461 250 0.5 
461 73 0.5 
461 462 0.125 
461 463 0.25 
462 461 0.25 
462 463 0.25 
463 462 0.125 
463 461 0.5 
464 180 0.25 
464 248 0.125 
464 343 0.25 
464 332 0.25 
464 465 0.5 
464 466 0.5 
465 464 0.25 
465 467 0.5 
466 464 0.125 
466 468 0.5 
466 470 0.125 
466 471 0.5 
466 472 0.25 
466 475 0.125 
466 476 0.5 
467 465 0.125 
468 466 0.125 
468 470 0.25 
468 474 0.25 
469 464 0.125 
470 466 0.125 
470 468 0.25 
470 477 0.125 
471 466 0.5 
471 478 0.5 
472 466 0.5 
472 473 0.125 
472 475 0.25 
473 472 0.5 
474 470 0.5 
474 468 0.5 
475 466 0.5 
475 472 0.125 
476 466 0.25 
477 470 0.25 
478 471 0.5 
479 354 0.125 
479 401 0.125 
479 121 0.5 
479 51 0.125 
479 42 0.5 
479 480 0.25 
480 479 0.25 
481 272 0.125 
481 28 0.125 
481 27 0.5 
481 454 0.5 
481 273 0.5 
481 482 0.5 
481 489 0.125 
482 481 0.25 
482 483 0.125 
483 482 0.125 
483 484 0.5 
483 485 0.5 
483 486 0.25 
483 487 0.5 
483 489 0.5 
484 483 0.5 
484 488 0.125 
485 483 0.25 
485 491 0.5 
486 483 0.5 
486 485 0.125 
486 488 0.25 
486 490 0.25 
486 492 0.5 
487 483 0.5 
488 486 0.125 
488 484 0.25 
489 481 0.25 
489 483 0.25 
489 490 0.5 
490 486 0.5 
490 489 0.125 
491 485 0.5 
492 347 0.25 
492 486 0.5 
492 39 0.125 
492 0 0.25 
492 487 0.125 
492 493 0.25 
492 494 0.25 
492 497 0.25 
493 492 0.125 
494 492 0.125 
494 495 0.5 
494 496 0.25 
494 498 0.125 
495 494 0.25 
495 499 0.25 
496 494 0.125 
496 497 0.5 
497 496 0.5 
497 492 0.25 
497 494 0.5 
498 496 0.5 
498 494 0.25 
498 499 0.5 
499 495 0.5 
499 498 0.125 
