500
0 1 0.29623144175436633 
0 12 0.14958404563791572 
1 0 0.4530021720870936 
1 2 0.6440375842157472 
1 3 0.9520831050671619 
1 5 0.00905334508621336 
2 1 0.6507207294451477 
2 4 0.5698898572414701 
3 1 0.446340927120328 
4 2 0.08564591185115333 
5 1 0.8322357885506708 
5 2 0.32432281246013583 
5 6 0.21256013869966583 
5 8 0.9207686916736743 
5 9 0.6494919740669852 
6 5 0.9493761614644329 
6 7 0.3010156854005308 
6 10 0.7365422544075676 
6 261 0.653932913921085 
7 6 0.24591359417655623 
7 11 0.12141569565263766 
8 5 0.4649168307532223 
8 12 0.5108028940216824 
8 464 0.7621611278500816 
9 5 0.8716553103661691 
10 6 0.6308074145606097 
11 7 0.166538799837199 
12 8 0.85598471135006 
12 0 0.5512166629220123 
12 13 0.7347804584102771 
12 20 0.275632966976297 
12 21 0.887564789753885 
12 37 0.6244381536215211 
12 55 0.05335253003721119 
12 78 0.38565231372839615 
12 81 0.6035773812276227 
12 128 0.7471273647865541 
12 158 0.32835707978894535 
12 185 0.6802081321921905 
12 215 0.22858143308550094 
13 12 0.7783563370845084 
13 14 0.7001993470062615 
13 16 0.17100404835525795 
13 45 0.480641355000785 
13 141 0.2153091198055479 
13 181 0.6173765703311673 
13 222 0.18994794307930518 
14 13 0.5763842194812968 
14 15 0.8753335444425392 
14 17 0.720941201502742 
14 22 0.47848246071327083 
14 24 0.4075858035676354 
14 59 0.07895200076151965 
14 102 0.15651891938479012 
14 145 0.6145643770041928 
14 214 0.5474097255986404 
15 14 0.31858968876868354 
15 26 0.9656870791300388 
15 30 0.9831078799298061 
15 131 0.5923154749213014 
15 134 0.3202183520202382 
15 201 0.8584144774445887 
15 223 0.12594525419290403 
16 13 0.3116716899216432 
16 17 0.04915074475926573 
16 18 0.7990814777980105 
16 87 0.10680407811397763 
16 181 0.5393988601350632 
16 216 0.604610946223031 
17 16 0.7592845338170712 
17 14 0.4476764762734501 
17 18 0.49275503735359827 
17 29 0.9796007788478233 
17 51 0.13572627488302258 
17 72 0.1387575332195642 
17 98 0.33410933740275495 
18 17 0.34898593403722955 
18 16 0.7220043359748659 
18 19 0.3726059657550521 
18 28 0.5532927434294123 
18 33 0.24901868539922234 
18 34 0.8825759414864828 
18 35 0.713816075693105 
18 40 0.5489981288810892 
18 44 0.4808474303045267 
18 200 0.6402224464530474 
19 18 0.03175216120495128 
20 12 0.7059008242614946 
20 23 0.12296295468686846 
20 46 0.033138243377933696 
20 67 0.32742560035210555 
20 81 0.8361288971602715 
20 88 0.02488675068208368 
20 172 0.9499106241291256 
21 12 0.20220266757127214 
21 26 0.11168803165134289 
21 37 0.05434080805494046 
21 54 0.6287106496004876 
21 131 0.6490148543947355 
22 14 0.920137742130006 
22 30 0.7086245971691816 
22 206 0.9887554835449714 
23 20 0.20778434236179033 
23 25 0.34699630640321333 
24 14 0.8649568519416597 
24 41 0.5548960196809892 
24 65 0.8924009009138841 
24 83 0.2749428237003585 
24 104 0.36427722508217386 
24 115 0.23670743903066815 
24 120 0.1881793061866004 
24 176 0.07413382487330922 
24 188 0.1172082228474206 
24 492 0.899131527532226 
25 23 0.2568637213536541 
26 24 0.8126213156168122 
26 15 0.7513003104205819 
26 21 0.022932152141183826 
26 27 0.905045840473823 
26 31 0.6900571896349569 
26 36 0.23254593303742221 
26 38 0.13184650195912917 
26 56 0.7665912823512332 
26 71 0.4200158371347972 
26 89 0.8986706917055862 
26 202 0.9496858845798991 
26 208 0.7574507145897125 
27 26 0.7075442049309509 
27 39 0.19953166825625557 
27 51 0.015270733088577959 
27 154 0.9136086678264772 
27 179 0.8088251766680058 
27 263 0.17150135056092508 
28 17 0.3846313641705805 
28 18 0.3923245590788592 
28 19 0.5821955514303117 
28 65 0.6527897400327257 
28 189 0.9002626497820964 
29 17 0.08069592506063361 
29 27 0.6827096397876404 
29 32 0.7761781461499284 
29 72 0.8785111374702999 
29 82 0.4700682953213303 
29 96 0.38852277673082014 
29 112 0.38359850165762777 
29 132 0.1991913009236409 
29 156 0.7861885636963016 
29 186 0.5137478155769997 
30 15 0.35837593685014835 
30 22 0.25078541520010567 
30 42 0.585758213061709 
30 52 0.9962336601870284 
30 58 0.9419090725127902 
30 62 0.7356450566617323 
30 107 0.06976316963309326 
31 26 0.26338384948231874 
31 32 0.24686991444681194 
31 76 0.8161436567526067 
31 82 0.04231704642672818 
31 97 0.9858365393146644 
31 144 0.12134082666186952 
31 157 0.923432698938588 
31 168 0.27447357207533574 
31 221 0.6398749707087351 
31 223 0.8452047834349684 
32 29 0.5328795913659264 
32 31 0.9282033925861096 
32 48 0.7991014758762626 
32 111 0.8572849898019883 
32 117 0.4379860935933889 
32 146 0.09704342019186152 
32 151 0.4039624648686094 
32 191 0.4776359023938156 
33 18 0.5088490017156558 
33 19 0.8470578255947832 
33 94 0.08009516241198511 
33 200 0.6919757614112345 
34 17 0.750400547437665 
34 18 0.022703104455101708 
34 121 0.4074426751984441 
34 129 0.02632453692178316 
35 18 0.4713707138033637 
36 26 0.3657532814583173 
36 89 0.04810460521084825 
37 12 0.5805927018371961 
37 21 0.6423165629753204 
37 42 0.006023849829365324 
37 49 0.38079009808104314 
37 60 0.3375199524031256 
37 86 0.7888715598587833 
37 137 0.8778234850057303 
38 26 0.27392085076077033 
38 71 0.7892552913257859 
38 202 0.5286174385929859 
38 492 0.9754392802635138 
39 27 0.09814995586592079 
39 82 0.36849030271066585 
39 154 0.5761717972645795 
40 18 0.023259639968288504 
40 63 0.5541448324602161 
40 218 0.460678705394735 
41 24 0.9172499522322632 
41 43 0.8439554512634264 
41 46 0.4062105654699868 
41 57 0.5423158978296242 
41 101 0.31207337686986913 
41 142 0.39852279078933495 
41 203 0.1398718047263673 
42 31 0.8200067012600855 
42 32 0.055928523013846876 
42 37 0.2501640120337013 
42 30 0.4217548129736356 
42 47 0.10798155676974286 
42 74 0.3500979642054475 
42 86 0.20447674020948992 
42 95 0.06590778670316289 
42 152 0.9992050518734071 
43 41 0.6976422096966938 
43 57 0.6008717740915666 
43 142 0.5369779325981532 
43 203 0.5220840669426307 
44 18 0.6160711892675117 
44 33 0.8634402032472653 
44 19 0.592704676101358 
44 163 0.8194708845461572 
44 209 0.009435693303246118 
44 219 0.6233985957017555 
45 13 0.17521190333556658 
45 114 0.947389444836424 
46 20 0.7180999053053222 
46 41 0.37705927848798493 
46 66 0.1315155099384392 
46 118 0.34700474974620366 
47 42 0.45197705926747955 
47 95 0.8521167552978669 
48 32 0.3998727178144663 
48 111 0.20855274946396918 
48 117 0.44695619063752035 
48 146 0.19745429896309274 
48 151 0.815475765318553 
48 155 0.6023724351516052 
48 192 0.35281341392028864 
49 37 0.5294228958112868 
49 50 0.12367957630258808 
49 56 0.032819769865193305 
49 75 0.6176983535154161 
50 12 0.03164469259093239 
50 49 0.7590101720123146 
50 25 0.058049843209339036 
50 20 0.9158326993954522 
50 61 0.454163417920874 
50 75 0.9618328485648419 
50 150 0.22168780759402895 
50 481 0.9105086135448678 
51 29 0.6569333438670522 
51 17 0.09437736264783347 
51 27 0.4872652741464709 
51 106 0.9754851557082801 
51 122 0.7741356675698253 
51 193 0.15479471911599374 
52 30 0.07612664756987975 
52 116 0.8908955047471304 
52 145 0.7704511841393056 
53 45 0.38098292314118587 
53 13 0.14936558397589517 
53 17 0.6141058131383202 
53 73 0.9195988512679155 
53 85 0.7251537185869263 
53 99 0.9986729773005605 
53 108 0.8504585964535498 
53 126 0.17648835705003596 
53 135 0.8609388342356631 
54 21 0.49856636030081636 
54 116 0.544169808379675 
54 162 0.8770117283337352 
55 12 0.32043587565204157 
55 84 0.02723123130036409 
55 118 0.4270892845067529 
55 171 0.9502372960296401 
55 173 0.25761559916108623 
55 479 0.38228430023281146 
56 49 0.03597108838028851 
56 26 0.5292424814822538 
56 69 0.21641378776500464 
56 74 0.09903402550592477 
56 207 0.19932111827878152 
57 41 0.04835802920584953 
57 43 0.4482733883435769 
57 32 0.6597734482899936 
57 60 0.3561269592861914 
57 116 0.8497591434516966 
58 30 0.9862551133021936 
58 79 0.008262964781846183 
58 107 0.8893359948575928 
58 169 0.1311879554068488 
58 177 0.6936799206916702 
59 14 0.8842658718942868 
59 145 0.5537490066559718 
59 214 0.4045067207211068 
60 32 0.03435214630288008 
60 37 0.05055156931696725 
60 30 0.9360345994126578 
60 57 0.8483303359951323 
60 43 0.015627331556578472 
60 64 0.8744354214447028 
61 41 0.6873713821251989 
61 50 0.08711264562297438 
61 68 0.38978196247703334 
61 138 0.8545686346624867 
61 148 0.7183938952012423 
61 205 0.6228775570877657 
62 30 0.3112769360372545 
63 40 0.795213144693654 
64 21 0.6740502394252987 
64 60 0.11278362210484649 
64 31 0.2583690583669712 
64 211 0.8222543927870779 
65 24 0.960555562074402 
65 28 0.11826143320664073 
65 70 0.3176409767857822 
65 161 0.9166940995186342 
65 195 0.7541104745427771 
66 46 0.24384596317867435 
67 20 0.4930297137618245 
67 93 0.174588507488034 
67 194 0.7088026703262497 
68 61 0.7832778094711119 
68 92 0.9713914410631305 
68 152 0.42618007332476926 
68 164 0.2985568682696663 
69 42 0.11215097202564683 
69 68 0.25569306708144846 
69 56 0.15045144509105346 
69 47 0.6984121456293325 
70 65 0.46968719945547865 
71 38 0.016136186411235043 
71 57 0.008940668128019746 
71 26 0.2979380121376408 
71 77 0.5167643548158255 
71 143 0.19985714631574025 
72 29 0.8247020890892538 
72 17 0.7036392167350151 
72 91 0.5065499465893158 
72 103 0.42760355776813064 
72 140 0.338838060138432 
73 53 0.36954773754183057 
73 126 0.683598288307063 
73 135 0.9506415740423123 
74 42 0.5891782722606606 
74 15 0.7322480308348485 
74 56 0.6738852771755306 
74 80 0.7558108909977338 
74 109 0.3848300153543657 
74 113 0.1399000800509016 
74 199 0.028767054304793538 
75 49 0.4053255651475238 
75 50 0.2178370949940447 
75 90 0.5613828880465601 
75 130 0.5006306677098229 
75 215 0.22977216440065895 
76 31 0.7700284935462218 
76 97 0.8156599695602371 
76 144 0.11151794654546843 
76 157 0.8520760296958549 
76 168 0.7045967592272209 
76 221 0.08856169386812918 
77 71 0.7470619556295859 
77 143 0.4814167875368516 
78 12 0.7288756756377243 
78 110 0.6245403390397114 
78 123 0.025141099104672437 
79 30 0.24089852960501235 
79 58 0.45384669743006323 
79 62 0.5393140879001512 
79 175 0.6109790024326406 
80 15 0.6563500629961989 
80 74 0.8665263654653231 
81 12 0.1848800332602908 
81 78 0.09598650330762049 
81 20 0.7786189202046313 
81 149 0.7467487167176985 
82 29 0.8600232829432308 
82 39 0.2807612760946083 
82 31 0.5087927531957717 
82 91 0.6840773440110745 
82 166 0.3453592272455468 
82 223 0.8485041694566389 
83 24 0.9786157563861143 
84 55 0.15843705403930863 
84 118 0.23790746837786225 
85 53 0.16262587132403084 
86 37 0.5453532238471528 
86 42 0.5439708745618165 
86 150 0.4554098770773055 
87 16 0.7440246376196138 
87 181 0.7267734700649976 
88 20 0.18574705767274702 
89 38 0.7028507115833028 
89 26 0.5767444637035841 
89 29 0.4966403873483055 
89 36 0.11527432500069557 
89 24 0.6979088840208695 
89 124 0.8386758981783514 
89 125 0.8489902173459102 
89 159 0.6856020003656371 
90 75 0.17770837301337294 
91 82 0.0009421908052822392 
91 72 0.44689882471416786 
91 98 0.3659323623200459 
91 100 0.7549364498775618 
91 119 0.9228390021691966 
91 210 0.9185673451236355 
91 223 0.9286690660105392 
92 68 0.5239530284552443 
93 67 0.523170660445296 
93 169 0.3831831968281134 
93 194 0.25622220876820023 
94 33 0.8389696937034974 
94 18 0.45063245862138457 
94 200 0.33628839141764644 
95 42 0.22722156309698516 
95 47 0.5565520999307791 
96 65 0.9130061287323818 
96 29 0.2600766289972096 
96 165 0.4870423479556397 
96 189 0.25033778789839 
96 218 0.09239592795936058 
97 76 0.2056174752797898 
97 31 0.19843631106813475 
97 221 0.7607880187995586 
98 17 0.858593139517684 
98 91 0.8476737981317213 
98 105 0.39408121793029227 
99 53 0.6472244411643486 
99 73 0.008921336961591808 
99 85 0.46066351668838634 
99 212 0.4838681484616184 
100 91 0.47909005757809886 
101 61 0.5946878327634039 
101 43 0.17314340217752022 
101 41 0.3529966132781909 
101 160 0.7813972076789326 
102 14 0.6022868306676937 
102 59 0.2757872685414966 
102 214 0.4062728969268199 
102 261 0.10123204994312218 
103 72 0.02293496098243686 
103 140 0.1829390870499792 
104 24 0.3207753690200905 
104 115 0.5881165328592476 
104 188 0.5174187975086865 
105 98 0.5476728000879695 
106 51 0.0811593106278995 
107 30 0.24224346841642952 
107 58 0.36938063371159535 
107 131 0.6458009536443947 
107 206 0.9922328305003429 
108 53 0.6904568260112312 
108 73 0.8374804475047465 
109 74 0.7691749878138293 
110 78 0.8605260097774503 
110 123 0.8555913700226707 
111 48 0.7412851764347299 
111 32 0.2067754283886616 
111 151 0.6602034152830452 
111 155 0.247537558293208 
112 29 0.2551039754218394 
112 180 0.15366666601733858 
113 74 0.01556020632497701 
113 42 0.51857657810154 
113 126 0.38370650488973335 
114 45 0.9508346667079983 
114 147 0.972843292657869 
115 24 0.19160313393663342 
115 104 0.8681281656551393 
116 57 0.3615643112839574 
116 52 0.9083118165922273 
116 58 0.9350954148940946 
116 54 0.5948328653474423 
116 170 0.42033641045365466 
116 196 0.3333146831652797 
117 32 0.9929066913410217 
117 48 0.18672461780351213 
117 111 0.9513732847997781 
118 84 0.3005270986172691 
118 55 0.46515225501128465 
118 46 0.8954384595893774 
118 190 0.11787666045216871 
119 91 0.8268030925422318 
119 183 0.754466348012871 
119 210 0.2617959042707082 
119 220 0.1466026486860138 
120 24 0.5465757689858385 
120 115 0.09013827166549704 
121 34 0.3993010520850907 
122 51 0.31172257813739135 
123 110 0.11234647814754972 
123 78 0.6984618503743596 
124 89 0.8718110311719698 
124 159 0.7079207040404254 
125 89 0.8222868552337421 
125 124 0.6535149931031474 
125 159 0.08019501317102717 
125 492 0.5186674524309863 
126 73 0.6787913000189804 
126 53 0.6450305095881027 
126 113 0.08123324439700963 
127 113 0.8087074850691207 
127 69 0.8452457915777971 
128 81 0.30508836731726785 
128 12 0.8100016373061913 
128 190 0.7525031461203167 
129 121 0.38931245879876575 
129 34 0.19146540209325968 
130 75 0.07057590018642745 
130 37 0.5172757248744658 
131 15 0.09582203532069589 
131 58 0.2883435677060623 
131 107 0.13952919346266435 
131 21 0.7562349536457527 
131 139 0.18419370909552435 
132 29 0.7690671383094654 
132 156 0.6679506157491697 
132 180 0.2745721449411792 
132 186 0.934355753728398 
133 20 0.4924544547682683 
133 23 0.5008345418983424 
133 138 0.12813145034248963 
133 174 0.950956559298317 
134 15 0.09359178957517311 
134 136 0.6331287268367295 
134 198 0.25470298269738845 
135 73 0.6732480338744694 
135 108 0.7591194748025022 
135 53 0.12490361090907443 
135 212 0.42852361702222197 
136 134 0.14627767693758642 
136 139 0.8862191131685122 
136 178 0.44683518767630626 
136 198 0.18758621926201247 
137 37 0.3681139986071247 
138 61 0.8068667835835982 
138 133 0.5523520719232757 
138 50 0.552193976919946 
138 93 0.37960533576420974 
138 167 0.13994230960560694 
139 136 0.04905336112312342 
139 131 0.06851951052349659 
139 54 0.014703810693264985 
139 153 0.08429559835786471 
139 187 0.8753049453038928 
140 103 0.777429662631233 
140 72 0.8519539851044096 
140 256 0.46560453277598457 
141 13 0.0559079592948768 
142 41 0.6934545215840485 
142 43 0.7537757140540773 
142 203 0.5914695506305728 
143 71 0.8941956021901899 
143 77 0.6636858346293624 
144 76 0.9217170219357741 
144 31 0.1389811422855518 
144 12 0.6372164893858382 
145 59 0.4103068780361835 
145 14 0.9259431607511702 
145 52 0.8350139088656133 
145 184 0.011107334075820763 
146 111 0.9314986132564421 
146 32 0.08667155995670117 
146 48 0.7042760244744254 
146 155 0.24372452045067772 
146 191 0.28150016652116416 
147 114 0.4383216137439354 
148 61 0.7095969836518002 
149 81 0.16899533765352293 
150 50 0.02189328822693193 
150 86 0.18125463365287764 
150 205 0.5793617487076392 
151 32 0.23470266538215567 
151 48 0.36240872531850354 
151 146 0.9378300126923006 
151 111 0.05383843164384006 
152 47 0.981489223792766 
152 68 0.15646144880615798 
152 42 0.101204948756771 
153 139 0.22571792606855778 
154 27 0.7413159500227263 
154 39 0.5130021344903778 
154 179 0.24779956231570754 
155 48 0.4122514906469745 
155 146 0.8845039157592987 
155 111 0.8001497045538015 
155 192 0.9854776101409871 
156 29 0.4460818359463029 
156 132 0.30871123418703206 
156 180 0.5227275188214634 
157 76 0.5906993162375063 
157 31 0.5842697874264894 
158 12 0.15508558713194887 
158 185 0.47802540099095436 
159 89 0.5006029771240821 
159 124 0.7565375118343486 
159 125 0.9677976700148887 
160 101 0.16717665359968858 
161 65 0.46889899654375744 
161 195 0.8182560280665215 
162 54 0.14694861842595153 
163 44 0.33448527108821224 
163 209 0.27239113345746935 
164 92 0.8297885196846086 
164 68 0.2544846970251381 
165 96 0.47046156338480694 
166 82 0.3347329349081769 
167 138 0.5546739353966164 
168 76 0.053296799357452906 
168 31 0.6885476818602934 
168 97 0.9244090638377612 
169 58 0.5525958945139388 
169 116 0.09031069306717376 
169 21 0.4264172122262946 
169 93 0.048564200785435774 
169 30 0.2319314777291478 
169 197 0.2217313252554115 
170 116 0.6564384153849544 
171 55 0.3422044959455681 
171 84 0.8831782106587653 
172 20 0.5791217718941333 
173 55 0.05314184854448578 
173 171 0.7159759127955623 
173 84 0.6057369344386921 
174 133 0.9561270758061925 
175 79 0.9619798619290634 
176 24 0.9626355864399898 
176 115 0.11106818969930687 
177 107 0.22146751732411052 
177 58 0.17183888011764115 
177 30 0.567796611157776 
178 136 0.8703343310160769 
178 134 0.46157108015997117 
178 198 0.6200804228695234 
179 154 0.16177625325506673 
179 27 0.3515812374040761 
180 112 0.8776084328609007 
180 29 0.841754144683369 
180 132 0.9873737155714026 
180 156 0.4078116936214069 
181 13 0.8726992911441529 
181 16 0.33543477243596587 
181 87 0.2612057532817327 
182 129 0.2910408858724801 
182 72 0.2989465640469515 
182 44 0.5769431322171916 
183 91 0.5918420063797319 
183 100 0.22554986149400913 
183 119 0.6002263833066087 
184 145 0.17163687193055366 
185 12 0.9876087410744282 
185 158 0.9872022450762512 
186 156 0.9017634973437777 
186 132 0.12377375982782102 
186 180 0.5296835294040467 
186 29 0.9703652826367376 
187 139 0.5943322208150651 
187 153 0.7454868983901376 
188 32 0.6648914367299559 
188 155 0.9322941285085136 
188 24 0.8993281305106509 
188 104 0.559316227524717 
188 217 0.8408195790891096 
189 28 0.14361591453358125 
189 72 0.4755872283541305 
189 96 0.12238163748006559 
189 140 0.32244801109033316 
189 204 0.814984084580953 
189 218 0.27188399387170903 
190 128 0.5514135165664373 
190 118 0.28587449419766986 
190 57 0.8226181204471605 
191 32 0.29685853656453287 
191 146 0.5649814984991745 
191 48 0.6879891017027953 
192 48 0.6335102857037906 
192 155 0.6699340506395438 
192 32 0.5068214885445106 
192 111 0.48662507962208745 
193 51 0.27174037945667406 
194 93 0.21534652598783477 
194 67 0.5837777385179908 
195 161 0.2019693676586085 
195 65 0.3596157146321167 
196 116 0.16155166047270908 
196 170 0.942816705586977 
197 169 0.38450244095618136 
198 134 0.12060687532436576 
198 178 0.7647714517346609 
198 136 0.8189871533867347 
199 74 0.6967638470878726 
200 94 0.422254884563914 
200 18 0.0678978573455038 
200 33 0.9982034931435345 
201 15 0.8368537123876152 
202 26 0.4591077407106171 
202 38 0.6772727180604559 
203 43 0.6515034068770353 
203 142 0.3656509098759162 
203 41 0.1662976244713319 
204 189 0.42949918435455847 
204 218 0.017747886712586314 
205 150 0.6771177042319815 
205 61 0.5591917709656284 
206 107 0.26840490404099104 
206 58 0.324640886880566 
206 22 0.6415960711000191 
206 213 0.7219044464109856 
207 56 0.03831564694281908 
208 38 0.3054472354533504 
208 26 0.5353568098093109 
209 44 0.17209597588677372 
209 163 0.308859835985675 
210 91 0.45796288450914135 
210 119 0.3775374748107032 
210 100 0.4881091676121483 
210 220 0.7909147785317606 
211 64 0.7928251360678349 
212 135 0.22866915123118303 
212 99 0.699359936784992 
213 206 0.1695606162252944 
214 14 0.9301507200761339 
214 59 0.3253370561251201 
214 102 0.4953230942490401 
215 12 0.3916847961391081 
215 90 0.6419390479918238 
215 75 0.3692230315721339 
216 16 0.6410596778099904 
217 188 0.46369642528743504 
218 40 0.018541854800625535 
218 96 0.1734672870315045 
218 189 0.21847261292639752 
218 204 0.7942537317784583 
219 13 0.26719952826160775 
219 44 0.6959300357092477 
219 73 0.22538155950456018 
220 119 0.631767884198186 
220 91 0.3729369176784283 
220 210 0.1142897736108982 
221 76 0.46939431412642074 
221 31 0.9730502407994671 
221 97 0.30709911948637947 
222 13 0.662680206004684 
223 91 0.46900085773424083 
223 15 0.2990071830465749 
223 26 0.6317039314265699 
223 31 0.23225966141731147 
223 82 0.004602045383798159 
223 224 0.0303187183646223 
223 225 0.7154901201098758 
223 226 0.14861539253418932 
223 229 0.22984478530458585 
224 223 0.5727147474412223 
224 227 0.25677929053843807 
224 232 0.6890530806071206 
225 223 0.16043016944334287 
226 223 0.17436865954221947 
226 228 0.16568018895708303 
226 230 0.8432940871965966 
226 231 0.7848276204448881 
226 263 0.9723826379373119 
227 224 0.4408734472194169 
227 233 0.6276797553988576 
227 235 0.1612350936777791 
228 226 0.8519511450235461 
228 230 0.04614986648154751 
228 231 0.9816548395791894 
229 223 0.9909617002324443 
229 230 0.13900267985512316 
229 234 0.783877757390867 
230 228 0.8799724380192555 
230 229 0.7015235908701678 
230 226 0.5781956350592853 
231 228 0.598668635695541 
231 226 0.6918793675246154 
232 224 0.26637219773245957 
232 225 0.8028772318362171 
233 227 0.586206814857654 
233 236 0.7111932173788413 
234 229 0.6668621278655648 
234 237 0.4086170164536055 
235 227 0.385784415825672 
236 233 0.23450445180383594 
237 234 0.36621178746098515 
238 46 0.5362860405173834 
238 171 0.5329105598829716 
238 233 0.1641839489764496 
238 55 0.5432011755968558 
238 190 0.5067633252070185 
238 239 0.47994020080431266 
239 238 0.25948981599194587 
239 240 0.23748878224607828 
239 241 0.06854560181648917 
239 242 0.5452717793399847 
239 243 0.9911307999612888 
239 248 0.8732351921800957 
239 255 0.32876608543775343 
240 239 0.7276312836961496 
240 245 0.5802221225367404 
240 246 0.3007311606493932 
241 239 0.01834446347135754 
241 248 0.5562529296664195 
241 249 0.2894346046663947 
241 250 0.6913078451849173 
242 239 0.02448721835988399 
242 244 0.7350317109629184 
242 252 0.7800488426501873 
243 238 0.04736080648012375 
243 239 0.5498112800561741 
243 254 0.403105589229369 
244 242 0.32804979680750357 
244 247 0.2679927003376522 
245 240 0.256370431523383 
246 240 0.9482008794828872 
247 244 0.7151677483836866 
248 239 0.11721261253424531 
248 241 0.059213555527747874 
248 251 0.6096688179007665 
249 239 0.8725221648188894 
249 241 0.6356553271479415 
249 253 0.48389957177628473 
250 241 0.7253845337330487 
251 248 0.0360462076923207 
252 242 0.8081495714503396 
253 249 0.4620806711958013 
253 252 0.22036575360172705 
253 247 0.21434948773754103 
254 243 0.5081615553934528 
254 238 0.5185416682185285 
255 239 0.7980296563964377 
256 7 0.7770159414397221 
256 147 0.6555397963520719 
256 98 0.09238803844979582 
256 17 0.2851516808122827 
256 140 0.3319513931662933 
256 257 0.11149807110741228 
256 263 0.1811496633086469 
257 256 0.025327936933266182 
257 258 0.1767561076596328 
257 259 0.6493829166306311 
257 260 0.09399338140491886 
258 257 0.5805459134082153 
258 260 0.1978930197769717 
259 257 0.9865152497180169 
260 257 0.6175338164756462 
260 258 0.15396469910333543 
261 59 0.7770864461995315 
261 242 0.6230528566873657 
261 102 0.19426159021703793 
261 6 0.9857898398812887 
261 262 0.22915050277950522 
262 261 0.7366733683834218 
263 27 0.9548383712403762 
263 98 0.7305973405859434 
263 91 0.6165616691435798 
263 226 0.11530111313496194 
263 256 0.30067778530262257 
263 264 0.5237327662353518 
263 266 0.15931612471814638 
263 304 0.48181956446577834 
263 322 0.6559187016655792 
263 324 0.9656355408688101 
264 263 0.675518709579877 
264 265 0.8395059111679857 
264 270 0.22754431317646528 
264 284 0.5702488320984022 
264 288 0.8961667490352201 
264 291 0.61318928272047 
264 294 0.08711966047502095 
264 297 0.8559479747062116 
264 299 0.5404451805354673 
264 311 0.6265227940921326 
264 315 0.6211854689414618 
264 316 0.8483341106562118 
264 330 0.6462676363026836 
264 344 0.0463939734148997 
264 392 0.6448041521613421 
264 411 0.4189119490035019 
264 457 0.026852421308106167 
265 264 0.4747276929882053 
265 268 0.9969789941696358 
265 276 0.05104597756591078 
265 346 0.9346861866233162 
265 382 0.6190807236152157 
265 396 0.34727444748084535 
265 414 0.8894959351264867 
266 263 0.40523232386736285 
266 267 0.16350378453383774 
266 272 0.7001311478501817 
266 309 0.3864301645458429 
266 324 0.5349121993020642 
266 325 0.66977784977307 
266 388 0.6028307069898525 
267 266 0.14558448877569075 
267 274 0.5444716679283699 
267 308 0.7115056554463022 
268 265 0.6826972704234571 
268 264 0.3171252604115098 
268 269 0.13027874322987465 
268 271 0.07590819409280825 
268 278 0.8102455450272124 
268 294 0.5915198775342846 
268 303 0.6386498263294225 
268 321 0.250299624520664 
268 329 0.4695923400916764 
269 268 0.11485386205380466 
269 271 0.20300045934247024 
269 278 0.42857533730273134 
269 288 0.2484175445683391 
269 297 0.7922107077435513 
269 303 0.7996838562749715 
269 306 0.5596767970553023 
269 329 0.21339548124353458 
269 346 0.9819402952579191 
270 264 0.7787510267304604 
270 275 0.08492442660774213 
270 277 0.3975877034497163 
270 284 0.09385854823428441 
270 287 0.3752641583732993 
270 429 0.5757025890963066 
271 269 0.018443665526976627 
271 268 0.6661627443442292 
271 279 0.09307372093790545 
271 283 0.25026353372754784 
271 310 0.018343367738332783 
271 347 0.7972251941297039 
271 373 0.5597254449408393 
272 266 0.597095319504173 
272 298 0.5831906313997077 
272 325 0.42618834581792986 
272 355 0.6834605514154707 
272 357 0.7797181241691318 
272 447 0.14449665669573297 
273 263 0.6836799464807163 
273 272 0.02365418313873513 
273 281 0.7767204416427004 
273 296 0.45611156553129084 
273 300 0.09415609517811874 
273 331 0.2756382206787984 
273 341 0.6041564261549528 
274 267 0.42164735370707107 
274 293 0.2114090502753354 
274 323 0.4618830540348875 
274 359 0.691540555933938 
274 393 0.13130563828685815 
275 270 0.030900420920282556 
275 285 0.5925110339975128 
275 292 0.9588399171189637 
275 368 0.8227745520284071 
275 450 0.2811498916147326 
276 268 0.4242776216608418 
276 264 0.6172182486124933 
276 265 0.6080511323446767 
276 267 0.9461393148597246 
276 286 0.24911434068760985 
276 290 0.18823501107758756 
276 292 0.25842679610397423 
276 304 0.5543862869167094 
276 333 0.7054253262581369 
276 349 0.8476026960591626 
276 370 0.8168378362136498 
276 374 0.2745410405614417 
276 389 0.543385881315634 
276 391 0.17557503381613426 
277 270 0.6798473067984209 
277 293 0.4204954025231785 
277 440 0.5414006900963506 
278 269 0.05471153609903345 
278 268 0.5487687957271467 
278 280 0.034569481365952726 
278 282 0.4830774617489475 
278 303 0.16759820087892374 
278 328 0.5684935284060499 
278 329 0.8323056672250292 
278 334 0.3739315920124615 
278 353 0.8169180358355133 
278 420 0.5209814108425179 
279 271 0.07325117021467242 
279 282 0.61022088604723 
279 283 0.6395065195357252 
279 301 0.5317808357361151 
279 365 0.8914843125479425 
279 433 0.3601923131211001 
280 278 0.7560807319626476 
280 284 0.29618560343765044 
280 285 0.10513703855252576 
280 307 0.9796987122129623 
280 328 0.003850726254508552 
280 334 0.6494994221227823 
280 479 0.34176076305062764 
281 273 0.7813128871436693 
281 344 0.9454790606045436 
281 372 0.6517628653372118 
281 439 0.21429729011805754 
282 271 0.11941278156166746 
282 278 0.6385522961703202 
282 279 0.6157726988815617 
282 301 0.20435468618037267 
282 332 0.6841401064765718 
282 402 0.8771482650438288 
282 418 0.623554928192358 
283 271 0.016152106880907513 
283 279 0.9775734154035816 
283 347 0.20787927820909835 
283 378 0.6357547866120552 
283 409 0.3724475810661335 
284 270 0.044130749949197745 
284 264 0.0769953693685721 
284 280 0.33841812410644545 
284 289 0.7738798916403871 
284 320 0.08461355169394524 
284 380 0.5815601064966043 
284 412 0.058854574400419746 
284 428 0.502971749272807 
284 430 0.32090405957823886 
284 442 0.8435948840775952 
284 448 0.8492512538158007 
284 449 0.6669220759708993 
285 280 0.32489563380856246 
285 275 0.59887750140379 
285 307 0.4222688420381161 
286 276 0.15412516574543655 
286 335 0.4085273019187945 
286 338 0.04909843047084794 
286 385 0.19894907529126704 
286 460 0.3360395387289212 
287 270 0.029909119810852536 
287 429 0.7783866659017665 
288 268 0.45677476611229195 
288 269 0.829567761292755 
288 264 0.17883023501925055 
288 312 0.3198987994067206 
288 417 0.9999669902446149 
289 287 0.9805779622158817 
289 284 0.5624200384170841 
289 314 0.34797496920958215 
289 381 0.06733036911170154 
290 274 0.396633683351057 
290 276 0.3468772636307079 
290 359 0.05096113833956195 
290 375 0.3914863514432635 
291 264 0.5566108440095092 
291 265 0.9702806514614132 
291 317 0.2364478070424728 
291 336 0.012476422990253422 
291 398 0.8981997377185749 
291 438 0.9372493504415004 
292 275 0.9825458443939552 
292 276 0.8113106056539899 
292 267 0.19169956614883377 
292 295 0.9376924627395159 
292 307 0.41337642693408383 
292 339 0.2641823326878545 
292 397 0.33470735688281195 
292 427 0.3951408879874 
293 277 0.4923035187836796 
293 274 0.3843119842439373 
293 305 0.4735545334312391 
293 429 0.15178913256141835 
294 264 0.5946742022828968 
294 268 0.8296222707461841 
294 302 0.6445737903501172 
294 336 0.6453566378625804 
294 350 0.5511573794999948 
294 363 0.5946584760370475 
294 380 0.18141419991889196 
294 434 0.4810329600075324 
295 292 0.7508144974831382 
295 285 0.0746059206115034 
295 308 0.3771043228393032 
295 441 0.6770082784770846 
295 451 0.1015086554630501 
296 273 0.8077093443959629 
296 281 0.9051565067724758 
296 318 0.1904789674268117 
297 268 0.7069517509584295 
297 269 0.48612446366720286 
297 264 0.8649209647108135 
297 319 0.592815384503519 
297 361 0.7702591961920485 
297 367 0.10185340346954708 
298 272 0.23733217796887196 
298 447 0.2672340990642643 
299 264 0.19309996396006168 
299 311 0.9974196983923663 
300 273 0.5983030087645685 
301 279 0.27354968482014363 
301 282 0.8407193710844595 
302 294 0.2830727014414747 
302 350 0.9458581708050953 
302 363 0.2457431035515606 
302 380 0.24965655752297589 
302 416 0.9161848074947955 
302 434 0.5911289962932597 
303 278 0.06626665209833138 
303 269 0.899638933186944 
303 268 0.5863449739037662 
303 343 0.734306748096771 
303 348 0.5312463467014986 
303 356 0.0069493246235728945 
304 263 0.7815499427591586 
304 276 0.49869090469368793 
304 400 0.18094586707422655 
305 293 0.7927505257846214 
306 269 0.06987426096887639 
307 285 0.8354486172834816 
307 280 0.7945442280737424 
307 292 0.64858728914785 
307 313 0.8178257806909548 
307 376 0.36769358736083146 
307 377 0.5631461375596625 
307 435 0.3239226501806185 
307 492 0.2556483950250631 
308 267 0.05433475274091071 
308 295 0.3787303296965281 
308 325 0.14694793611726842 
309 266 0.5586682355002462 
309 324 0.5060699649478164 
310 271 0.23900404298662958 
310 283 0.3790758439450437 
310 340 0.16488793521011036 
310 386 0.2111605479625588 
310 399 0.4967300806966527 
310 406 0.18977951929213444 
311 264 0.10595365781575994 
311 299 0.9403170229081137 
311 316 0.335086078165447 
311 330 0.5789875497731533 
311 457 0.19261468532609283 
312 288 0.11563570650981636 
312 277 0.11711964294936472 
313 307 0.8603034914676175 
314 289 0.9112461100952296 
314 459 0.7213290626698823 
315 264 0.3159402400600686 
315 330 0.6099958508488659 
316 311 0.9224877460503713 
316 264 0.011222057102062477 
316 341 0.5926065060431124 
316 344 0.5121170147269164 
316 423 0.39723652917469254 
317 291 0.6994337324371231 
317 336 0.8485099087308006 
317 352 0.22640859011288172 
317 438 0.61214360222624 
318 296 0.9512423831375815 
318 316 0.9005551023365421 
318 341 0.026073774563798002 
318 424 0.43032171884629233 
319 297 0.4218104340839419 
320 284 0.8432392664939042 
320 442 0.7394925720348583 
320 449 0.19380793796700746 
321 268 0.387863245331185 
321 269 0.34536403873630284 
322 263 0.013063879549641944 
323 274 0.6536402858109817 
324 272 0.8419333650583747 
324 266 0.20251139658070194 
324 263 0.916152858307331 
324 309 0.6414568940046536 
324 326 0.7359730997533541 
324 351 0.13672800331253876 
325 272 0.20572791195802875 
325 266 0.646487605361853 
325 308 0.08928473412303128 
326 324 0.6989805300769037 
326 351 0.1187547611576969 
327 272 0.2305312666958158 
327 273 0.5051571698333295 
327 296 0.8677543463628251 
327 458 0.7674129118284668 
328 278 0.7457107644712588 
328 280 0.7540708371953401 
328 366 0.6921488023996792 
328 401 0.6700184190256165 
328 404 0.4901257345022446 
329 278 0.03430291237124983 
329 269 0.6291125893325044 
329 268 0.09988765338328487 
329 419 0.21631967574249134 
330 315 0.37646544777427293 
330 311 0.3732027150199667 
330 284 8.308736393536353e-05 
330 264 0.2550664020601928 
330 422 0.37115074913070756 
331 273 0.12356620855589395 
331 316 0.6780083815766036 
331 337 0.3617137501034875 
331 360 0.3535402802268651 
331 408 0.7615210048979678 
332 282 0.9552572343896506 
333 276 0.6144639335075246 
333 349 0.24821009445934994 
333 370 0.10694553504513826 
333 389 0.02098294279508295 
334 278 0.05454153208215262 
334 280 0.39854823913596826 
334 358 0.7015387246667772 
334 362 0.571096783897271 
334 387 0.5501946514016508 
334 390 0.8972082390163225 
334 436 0.8027602514308491 
334 443 0.06261556859049189 
335 286 0.3375375897096925 
336 294 0.23401588455168243 
336 317 0.9291980228780157 
336 291 0.938094576275447 
336 302 0.7118030645409794 
336 346 0.9136647353342046 
336 413 0.8458416949812584 
336 453 0.878571633249583 
337 331 0.7901034290566538 
337 360 0.6085597247353995 
337 388 0.5324604824322821 
337 408 0.1646615406822346 
338 286 0.9449224265007885 
338 335 0.26308222660525504 
338 395 0.6372598198587787 
338 460 0.35005902036141456 
339 292 0.26584897103113503 
339 397 0.17302589130548407 
340 310 0.47473323134104006 
340 347 0.003093009793896706 
340 399 0.9224674237754458 
341 273 0.9165275566332942 
341 318 0.9862099846800334 
341 316 0.32711215981363495 
342 302 0.5199377744074521 
342 284 0.4966690330387308 
342 332 0.1532530386753751 
342 345 0.699786450604866 
343 303 0.9841108800348923 
343 356 0.13872433439803322 
344 281 0.5529168820092148 
344 264 0.7249038687110572 
344 318 0.3738079495352369 
344 316 0.25357526267881547 
344 455 0.951145014203843 
345 342 0.7343770364200003 
346 303 0.13122527296147735 
346 265 0.6644533205559796 
346 336 0.4454002705178193 
346 269 0.5793844087478065 
346 421 0.7327551790262661 
347 271 0.5968588145455764 
347 283 0.16494406257881733 
347 340 0.9687464878727409 
348 303 0.05415956519078036 
348 343 0.43990320736954713 
349 276 0.840961289828952 
349 333 0.7921204623345915 
350 294 0.10566840422922286 
350 302 0.1960155203643842 
351 324 0.39477017204514664 
351 326 0.34482383666821026 
352 317 0.01293951301927887 
352 291 0.23290665631201268 
352 398 0.06707702789622672 
353 278 0.9855834938272684 
354 267 0.7005875956512015 
354 444 0.662600018407831 
355 272 0.11539029808761514 
355 298 0.5209689393869141 
355 357 0.2758998805097682 
355 379 0.4383836389368402 
356 303 0.8328898020142357 
356 343 0.28685522249054407 
356 364 0.22600659864548178 
356 369 0.5813749535796645 
356 437 0.759491913443261 
357 272 0.4671309268147773 
357 355 0.31663690102147357 
358 334 0.12503963958465025 
358 384 0.6785063915841385 
359 274 0.9113573167985184 
359 290 0.9932119110060772 
359 371 0.8025414477741071 
359 405 0.5751165502403353 
360 331 0.9949578428976233 
360 337 0.3357644064399147 
361 297 0.33522643597716295 
362 334 0.8518872113821441 
362 279 0.021919554700887578 
362 425 0.033005765304106593 
362 479 0.6075661978610294 
363 302 0.535352186412644 
363 294 0.31931429889529517 
363 416 0.6416140120890275 
363 434 0.0033343504407251645 
364 356 0.34660233447435806 
364 369 0.4321045018537357 
365 279 0.7667619328027927 
366 328 0.6995219921544892 
366 401 0.4519518239584652 
367 319 0.7513238424297891 
367 297 0.4521753191791761 
367 391 0.7192786386903965 
368 275 0.3959237957431584 
369 340 0.4069877890096145 
369 364 0.5916718236475467 
369 356 0.5867480220702862 
370 276 0.6133022630769004 
370 333 0.5726840899322642 
370 389 0.42335664688872277 
371 359 0.6523389197345946 
371 375 0.48287903410288613 
371 410 0.5416823749696658 
371 431 0.15721569388474255 
372 281 0.4976937551469035 
373 271 0.16447807696689543 
374 328 0.9736046481280459 
374 276 0.5140293196048829 
374 333 0.1879164491194012 
374 407 0.48329483977128307 
374 454 0.10638047326207245 
375 290 0.5140775297771992 
375 371 0.10410051579623414 
375 403 0.7478907792975905 
376 307 0.49498138538698533 
376 313 0.14230265875495485 
376 377 0.11982745575572629 
377 307 0.1516237767206715 
377 376 0.12661954457934266 
377 313 0.01718412424943816 
377 435 0.10639672507787712 
378 283 0.7929664269427649 
379 355 0.8175342269504934 
379 298 0.6860371925865361 
379 275 0.8987489199592222 
379 272 0.49330422850354705 
380 302 0.5703453855892932 
380 363 0.07602296180834656 
380 330 0.1434803352716354 
380 284 0.40935502860578843 
380 294 0.14966151310778253 
381 289 0.3200557543159297 
381 336 0.10613585503406087 
381 284 0.8763477551399637 
381 288 0.5563280999530695 
382 265 0.0642979373113951 
382 396 0.9414417290395991 
383 294 0.07097064123748886 
383 302 0.9324642296229365 
383 350 0.40409679261352716 
384 358 0.19852616432368286 
385 286 0.657735951389291 
385 338 0.7040511440425561 
385 335 0.6188001459245125 
385 395 0.7970849470386191 
385 415 0.9909754768102892 
386 310 0.9069146040977559 
387 334 0.10364814008340428 
387 390 0.13614487209954174 
387 436 0.17616842115426057 
387 443 0.6190389593019233 
388 337 0.06036468914403914 
388 331 0.6671483382394199 
388 266 0.5170432958272142 
389 276 0.11695038648224454 
389 333 0.2214022562254745 
389 370 0.20866629768252032 
389 391 0.5221434279017421 
390 387 0.3922601233975279 
390 334 0.6177335966901006 
390 307 0.0025477436498148043 
390 426 0.8278321340818066 
391 333 0.6157313276273821 
391 276 0.35989304571001646 
391 389 0.09920972300369302 
391 367 0.9172661841228271 
392 264 0.4164794742113891 
393 274 0.23605567718542542 
393 394 0.8096335700751482 
394 393 0.8842349699921067 
395 385 0.9997239975430565 
395 338 0.2058071745080613 
395 460 0.38490729799417345 
396 265 0.5142764905602992 
396 382 0.6600197785078673 
397 292 0.3216835208205927 
397 339 0.5131520034978855 
398 291 0.6236460688990185 
398 352 0.2363061032572703 
399 340 0.0038187738218424805 
399 310 0.6606382749986011 
400 304 0.37482328592462844 
401 366 0.48890661781877554 
401 328 0.4470650335155183 
401 404 0.39040231406517645 
402 282 0.1473079388721128 
403 375 0.7443658981201942 
404 328 0.06931493154722201 
404 401 0.835190591387835 
404 366 0.8523918405011716 
405 359 0.3057539784795016 
406 310 0.22712385124005863 
406 386 0.5370060631354397 
406 340 0.44513973721476463 
407 374 0.004224036779543305 
407 454 0.7946997767435634 
408 337 0.9280254522476913 
408 331 0.23767734630086645 
409 283 0.950081711657231 
410 371 0.4439807558226392 
410 375 0.14968068111735533 
411 392 0.8656481303421774 
411 264 0.41942843214802705 
411 311 0.8828405607358543 
412 284 0.07816085723806099 
413 336 0.4955353883300445 
414 265 0.33157523371171493 
415 385 0.551136806508186 
415 395 0.048465521949106805 
415 286 0.7354223678115815 
416 294 0.3263858551537897 
416 302 0.6768396427353842 
416 363 0.2885339810082336 
417 288 0.35620588430006916 
417 381 0.5165877454133784 
417 456 0.6279643852222297 
418 282 0.024772910638547585 
419 303 0.9382471583038892 
419 347 0.3559107512886339 
419 329 0.469164391151752 
420 278 0.8895164993891174 
421 346 0.10377460735090638 
422 330 0.6112616054387486 
423 316 0.8905584650739838 
424 318 0.7050359421723112 
425 362 0.6644954350393518 
426 390 0.06743659132565327 
427 339 0.795711071696012 
427 292 0.4561554945192994 
428 284 0.5374171183287971 
429 287 0.1971361304315834 
429 270 0.6392994237596867 
429 293 0.07529416366706276 
430 284 0.14182841331130303 
430 412 0.28773787439039844 
430 320 0.6320844573860965 
430 428 0.8178201385770687 
431 371 0.30594396011463076 
431 452 0.7167289453947648 
432 342 0.35818847391077646 
432 369 0.5477813332887709 
432 363 0.7804679091949578 
432 294 0.8406253138848627 
433 279 0.9024490870198488 
434 302 0.4930591845854482 
434 363 0.23193031398011554 
434 294 0.28434309577617156 
435 307 0.3372127235982958 
435 377 0.89027400056819 
436 387 0.8281885317334124 
436 334 0.616219432964316 
437 356 0.4289480588591179 
438 291 0.0896755488204638 
438 398 0.8760938906670195 
438 317 0.4867812590350852 
439 372 0.24254764617211166 
439 281 0.812363211257907 
440 277 0.9211228931694927 
441 295 0.5141944119480613 
441 461 0.5881121029855855 
442 320 0.1068612348784509 
442 284 0.9271605486617448 
443 334 0.2978838294147199 
443 387 0.49096537472438473 
443 436 0.034432222320862516 
444 354 0.5188720219335506 
444 267 0.5754549345531113 
445 331 0.8602804578290465 
446 318 0.36680825184591936 
446 424 0.9443879667714652 
447 272 0.5317396204182224 
447 298 0.1382327710085287 
448 285 0.8126200661611593 
448 275 0.42102217244403095 
448 284 0.7646051828311459 
448 334 0.8189610042126412 
448 280 0.07365467035822704 
449 284 0.36356328217059686 
449 320 0.03503892259650043 
450 275 0.3363492560958281 
451 295 0.4102519577851331 
452 371 0.6138849376165535 
452 431 0.7396680327245021 
452 277 0.64152668403033 
453 336 0.5341581729647276 
454 374 0.9102758692226364 
454 407 0.1533484829320756 
455 344 0.0510007698718381 
456 417 0.1533028975629407 
457 264 0.848106692760463 
457 311 0.6708068464215244 
458 327 0.5795859645267932 
459 314 0.35073570602116455 
460 395 0.9883780490483108 
460 385 0.6563113515590882 
460 415 0.644822128461523 
460 338 0.21349841855210105 
460 286 0.7760892874635877 
461 267 0.5137397416367068 
461 286 0.08710379063519358 
461 270 0.32141129276193214 
461 441 0.6460343112474198 
461 98 0.33335933543587304 
461 462 0.6508835672884409 
461 463 0.07112832841516059 
462 461 0.9546962809641345 
463 461 0.08537494474503282 
464 180 0.2125820219452933 
464 319 0.8264978098257142 
464 58 0.28939707212318644 
464 8 0.1566794813828677 
464 17 0.5624223081098049 
464 465 0.8400726975759596 
464 467 0.6448328746679944 
464 468 0.2819010152283311 
464 472 0.6705070788493397 
464 474 0.4295423992061479 
465 464 0.7915975006320317 
465 466 0.2594379324999416 
465 469 0.044450987900049865 
465 477 0.621480299679292 
466 465 0.014304557002936424 
467 464 0.30555980257802395 
467 473 0.07212334664224773 
467 475 0.8922809826286051 
468 464 0.5011290774247408 
468 470 0.7731000698377221 
468 471 0.7467154946280018 
468 476 0.8656198880169106 
469 465 0.7334307104042426 
470 468 0.4268130724595529 
470 476 0.6319450319679429 
471 468 0.17458708637696685 
471 470 0.879002176034982 
471 473 0.9955009406764803 
472 470 0.4017768271614094 
472 464 0.1489063378101685 
472 471 0.34238125557314414 
472 478 0.3521476274622536 
473 471 0.7798857371640049 
473 464 0.7076405729786371 
473 467 0.4851120404990782 
473 474 0.29184169068213006 
474 473 0.8683448958600705 
474 464 0.34641349874189753 
475 467 0.9133961679868937 
476 470 0.23577250701375685 
476 472 0.10596080775631445 
476 468 0.4269890118373113 
477 465 0.43911565505049854 
477 469 0.2569836887250988 
478 472 0.47928446740753883 
479 280 0.09357266081896964 
479 55 0.7883900095944677 
479 362 0.8001055087226652 
479 32 0.5028146938545639 
479 329 0.4568428861474242 
479 480 0.12686305534340503 
480 479 0.5805247136322653 
481 32 0.46109135953899694 
481 390 0.20658173379284417 
481 377 0.5295217971418431 
481 221 0.3685003650056913 
481 50 0.47833208809775263 
481 482 0.7007167037232741 
481 483 0.6010866611709722 
481 484 0.9184891330422507 
481 485 0.898394642899795 
481 491 0.7273776134023409 
482 481 0.4234596641140961 
482 483 0.039235652717696246 
482 484 0.9730418509002777 
483 481 0.5470427755368692 
483 482 0.3247634735221405 
484 481 0.1517823739543641 
484 482 0.09025023303872726 
484 486 0.3855928474839131 
484 487 0.916760965026713 
484 488 0.8127210302159171 
485 481 0.04271317747645853 
485 482 0.8235277076243734 
485 490 0.7772604550714874 
486 484 0.7478811800441785 
487 484 0.383732938624188 
487 488 0.26243324766355014 
488 484 0.9940519650473789 
488 487 0.934139474837333 
489 487 0.4198731296730711 
489 484 0.9082752097731046 
490 485 0.26530560194627595 
491 481 0.08043455025698876 
492 38 0.07224120291531955 
492 142 0.7840124270857097 
492 24 0.41577580884983867 
492 125 0.6311929932363116 
492 307 0.8638506013020208 
492 493 0.18217247850436813 
492 494 0.03173313658738086 
492 495 0.9802908774059024 
492 498 0.4839516054402915 
493 492 0.3045136797574425 
494 492 0.39211368741944497 
495 492 0.10657074214525153 
495 496 0.7758465869937986 
495 497 0.4235930213300336 
496 495 0.7735351939708162 
496 499 0.2992344946479114 
497 495 0.0030863745671738663 
498 492 0.5104384756820228 
499 496 0.46920143942137915 
