500
0 1 0.25 
0 3 0.0625 
0 4 0.25 
1 0 0.0625 
1 2 0.015625 
1 3 0.25 
1 5 0.0625 
2 1 0.0625 
2 5 0.015625 
3 1 0.0625 
3 0 0.25 
4 0 0.25 
4 12 0.015625 
5 1 0.0625 
5 2 0.25 
5 6 0.25 
5 7 0.015625 
5 8 0.0625 
6 5 0.25 
6 9 0.015625 
7 5 0.015625 
8 5 0.0625 
8 11 0.015625 
9 6 0.0625 
9 10 0.0625 
9 12 0.015625 
10 9 0.015625 
10 11 0.0625 
11 10 0.0625 
11 8 0.25 
12 9 0.0625 
12 4 0.0625 
12 1 0.25 
12 13 0.25 
12 15 0.0625 
12 19 0.25 
12 26 0.0625 
12 27 0.015625 
12 53 0.0625 
12 69 0.015625 
12 81 0.25 
12 114 0.25 
12 164 0.25 
12 184 0.25 
12 223 0.25 
13 12 0.015625 
13 17 0.25 
13 21 0.015625 
13 24 0.25 
13 28 0.25 
13 37 0.015625 
13 43 0.25 
13 59 0.015625 
13 214 0.015625 
13 464 0.0625 
14 13 0.0625 
14 16 0.25 
14 20 0.25 
14 22 0.25 
14 25 0.25 
14 29 0.015625 
14 31 0.25 
14 36 0.015625 
14 38 0.0625 
14 39 0.0625 
14 49 0.015625 
14 117 0.25 
14 178 0.015625 
15 12 0.0625 
16 14 0.25 
16 18 0.0625 
16 36 0.0625 
16 40 0.015625 
16 54 0.015625 
16 91 0.0625 
17 13 0.25 
17 22 0.0625 
17 28 0.25 
17 57 0.0625 
18 16 0.015625 
19 12 0.015625 
19 128 0.0625 
20 14 0.0625 
20 22 0.25 
20 23 0.25 
20 44 0.015625 
20 117 0.015625 
21 13 0.015625 
21 34 0.015625 
21 68 0.0625 
21 95 0.015625 
21 124 0.015625 
21 190 0.25 
21 205 0.0625 
22 17 0.0625 
22 20 0.0625 
22 14 0.015625 
22 29 0.0625 
22 38 0.015625 
22 111 0.015625 
22 127 0.0625 
22 146 0.015625 
23 20 0.015625 
23 48 0.0625 
23 85 0.015625 
23 175 0.25 
24 21 0.0625 
24 13 0.015625 
24 74 0.015625 
24 84 0.015625 
24 96 0.0625 
24 149 0.0625 
24 153 0.015625 
25 14 0.25 
25 31 0.0625 
25 32 0.25 
25 39 0.015625 
25 178 0.0625 
26 12 0.015625 
26 15 0.015625 
26 86 0.0625 
26 100 0.25 
27 12 0.25 
27 101 0.015625 
27 176 0.015625 
27 481 0.0625 
28 13 0.015625 
28 17 0.25 
28 35 0.0625 
28 58 0.25 
28 77 0.25 
28 78 0.25 
28 83 0.25 
28 94 0.25 
28 187 0.015625 
28 211 0.0625 
29 22 0.0625 
29 14 0.0625 
29 30 0.0625 
29 38 0.015625 
29 80 0.25 
29 104 0.25 
30 29 0.015625 
30 71 0.015625 
30 97 0.25 
30 139 0.25 
31 25 0.0625 
31 14 0.0625 
31 178 0.015625 
32 25 0.0625 
32 14 0.015625 
32 31 0.0625 
32 36 0.25 
32 40 0.25 
32 49 0.015625 
32 54 0.0625 
32 60 0.015625 
33 28 0.015625 
33 52 0.25 
33 152 0.015625 
34 21 0.25 
34 29 0.015625 
34 41 0.015625 
34 88 0.015625 
34 124 0.0625 
35 28 0.015625 
35 77 0.0625 
35 78 0.015625 
35 187 0.25 
35 211 0.015625 
36 16 0.25 
36 32 0.015625 
36 18 0.25 
36 14 0.0625 
36 49 0.015625 
36 76 0.25 
36 207 0.015625 
36 217 0.0625 
37 13 0.015625 
37 59 0.0625 
37 261 0.25 
38 14 0.25 
38 22 0.25 
38 29 0.0625 
38 218 0.0625 
39 14 0.0625 
39 25 0.0625 
39 90 0.015625 
39 107 0.015625 
40 16 0.0625 
40 14 0.015625 
40 32 0.015625 
40 64 0.0625 
40 73 0.25 
41 34 0.0625 
41 42 0.015625 
41 88 0.25 
41 95 0.25 
42 41 0.0625 
42 34 0.0625 
42 13 0.25 
42 46 0.0625 
42 47 0.0625 
42 56 0.0625 
42 58 0.25 
42 63 0.015625 
42 66 0.25 
42 67 0.0625 
42 73 0.015625 
42 106 0.0625 
42 126 0.015625 
42 144 0.015625 
42 148 0.015625 
42 213 0.25 
43 13 0.25 
43 51 0.015625 
43 55 0.0625 
43 62 0.0625 
43 70 0.0625 
43 92 0.25 
43 103 0.0625 
43 125 0.25 
43 130 0.015625 
43 166 0.25 
44 20 0.25 
45 42 0.015625 
45 57 0.015625 
45 106 0.25 
45 144 0.25 
45 148 0.0625 
45 163 0.015625 
45 213 0.015625 
45 221 0.015625 
45 479 0.25 
46 42 0.0625 
46 106 0.0625 
47 42 0.015625 
47 46 0.0625 
47 63 0.015625 
48 23 0.0625 
48 85 0.0625 
48 136 0.25 
48 175 0.015625 
49 32 0.015625 
49 36 0.0625 
49 39 0.25 
49 14 0.0625 
49 50 0.0625 
49 98 0.25 
49 131 0.0625 
49 182 0.0625 
50 38 0.0625 
50 49 0.25 
50 22 0.015625 
50 146 0.25 
50 182 0.0625 
50 218 0.25 
51 43 0.0625 
51 108 0.015625 
51 130 0.0625 
51 156 0.25 
52 33 0.0625 
52 29 0.25 
52 30 0.0625 
53 12 0.015625 
53 69 0.015625 
54 16 0.015625 
54 32 0.015625 
54 39 0.0625 
54 61 0.015625 
54 109 0.015625 
55 43 0.015625 
55 16 0.25 
55 110 0.0625 
55 133 0.015625 
55 161 0.25 
55 162 0.0625 
56 14 0.25 
56 40 0.015625 
56 42 0.015625 
56 63 0.25 
56 118 0.015625 
56 159 0.0625 
56 171 0.015625 
57 17 0.0625 
57 45 0.0625 
57 65 0.0625 
57 79 0.015625 
58 28 0.0625 
58 45 0.015625 
58 36 0.25 
58 42 0.015625 
58 93 0.015625 
58 94 0.0625 
58 99 0.015625 
58 123 0.015625 
58 151 0.25 
58 173 0.015625 
59 13 0.0625 
59 37 0.015625 
59 66 0.015625 
59 94 0.015625 
59 214 0.015625 
60 49 0.015625 
60 32 0.015625 
60 145 0.0625 
61 54 0.015625 
61 131 0.015625 
61 143 0.0625 
62 43 0.25 
62 92 0.015625 
62 103 0.015625 
62 122 0.015625 
62 130 0.015625 
63 56 0.0625 
63 42 0.25 
63 46 0.0625 
63 47 0.0625 
63 80 0.015625 
64 40 0.015625 
65 57 0.0625 
66 59 0.015625 
66 47 0.015625 
66 42 0.015625 
66 119 0.0625 
66 134 0.015625 
66 210 0.25 
66 215 0.015625 
67 42 0.0625 
67 45 0.0625 
67 47 0.25 
68 21 0.25 
69 12 0.25 
69 53 0.015625 
70 43 0.25 
70 66 0.25 
70 62 0.015625 
70 72 0.25 
70 73 0.0625 
70 120 0.0625 
70 170 0.015625 
70 177 0.25 
71 30 0.25 
71 75 0.015625 
71 121 0.0625 
72 70 0.25 
72 170 0.25 
73 40 0.015625 
73 47 0.015625 
73 70 0.0625 
73 42 0.25 
73 165 0.25 
73 193 0.25 
73 203 0.0625 
74 24 0.0625 
74 43 0.015625 
74 84 0.25 
74 116 0.25 
75 71 0.0625 
75 82 0.0625 
76 36 0.0625 
76 181 0.25 
77 28 0.015625 
77 35 0.0625 
77 83 0.25 
77 123 0.015625 
78 35 0.0625 
78 28 0.015625 
78 52 0.25 
78 89 0.0625 
78 93 0.0625 
78 104 0.015625 
78 138 0.25 
78 140 0.0625 
78 461 0.25 
79 57 0.25 
80 29 0.25 
80 63 0.015625 
81 12 0.25 
81 53 0.25 
81 167 0.0625 
81 184 0.25 
81 263 0.0625 
82 75 0.0625 
82 71 0.0625 
82 152 0.015625 
82 158 0.0625 
82 202 0.25 
83 35 0.0625 
83 28 0.25 
83 77 0.25 
83 123 0.015625 
83 187 0.0625 
83 211 0.25 
84 24 0.25 
84 74 0.015625 
84 168 0.015625 
84 209 0.25 
85 23 0.015625 
85 48 0.0625 
86 26 0.015625 
86 12 0.25 
86 119 0.015625 
86 128 0.0625 
87 69 0.015625 
87 81 0.0625 
87 12 0.015625 
88 41 0.25 
88 34 0.0625 
89 78 0.25 
89 140 0.015625 
89 256 0.0625 
90 39 0.0625 
90 107 0.015625 
91 16 0.015625 
92 62 0.25 
92 43 0.25 
92 51 0.015625 
92 108 0.015625 
93 78 0.0625 
93 30 0.0625 
93 58 0.25 
93 189 0.015625 
93 212 0.25 
94 43 0.25 
94 28 0.25 
94 93 0.015625 
94 59 0.25 
94 58 0.25 
94 121 0.25 
94 132 0.0625 
94 198 0.015625 
95 21 0.015625 
95 41 0.015625 
95 42 0.0625 
95 102 0.0625 
95 105 0.25 
95 106 0.015625 
95 174 0.25 
96 24 0.25 
96 111 0.015625 
96 155 0.0625 
97 30 0.0625 
98 49 0.015625 
99 58 0.25 
100 26 0.25 
101 27 0.25 
101 164 0.0625 
101 176 0.0625 
101 185 0.0625 
101 204 0.015625 
102 95 0.015625 
102 195 0.015625 
102 206 0.0625 
103 43 0.25 
103 62 0.015625 
103 125 0.0625 
104 29 0.0625 
104 78 0.015625 
104 180 0.25 
104 183 0.015625 
104 188 0.015625 
105 95 0.0625 
106 95 0.25 
106 45 0.015625 
106 42 0.0625 
106 46 0.25 
106 112 0.25 
106 135 0.0625 
106 172 0.25 
106 179 0.015625 
107 90 0.25 
107 39 0.0625 
108 43 0.25 
108 92 0.015625 
108 103 0.015625 
108 51 0.015625 
108 166 0.0625 
109 90 0.25 
109 54 0.0625 
109 39 0.015625 
110 55 0.25 
110 141 0.015625 
111 96 0.25 
111 22 0.015625 
112 106 0.25 
112 172 0.015625 
112 179 0.015625 
113 24 0.0625 
113 137 0.015625 
113 192 0.25 
114 12 0.0625 
114 101 0.015625 
114 27 0.25 
115 78 0.0625 
116 74 0.015625 
117 14 0.015625 
117 20 0.25 
117 142 0.015625 
118 56 0.0625 
118 171 0.0625 
119 66 0.0625 
119 86 0.0625 
119 157 0.0625 
120 70 0.015625 
121 83 0.25 
121 71 0.015625 
121 28 0.0625 
121 94 0.015625 
121 147 0.25 
121 154 0.015625 
122 62 0.0625 
122 43 0.0625 
122 92 0.0625 
122 51 0.25 
123 83 0.0625 
123 58 0.0625 
123 94 0.25 
123 77 0.015625 
123 170 0.015625 
124 21 0.015625 
124 34 0.0625 
124 114 0.25 
124 150 0.0625 
124 160 0.0625 
124 196 0.25 
125 43 0.25 
125 103 0.25 
126 42 0.25 
126 148 0.0625 
127 22 0.0625 
127 38 0.015625 
127 50 0.0625 
127 129 0.015625 
127 136 0.0625 
128 19 0.015625 
128 86 0.25 
129 127 0.015625 
130 43 0.015625 
130 51 0.015625 
130 62 0.0625 
130 200 0.25 
131 49 0.0625 
131 61 0.015625 
132 94 0.0625 
133 110 0.0625 
133 55 0.015625 
133 161 0.0625 
134 66 0.0625 
135 106 0.015625 
136 48 0.25 
136 127 0.0625 
137 113 0.0625 
137 192 0.015625 
138 78 0.015625 
139 30 0.0625 
140 78 0.015625 
140 89 0.25 
141 110 0.25 
141 133 0.25 
141 55 0.25 
141 162 0.0625 
142 117 0.0625 
143 61 0.015625 
144 45 0.015625 
144 42 0.25 
144 163 0.0625 
145 60 0.015625 
146 22 0.25 
146 50 0.25 
147 121 0.0625 
147 158 0.0625 
148 45 0.015625 
148 42 0.015625 
148 144 0.25 
148 126 0.0625 
148 163 0.0625 
149 24 0.015625 
150 124 0.015625 
150 160 0.25 
150 196 0.015625 
151 58 0.0625 
151 94 0.0625 
151 132 0.015625 
152 82 0.015625 
152 33 0.015625 
152 197 0.25 
153 24 0.015625 
154 121 0.0625 
154 256 0.25 
155 96 0.0625 
155 153 0.015625 
155 167 0.0625 
155 169 0.015625 
156 62 0.0625 
156 51 0.015625 
156 92 0.25 
157 119 0.0625 
158 154 0.015625 
158 147 0.25 
158 82 0.25 
158 121 0.0625 
158 194 0.0625 
158 201 0.25 
159 56 0.0625 
159 118 0.015625 
159 171 0.015625 
160 124 0.015625 
160 150 0.015625 
160 196 0.25 
161 55 0.25 
161 133 0.25 
161 110 0.015625 
161 141 0.25 
161 186 0.0625 
162 141 0.25 
162 55 0.0625 
163 144 0.25 
163 45 0.25 
163 47 0.0625 
163 148 0.0625 
164 101 0.25 
164 12 0.015625 
164 27 0.0625 
164 222 0.25 
165 73 0.0625 
165 193 0.015625 
165 203 0.25 
166 43 0.015625 
166 62 0.015625 
166 108 0.25 
167 81 0.25 
167 155 0.25 
168 84 0.25 
169 155 0.015625 
170 70 0.015625 
170 72 0.0625 
170 123 0.015625 
171 56 0.25 
171 118 0.015625 
171 159 0.015625 
172 106 0.015625 
172 112 0.015625 
173 58 0.0625 
174 95 0.015625 
175 48 0.0625 
175 23 0.25 
175 208 0.015625 
176 101 0.0625 
176 27 0.015625 
176 216 0.0625 
177 70 0.015625 
178 25 0.0625 
178 31 0.015625 
178 14 0.0625 
179 135 0.015625 
179 112 0.25 
179 106 0.25 
180 104 0.015625 
180 183 0.0625 
181 76 0.015625 
182 49 0.0625 
182 50 0.25 
183 104 0.015625 
183 180 0.0625 
183 188 0.0625 
184 12 0.25 
184 81 0.015625 
185 101 0.25 
185 176 0.015625 
186 110 0.25 
186 133 0.25 
186 161 0.0625 
187 28 0.015625 
187 83 0.0625 
187 35 0.0625 
188 104 0.0625 
188 183 0.25 
188 180 0.25 
189 93 0.0625 
190 21 0.25 
190 219 0.0625 
190 481 0.015625 
191 47 0.25 
191 45 0.0625 
191 42 0.25 
192 113 0.0625 
192 137 0.015625 
193 73 0.015625 
193 165 0.015625 
193 203 0.015625 
194 158 0.0625 
195 102 0.25 
195 206 0.25 
196 124 0.25 
196 160 0.25 
196 150 0.015625 
197 152 0.0625 
198 94 0.0625 
199 159 0.015625 
199 171 0.015625 
199 56 0.015625 
200 130 0.25 
200 153 0.015625 
200 43 0.015625 
201 158 0.0625 
201 94 0.0625 
202 82 0.0625 
203 73 0.0625 
203 165 0.25 
203 193 0.0625 
204 27 0.25 
204 101 0.015625 
204 176 0.25 
204 216 0.015625 
204 223 0.25 
205 21 0.0625 
205 219 0.0625 
206 102 0.25 
206 195 0.0625 
207 36 0.0625 
207 146 0.015625 
208 175 0.015625 
209 84 0.25 
210 66 0.015625 
210 134 0.015625 
210 464 0.015625 
211 35 0.015625 
211 28 0.015625 
211 83 0.015625 
212 93 0.015625 
213 42 0.0625 
213 45 0.0625 
213 47 0.0625 
213 46 0.0625 
214 13 0.25 
214 59 0.0625 
214 37 0.015625 
215 134 0.0625 
215 66 0.0625 
216 176 0.015625 
216 101 0.015625 
216 204 0.0625 
217 36 0.015625 
217 146 0.25 
217 218 0.0625 
217 220 0.015625 
218 50 0.015625 
218 38 0.015625 
218 217 0.0625 
219 21 0.25 
219 205 0.25 
219 190 0.25 
220 217 0.015625 
221 213 0.0625 
221 148 0.015625 
221 47 0.0625 
221 45 0.015625 
222 164 0.25 
222 223 0.0625 
223 9 0.015625 
223 204 0.0625 
223 12 0.0625 
223 53 0.015625 
223 222 0.25 
223 224 0.25 
223 226 0.015625 
224 223 0.015625 
224 225 0.015625 
224 229 0.25 
225 224 0.25 
225 223 0.25 
226 223 0.015625 
226 225 0.015625 
226 227 0.0625 
226 235 0.015625 
227 226 0.015625 
227 235 0.015625 
228 224 0.25 
228 229 0.25 
229 224 0.25 
229 228 0.015625 
229 232 0.25 
229 234 0.25 
230 224 0.015625 
230 231 0.0625 
230 236 0.25 
231 230 0.015625 
231 233 0.25 
231 237 0.0625 
232 229 0.25 
233 231 0.015625 
234 229 0.0625 
235 226 0.25 
235 223 0.0625 
235 227 0.015625 
236 230 0.0625 
237 231 0.25 
238 20 0.0625 
238 231 0.25 
238 31 0.25 
238 54 0.25 
238 237 0.0625 
238 239 0.0625 
238 240 0.015625 
238 248 0.25 
239 238 0.015625 
239 242 0.0625 
240 238 0.25 
240 241 0.015625 
240 243 0.25 
240 246 0.25 
241 240 0.015625 
241 244 0.0625 
241 251 0.015625 
242 239 0.0625 
242 245 0.25 
242 252 0.0625 
243 240 0.25 
243 244 0.25 
243 255 0.0625 
244 243 0.0625 
244 241 0.015625 
244 247 0.015625 
244 249 0.015625 
244 251 0.015625 
244 255 0.25 
245 242 0.25 
245 246 0.015625 
245 253 0.25 
246 240 0.0625 
246 245 0.0625 
246 249 0.015625 
246 253 0.0625 
247 244 0.015625 
248 238 0.0625 
249 244 0.25 
249 247 0.015625 
249 246 0.015625 
249 250 0.25 
249 251 0.25 
250 249 0.015625 
251 244 0.015625 
251 249 0.015625 
251 241 0.015625 
251 481 0.015625 
252 242 0.015625 
253 246 0.25 
253 245 0.25 
254 249 0.0625 
255 244 0.0625 
255 243 0.25 
256 89 0.015625 
256 83 0.015625 
256 154 0.25 
256 63 0.015625 
256 193 0.0625 
256 257 0.25 
256 258 0.25 
256 259 0.015625 
257 256 0.0625 
257 259 0.015625 
257 260 0.015625 
258 256 0.015625 
259 257 0.015625 
259 256 0.0625 
260 257 0.25 
261 37 0.0625 
261 73 0.0625 
261 125 0.0625 
261 51 0.015625 
261 262 0.0625 
262 261 0.015625 
263 108 0.25 
263 156 0.25 
263 81 0.015625 
263 94 0.0625 
263 128 0.0625 
263 264 0.015625 
263 267 0.015625 
263 273 0.25 
263 287 0.0625 
263 330 0.0625 
263 332 0.25 
263 375 0.0625 
264 263 0.25 
264 265 0.25 
264 274 0.015625 
264 278 0.0625 
264 295 0.0625 
264 302 0.25 
264 304 0.25 
264 314 0.0625 
264 324 0.015625 
264 326 0.0625 
264 334 0.25 
264 341 0.015625 
264 366 0.25 
264 368 0.0625 
264 433 0.015625 
265 264 0.0625 
265 266 0.015625 
265 268 0.0625 
265 313 0.015625 
265 358 0.25 
266 265 0.0625 
266 270 0.015625 
266 285 0.015625 
266 306 0.015625 
266 321 0.015625 
266 322 0.0625 
266 459 0.0625 
267 263 0.25 
267 269 0.0625 
267 272 0.0625 
267 288 0.25 
267 351 0.0625 
267 367 0.0625 
268 265 0.015625 
268 271 0.25 
268 277 0.015625 
268 289 0.25 
268 303 0.25 
268 328 0.0625 
268 331 0.25 
268 361 0.0625 
268 399 0.0625 
268 424 0.015625 
269 267 0.015625 
269 283 0.015625 
269 288 0.015625 
269 309 0.25 
269 373 0.25 
269 388 0.0625 
270 266 0.015625 
270 284 0.0625 
270 310 0.25 
271 268 0.25 
271 264 0.25 
271 275 0.0625 
271 290 0.015625 
271 307 0.015625 
271 318 0.25 
271 344 0.015625 
271 387 0.015625 
272 267 0.015625 
272 276 0.015625 
272 279 0.0625 
272 377 0.0625 
272 430 0.015625 
272 439 0.25 
273 263 0.0625 
273 280 0.25 
274 264 0.015625 
274 357 0.25 
274 369 0.015625 
275 271 0.25 
275 307 0.0625 
275 318 0.25 
275 350 0.015625 
275 353 0.25 
275 384 0.015625 
275 387 0.25 
276 272 0.0625 
276 279 0.25 
276 281 0.0625 
276 294 0.015625 
276 316 0.25 
276 365 0.015625 
276 374 0.015625 
276 378 0.25 
277 268 0.25 
277 293 0.015625 
277 296 0.25 
278 264 0.25 
278 298 0.015625 
278 343 0.0625 
278 356 0.25 
279 276 0.015625 
279 272 0.015625 
279 263 0.25 
279 450 0.0625 
280 273 0.015625 
280 263 0.0625 
280 291 0.0625 
280 315 0.0625 
280 330 0.0625 
280 352 0.25 
280 376 0.0625 
280 441 0.25 
281 276 0.015625 
281 272 0.015625 
281 301 0.25 
281 317 0.015625 
281 351 0.0625 
281 449 0.25 
282 263 0.25 
282 274 0.25 
282 333 0.25 
282 347 0.015625 
282 412 0.25 
282 420 0.0625 
283 269 0.25 
283 309 0.0625 
284 270 0.0625 
284 327 0.0625 
284 372 0.015625 
285 266 0.015625 
285 270 0.25 
285 348 0.25 
286 275 0.015625 
286 278 0.015625 
286 271 0.25 
286 312 0.0625 
286 381 0.25 
286 393 0.015625 
287 263 0.015625 
287 299 0.015625 
287 392 0.015625 
287 436 0.015625 
288 269 0.25 
288 267 0.25 
288 377 0.0625 
288 407 0.015625 
288 431 0.25 
289 268 0.0625 
289 297 0.015625 
289 308 0.015625 
289 358 0.25 
289 404 0.015625 
290 263 0.25 
290 278 0.0625 
290 271 0.25 
290 276 0.015625 
290 325 0.25 
290 370 0.25 
291 280 0.0625 
291 315 0.25 
291 330 0.015625 
291 352 0.25 
291 441 0.25 
292 264 0.015625 
292 286 0.015625 
292 337 0.015625 
292 338 0.25 
292 416 0.25 
293 277 0.0625 
293 318 0.0625 
293 335 0.015625 
293 353 0.25 
294 276 0.25 
295 264 0.25 
295 300 0.25 
295 305 0.015625 
295 413 0.015625 
296 277 0.0625 
296 293 0.015625 
296 335 0.015625 
297 289 0.015625 
297 342 0.0625 
297 391 0.0625 
298 278 0.25 
298 312 0.25 
298 371 0.015625 
298 444 0.0625 
299 263 0.25 
299 287 0.0625 
299 403 0.0625 
300 295 0.015625 
300 305 0.015625 
300 362 0.015625 
300 394 0.0625 
300 413 0.25 
300 422 0.0625 
301 281 0.0625 
301 317 0.0625 
301 396 0.0625 
302 264 0.015625 
302 278 0.015625 
302 339 0.0625 
302 425 0.25 
303 268 0.0625 
303 331 0.25 
304 264 0.015625 
304 314 0.25 
304 341 0.015625 
304 451 0.0625 
305 300 0.25 
305 295 0.0625 
305 413 0.25 
306 266 0.0625 
306 459 0.0625 
307 271 0.25 
307 275 0.0625 
307 350 0.015625 
307 353 0.015625 
307 384 0.015625 
308 289 0.25 
308 402 0.25 
308 420 0.015625 
308 460 0.015625 
309 269 0.015625 
309 283 0.25 
309 311 0.0625 
309 363 0.0625 
310 270 0.015625 
311 309 0.015625 
312 298 0.015625 
312 270 0.25 
312 286 0.25 
312 381 0.0625 
313 265 0.25 
314 264 0.015625 
314 304 0.25 
314 324 0.25 
314 326 0.015625 
314 334 0.0625 
314 341 0.015625 
314 433 0.0625 
315 280 0.0625 
315 278 0.25 
315 291 0.25 
315 324 0.0625 
315 356 0.25 
316 276 0.015625 
316 294 0.25 
317 301 0.25 
317 281 0.25 
317 351 0.25 
317 386 0.25 
317 396 0.25 
317 449 0.015625 
318 293 0.015625 
318 271 0.0625 
318 295 0.015625 
318 275 0.015625 
318 319 0.015625 
318 320 0.0625 
318 323 0.015625 
319 318 0.015625 
319 320 0.25 
319 323 0.015625 
319 337 0.015625 
319 434 0.015625 
320 318 0.0625 
320 319 0.015625 
320 286 0.25 
320 340 0.0625 
320 348 0.015625 
320 409 0.015625 
320 421 0.25 
321 306 0.0625 
321 266 0.0625 
321 438 0.015625 
322 266 0.0625 
322 285 0.0625 
322 321 0.015625 
322 362 0.25 
323 318 0.25 
323 286 0.25 
323 319 0.0625 
323 447 0.015625 
324 304 0.015625 
324 264 0.25 
324 314 0.25 
324 315 0.0625 
324 329 0.0625 
324 332 0.015625 
324 346 0.0625 
324 454 0.015625 
325 290 0.25 
326 264 0.25 
326 314 0.015625 
326 433 0.25 
327 320 0.25 
327 284 0.25 
327 336 0.0625 
327 397 0.25 
328 268 0.25 
329 324 0.015625 
329 443 0.0625 
330 263 0.015625 
330 291 0.015625 
330 280 0.015625 
330 349 0.015625 
330 428 0.0625 
331 268 0.25 
331 281 0.015625 
331 303 0.25 
331 408 0.015625 
331 446 0.25 
331 455 0.25 
332 324 0.015625 
332 263 0.0625 
333 282 0.25 
334 264 0.015625 
334 314 0.25 
334 341 0.0625 
334 366 0.0625 
335 293 0.015625 
335 296 0.0625 
336 289 0.25 
336 327 0.015625 
336 265 0.015625 
337 305 0.015625 
337 318 0.015625 
337 319 0.25 
337 292 0.0625 
337 342 0.0625 
337 381 0.015625 
338 292 0.25 
338 325 0.015625 
338 264 0.0625 
338 418 0.015625 
339 302 0.25 
339 425 0.015625 
340 320 0.015625 
340 348 0.0625 
340 409 0.0625 
340 421 0.015625 
341 304 0.25 
341 264 0.25 
341 334 0.25 
341 314 0.015625 
341 385 0.015625 
341 433 0.25 
342 297 0.25 
342 264 0.25 
342 337 0.25 
342 360 0.0625 
342 404 0.015625 
342 410 0.015625 
343 278 0.015625 
344 271 0.015625 
344 275 0.015625 
344 345 0.25 
345 344 0.015625 
346 324 0.25 
346 454 0.0625 
347 282 0.015625 
347 406 0.25 
347 412 0.0625 
348 340 0.0625 
348 270 0.25 
348 320 0.0625 
348 285 0.015625 
348 383 0.0625 
348 432 0.015625 
349 272 0.0625 
349 273 0.25 
349 330 0.0625 
349 269 0.0625 
350 271 0.015625 
350 307 0.015625 
350 275 0.015625 
351 267 0.25 
351 281 0.015625 
351 317 0.0625 
351 427 0.25 
352 280 0.015625 
352 291 0.0625 
352 376 0.015625 
352 411 0.25 
353 271 0.015625 
353 307 0.25 
353 293 0.0625 
353 275 0.015625 
353 382 0.0625 
353 401 0.0625 
354 264 0.0625 
354 341 0.0625 
354 314 0.0625 
354 304 0.0625 
354 385 0.25 
355 276 0.0625 
355 379 0.25 
355 400 0.25 
355 435 0.25 
356 343 0.015625 
356 315 0.25 
356 278 0.015625 
356 379 0.25 
356 390 0.015625 
356 452 0.0625 
357 274 0.0625 
357 330 0.015625 
357 392 0.25 
357 458 0.25 
358 282 0.25 
358 265 0.0625 
358 289 0.0625 
358 333 0.015625 
359 353 0.25 
360 342 0.25 
360 410 0.25 
361 268 0.25 
361 303 0.0625 
361 405 0.0625 
361 453 0.25 
362 322 0.0625 
362 320 0.015625 
362 300 0.0625 
362 429 0.25 
362 438 0.0625 
363 309 0.25 
363 279 0.0625 
363 415 0.25 
364 343 0.0625 
364 278 0.0625 
365 276 0.25 
366 264 0.0625 
366 341 0.25 
366 334 0.25 
366 368 0.25 
366 385 0.015625 
367 267 0.25 
368 264 0.0625 
368 366 0.015625 
368 341 0.0625 
369 274 0.25 
370 338 0.25 
370 290 0.25 
371 298 0.015625 
372 284 0.25 
372 442 0.015625 
373 269 0.25 
373 283 0.0625 
373 481 0.0625 
374 272 0.0625 
374 276 0.25 
375 263 0.015625 
376 280 0.015625 
376 352 0.015625 
376 291 0.25 
377 279 0.0625 
377 272 0.0625 
377 288 0.25 
377 419 0.0625 
378 276 0.0625 
378 365 0.25 
379 356 0.25 
379 343 0.25 
379 355 0.015625 
379 395 0.015625 
379 398 0.25 
379 414 0.25 
380 271 0.0625 
380 355 0.015625 
380 331 0.0625 
380 307 0.015625 
380 301 0.015625 
381 312 0.015625 
381 286 0.25 
381 337 0.015625 
381 437 0.015625 
382 353 0.0625 
383 348 0.0625 
383 389 0.25 
383 421 0.015625 
383 423 0.0625 
383 445 0.015625 
384 307 0.015625 
384 275 0.0625 
385 264 0.0625 
385 341 0.0625 
385 366 0.25 
385 354 0.0625 
386 317 0.0625 
386 281 0.0625 
386 301 0.25 
386 396 0.015625 
387 275 0.25 
387 271 0.0625 
387 307 0.25 
388 373 0.015625 
388 269 0.015625 
389 383 0.25 
390 356 0.0625 
391 297 0.25 
392 357 0.0625 
392 287 0.0625 
392 426 0.25 
393 286 0.25 
394 295 0.25 
394 300 0.0625 
395 379 0.0625 
395 448 0.015625 
396 317 0.25 
396 386 0.0625 
396 301 0.25 
396 449 0.0625 
397 327 0.015625 
398 379 0.015625 
399 268 0.0625 
400 355 0.25 
400 435 0.0625 
401 353 0.0625 
401 382 0.25 
401 456 0.0625 
402 308 0.0625 
402 436 0.0625 
403 299 0.0625 
403 450 0.25 
404 289 0.015625 
404 342 0.015625 
405 361 0.0625 
405 453 0.25 
406 282 0.25 
406 333 0.25 
406 347 0.0625 
407 288 0.0625 
408 331 0.0625 
408 446 0.0625 
409 320 0.0625 
409 340 0.0625 
410 342 0.0625 
410 360 0.0625 
411 352 0.0625 
411 356 0.25 
411 390 0.0625 
411 376 0.015625 
411 280 0.0625 
412 347 0.0625 
412 282 0.015625 
413 295 0.0625 
413 300 0.0625 
413 305 0.25 
414 379 0.015625 
414 294 0.25 
414 448 0.015625 
415 363 0.015625 
416 292 0.25 
417 287 0.0625 
418 338 0.015625 
419 377 0.0625 
420 282 0.25 
420 308 0.0625 
421 383 0.25 
421 320 0.25 
421 340 0.0625 
422 305 0.015625 
422 413 0.0625 
422 300 0.015625 
422 429 0.0625 
422 479 0.0625 
423 383 0.015625 
423 389 0.015625 
424 268 0.0625 
425 302 0.015625 
425 339 0.0625 
426 392 0.015625 
427 351 0.25 
428 330 0.25 
429 422 0.015625 
429 305 0.015625 
429 300 0.0625 
429 362 0.0625 
430 272 0.0625 
431 288 0.25 
432 348 0.25 
433 326 0.0625 
433 314 0.25 
433 341 0.25 
433 264 0.015625 
433 451 0.25 
434 318 0.0625 
434 405 0.015625 
434 361 0.0625 
434 319 0.015625 
434 440 0.015625 
435 355 0.25 
435 400 0.015625 
436 402 0.0625 
436 287 0.25 
436 457 0.015625 
437 337 0.0625 
437 381 0.25 
438 362 0.015625 
438 321 0.25 
438 266 0.015625 
439 272 0.25 
439 415 0.0625 
439 363 0.015625 
440 434 0.0625 
441 291 0.015625 
441 280 0.0625 
441 450 0.0625 
442 372 0.0625 
443 324 0.015625 
443 329 0.015625 
444 298 0.015625 
444 371 0.0625 
445 383 0.0625 
445 389 0.015625 
445 423 0.25 
446 331 0.25 
446 408 0.0625 
447 323 0.0625 
448 414 0.25 
448 395 0.25 
449 317 0.0625 
449 281 0.25 
449 396 0.0625 
450 279 0.25 
450 441 0.0625 
450 291 0.0625 
450 403 0.25 
451 366 0.0625 
451 264 0.25 
451 433 0.0625 
451 354 0.25 
451 304 0.0625 
452 356 0.015625 
453 361 0.25 
453 405 0.0625 
454 329 0.0625 
454 324 0.015625 
454 346 0.25 
454 443 0.0625 
455 331 0.015625 
455 408 0.0625 
456 353 0.25 
456 401 0.015625 
456 382 0.25 
457 436 0.015625 
458 357 0.0625 
459 266 0.25 
459 306 0.25 
460 308 0.0625 
461 414 0.0625 
461 342 0.25 
461 78 0.015625 
461 278 0.0625 
461 42 0.0625 
461 462 0.015625 
462 461 0.015625 
462 463 0.25 
463 462 0.25 
464 13 0.0625 
464 43 0.015625 
464 210 0.015625 
464 163 0.0625 
464 376 0.015625 
464 465 0.015625 
464 473 0.015625 
464 474 0.015625 
465 464 0.0625 
465 466 0.25 
465 471 0.015625 
465 475 0.25 
465 478 0.25 
466 464 0.25 
466 465 0.25 
466 467 0.0625 
466 476 0.25 
467 466 0.25 
467 468 0.015625 
467 470 0.015625 
467 472 0.015625 
468 467 0.25 
469 465 0.25 
469 464 0.25 
469 466 0.015625 
469 475 0.015625 
470 467 0.015625 
471 465 0.015625 
472 467 0.25 
472 469 0.25 
473 464 0.015625 
473 466 0.015625 
474 464 0.25 
474 473 0.015625 
475 465 0.0625 
475 469 0.015625 
475 477 0.015625 
475 478 0.015625 
476 466 0.015625 
477 475 0.015625 
478 475 0.0625 
478 465 0.015625 
479 0 0.015625 
479 45 0.0625 
479 370 0.0625 
479 422 0.015625 
479 161 0.25 
479 480 0.015625 
480 479 0.015625 
481 251 0.25 
481 373 0.25 
481 347 0.015625 
481 27 0.015625 
481 190 0.015625 
481 482 0.0625 
481 484 0.0625 
481 485 0.25 
482 481 0.0625 
482 483 0.015625 
482 489 0.25 
483 482 0.25 
483 490 0.015625 
484 481 0.25 
484 486 0.0625 
484 487 0.0625 
484 488 0.015625 
484 492 0.0625 
485 481 0.015625 
485 491 0.015625 
486 484 0.015625 
487 484 0.25 
487 488 0.015625 
488 484 0.015625 
488 487 0.015625 
488 486 0.25 
489 483 0.0625 
489 482 0.25 
490 483 0.015625 
491 485 0.0625 
491 486 0.25 
492 484 0.015625 
492 433 0.015625 
492 21 0.015625 
492 70 0.25 
492 264 0.0625 
492 493 0.0625 
492 496 0.25 
492 497 0.25 
493 492 0.0625 
493 494 0.25 
494 493 0.015625 
494 498 0.25 
495 494 0.25 
496 492 0.0625 
496 497 0.015625 
496 499 0.015625 
497 492 0.015625 
497 496 0.0625 
498 494 0.015625 
499 496 0.015625 
