500
0 1 0.015625 
0 2 0.25 
0 3 0.0625 
0 4 0.0625 
1 0 0.015625 
1 5 0.015625 
2 0 0.25 
2 5 0.015625 
3 0 0.25 
3 238 0.0625 
4 0 0.0625 
5 2 0.25 
5 1 0.25 
5 6 0.0625 
5 223 0.0625 
6 5 0.25 
6 7 0.0625 
6 10 0.25 
6 11 0.25 
7 6 0.25 
7 9 0.0625 
7 12 0.015625 
8 7 0.0625 
9 7 0.015625 
10 7 0.015625 
10 6 0.0625 
10 12 0.015625 
11 6 0.0625 
12 7 0.015625 
12 10 0.0625 
12 6 0.25 
12 13 0.0625 
12 14 0.0625 
12 16 0.25 
12 17 0.0625 
12 19 0.015625 
12 25 0.25 
12 28 0.015625 
12 31 0.015625 
12 34 0.0625 
12 38 0.0625 
12 39 0.25 
12 41 0.25 
12 61 0.25 
12 73 0.0625 
12 85 0.0625 
12 92 0.0625 
12 93 0.0625 
12 106 0.25 
12 133 0.0625 
12 216 0.25 
12 218 0.25 
12 221 0.015625 
12 479 0.015625 
13 12 0.0625 
13 14 0.25 
13 15 0.015625 
13 19 0.0625 
13 24 0.015625 
13 28 0.0625 
13 29 0.25 
13 33 0.25 
13 80 0.25 
13 114 0.25 
13 153 0.0625 
13 185 0.0625 
13 238 0.25 
14 12 0.25 
14 13 0.015625 
14 38 0.25 
14 74 0.25 
14 81 0.25 
14 96 0.25 
14 104 0.25 
14 109 0.25 
15 13 0.015625 
15 18 0.25 
15 20 0.0625 
15 46 0.0625 
15 52 0.0625 
15 86 0.015625 
15 90 0.015625 
15 100 0.25 
15 143 0.0625 
15 176 0.015625 
16 12 0.0625 
16 21 0.0625 
16 30 0.25 
16 32 0.015625 
16 39 0.015625 
16 67 0.015625 
16 69 0.25 
16 151 0.25 
16 223 0.25 
17 12 0.25 
17 41 0.0625 
17 42 0.0625 
17 45 0.015625 
17 59 0.0625 
17 87 0.25 
17 112 0.015625 
17 131 0.015625 
17 201 0.015625 
18 15 0.015625 
18 144 0.0625 
19 12 0.25 
19 13 0.015625 
19 75 0.015625 
19 207 0.0625 
20 15 0.0625 
20 27 0.25 
20 89 0.25 
21 16 0.015625 
21 22 0.0625 
21 23 0.015625 
21 53 0.015625 
21 57 0.015625 
21 78 0.25 
21 82 0.015625 
21 184 0.25 
22 21 0.0625 
22 78 0.015625 
22 88 0.015625 
22 188 0.25 
23 21 0.25 
23 44 0.015625 
23 53 0.015625 
23 209 0.25 
24 13 0.25 
24 62 0.015625 
24 164 0.015625 
25 12 0.0625 
25 26 0.015625 
25 37 0.0625 
25 41 0.0625 
25 83 0.0625 
25 138 0.25 
25 141 0.0625 
25 187 0.015625 
25 238 0.0625 
26 25 0.25 
26 33 0.0625 
26 43 0.25 
26 66 0.015625 
26 111 0.25 
26 119 0.0625 
26 175 0.0625 
26 198 0.25 
26 214 0.0625 
26 238 0.015625 
27 20 0.25 
27 110 0.0625 
27 124 0.0625 
27 149 0.015625 
27 190 0.015625 
27 195 0.0625 
27 217 0.0625 
28 13 0.015625 
28 12 0.015625 
28 70 0.015625 
28 72 0.0625 
28 183 0.25 
29 13 0.0625 
29 24 0.015625 
29 48 0.015625 
29 54 0.25 
30 16 0.015625 
30 69 0.0625 
30 188 0.0625 
30 211 0.0625 
30 223 0.25 
31 12 0.015625 
31 79 0.0625 
31 154 0.25 
31 159 0.25 
31 192 0.0625 
31 194 0.015625 
32 16 0.015625 
32 17 0.015625 
32 197 0.25 
33 26 0.25 
33 13 0.015625 
33 36 0.25 
33 58 0.015625 
33 107 0.25 
33 136 0.0625 
33 181 0.0625 
33 205 0.0625 
34 12 0.015625 
34 35 0.0625 
34 120 0.015625 
34 128 0.015625 
34 130 0.0625 
34 220 0.25 
35 34 0.0625 
35 120 0.25 
35 137 0.0625 
35 220 0.25 
36 33 0.015625 
36 40 0.015625 
36 50 0.015625 
36 144 0.0625 
37 25 0.015625 
37 51 0.25 
38 14 0.0625 
38 12 0.0625 
38 91 0.25 
38 96 0.25 
38 118 0.25 
39 12 0.015625 
39 17 0.015625 
39 16 0.015625 
39 25 0.25 
39 47 0.015625 
39 56 0.25 
39 71 0.015625 
39 83 0.015625 
39 151 0.015625 
39 479 0.25 
40 36 0.015625 
41 25 0.015625 
41 12 0.0625 
41 17 0.015625 
41 39 0.25 
41 43 0.0625 
41 65 0.015625 
41 98 0.25 
41 129 0.015625 
41 186 0.015625 
42 17 0.015625 
42 32 0.25 
42 51 0.0625 
42 87 0.25 
42 115 0.0625 
42 147 0.015625 
42 213 0.25 
43 41 0.25 
43 26 0.015625 
43 13 0.015625 
43 45 0.25 
43 55 0.015625 
43 63 0.25 
43 92 0.015625 
43 125 0.25 
43 180 0.015625 
44 23 0.0625 
45 17 0.0625 
45 43 0.25 
45 34 0.015625 
45 179 0.25 
45 222 0.0625 
46 20 0.25 
46 15 0.0625 
46 36 0.25 
47 39 0.25 
47 17 0.015625 
47 49 0.25 
47 140 0.25 
47 151 0.0625 
47 178 0.0625 
48 29 0.25 
48 54 0.25 
48 101 0.25 
49 47 0.0625 
49 140 0.015625 
49 165 0.25 
50 18 0.015625 
50 36 0.25 
50 110 0.0625 
51 42 0.25 
51 37 0.0625 
52 15 0.25 
52 212 0.0625 
53 23 0.25 
53 21 0.0625 
53 60 0.015625 
53 68 0.015625 
53 82 0.0625 
54 48 0.015625 
54 29 0.015625 
54 101 0.25 
54 189 0.015625 
55 43 0.0625 
55 125 0.25 
55 126 0.0625 
55 180 0.0625 
56 39 0.0625 
56 37 0.0625 
56 67 0.015625 
56 71 0.0625 
57 21 0.015625 
57 209 0.25 
58 33 0.0625 
58 110 0.25 
58 157 0.0625 
58 200 0.25 
58 261 0.25 
59 17 0.0625 
60 53 0.25 
61 12 0.25 
61 39 0.015625 
61 77 0.0625 
61 123 0.0625 
61 150 0.25 
62 24 0.25 
63 43 0.25 
63 180 0.015625 
64 61 0.0625 
64 150 0.015625 
65 41 0.015625 
66 31 0.0625 
66 26 0.25 
66 84 0.015625 
66 97 0.015625 
66 105 0.0625 
66 113 0.015625 
66 144 0.25 
66 177 0.015625 
66 193 0.0625 
67 56 0.25 
67 39 0.0625 
67 16 0.015625 
67 102 0.015625 
68 53 0.25 
69 16 0.0625 
69 30 0.015625 
69 211 0.0625 
70 28 0.0625 
71 56 0.0625 
71 39 0.0625 
71 208 0.0625 
72 28 0.25 
73 12 0.015625 
73 17 0.0625 
73 59 0.015625 
73 210 0.0625 
73 215 0.25 
74 14 0.0625 
74 99 0.015625 
74 163 0.0625 
74 208 0.015625 
75 19 0.25 
75 80 0.25 
75 116 0.015625 
75 155 0.25 
76 70 0.015625 
76 135 0.0625 
77 64 0.0625 
77 61 0.0625 
77 123 0.0625 
78 22 0.25 
78 21 0.25 
78 16 0.0625 
78 94 0.015625 
78 103 0.0625 
78 132 0.0625 
79 31 0.0625 
79 159 0.25 
80 13 0.0625 
80 75 0.015625 
80 108 0.25 
80 167 0.25 
80 171 0.25 
80 204 0.25 
80 207 0.0625 
81 14 0.015625 
82 53 0.015625 
82 44 0.015625 
82 21 0.25 
82 78 0.25 
82 132 0.25 
83 39 0.0625 
83 25 0.0625 
83 95 0.015625 
83 122 0.015625 
83 134 0.25 
83 196 0.0625 
84 66 0.25 
84 113 0.0625 
84 177 0.015625 
84 193 0.015625 
85 12 0.0625 
85 93 0.25 
85 133 0.015625 
85 218 0.015625 
86 46 0.015625 
86 15 0.0625 
86 27 0.25 
86 121 0.25 
86 161 0.015625 
87 17 0.0625 
87 42 0.25 
87 38 0.25 
87 146 0.25 
88 22 0.25 
89 20 0.0625 
90 15 0.0625 
91 38 0.0625 
91 96 0.25 
92 12 0.25 
92 66 0.25 
92 43 0.0625 
92 117 0.0625 
92 166 0.0625 
93 12 0.015625 
93 85 0.015625 
93 106 0.015625 
93 216 0.0625 
94 78 0.015625 
95 83 0.0625 
95 122 0.0625 
95 134 0.015625 
95 196 0.0625 
96 14 0.015625 
96 38 0.0625 
96 91 0.25 
96 121 0.015625 
96 127 0.25 
96 149 0.0625 
96 219 0.25 
97 66 0.015625 
97 84 0.015625 
98 41 0.0625 
98 65 0.015625 
98 129 0.015625 
98 186 0.0625 
98 238 0.0625 
99 74 0.015625 
100 15 0.015625 
100 191 0.0625 
101 54 0.0625 
101 29 0.0625 
101 48 0.0625 
101 189 0.25 
102 67 0.0625 
103 78 0.015625 
103 132 0.25 
104 14 0.0625 
104 109 0.0625 
105 66 0.25 
105 97 0.25 
106 12 0.0625 
106 93 0.0625 
106 216 0.25 
107 26 0.0625 
107 33 0.0625 
107 182 0.25 
108 80 0.25 
108 25 0.0625 
109 14 0.0625 
109 104 0.0625 
109 148 0.0625 
110 89 0.25 
110 50 0.25 
110 27 0.0625 
110 58 0.015625 
110 139 0.25 
110 169 0.25 
110 172 0.25 
110 174 0.0625 
110 202 0.25 
111 26 0.015625 
111 119 0.25 
111 199 0.25 
112 17 0.25 
112 131 0.0625 
113 66 0.25 
113 84 0.015625 
113 177 0.015625 
113 193 0.0625 
113 261 0.0625 
114 13 0.0625 
114 52 0.25 
115 42 0.0625 
116 75 0.0625 
116 19 0.015625 
116 108 0.0625 
116 162 0.25 
117 92 0.015625 
117 145 0.0625 
117 160 0.25 
118 38 0.0625 
119 26 0.0625 
119 111 0.015625 
119 214 0.0625 
120 35 0.25 
120 34 0.25 
120 152 0.0625 
120 220 0.015625 
121 96 0.0625 
121 86 0.0625 
122 95 0.0625 
122 83 0.0625 
123 64 0.0625 
123 61 0.0625 
123 77 0.015625 
123 150 0.25 
124 27 0.25 
124 86 0.015625 
124 128 0.25 
124 149 0.015625 
125 43 0.25 
125 55 0.0625 
125 126 0.25 
126 125 0.015625 
126 43 0.015625 
126 55 0.25 
127 96 0.25 
128 124 0.0625 
128 48 0.015625 
128 121 0.015625 
128 34 0.0625 
129 41 0.0625 
129 98 0.0625 
129 186 0.015625 
130 35 0.25 
130 34 0.25 
131 17 0.0625 
131 112 0.25 
132 78 0.25 
132 82 0.0625 
132 103 0.015625 
132 156 0.0625 
133 12 0.0625 
133 85 0.25 
134 83 0.0625 
134 95 0.25 
135 106 0.015625 
135 70 0.0625 
135 76 0.0625 
135 12 0.25 
136 33 0.015625 
137 35 0.015625 
137 120 0.25 
137 34 0.25 
138 25 0.25 
138 141 0.015625 
139 110 0.015625 
139 169 0.25 
139 174 0.015625 
140 47 0.25 
140 49 0.25 
140 165 0.0625 
141 138 0.015625 
141 25 0.0625 
142 50 0.0625 
143 15 0.015625 
144 92 0.25 
144 36 0.015625 
144 18 0.0625 
144 66 0.0625 
144 158 0.0625 
145 117 0.015625 
145 92 0.015625 
145 160 0.25 
146 87 0.25 
147 42 0.25 
148 109 0.015625 
149 124 0.015625 
149 96 0.0625 
149 121 0.015625 
149 27 0.0625 
150 64 0.0625 
150 61 0.0625 
150 123 0.0625 
151 39 0.0625 
151 16 0.0625 
151 47 0.25 
151 168 0.0625 
151 209 0.015625 
152 35 0.25 
152 120 0.015625 
152 130 0.25 
153 13 0.25 
153 108 0.0625 
153 464 0.015625 
154 31 0.0625 
154 159 0.25 
155 75 0.015625 
155 19 0.25 
156 132 0.0625 
157 58 0.25 
158 144 0.0625 
159 31 0.015625 
159 79 0.015625 
159 154 0.015625 
159 192 0.015625 
159 194 0.015625 
160 117 0.015625 
160 92 0.25 
160 145 0.015625 
160 166 0.25 
161 86 0.015625 
161 27 0.015625 
162 116 0.25 
163 74 0.0625 
164 52 0.25 
164 24 0.015625 
165 47 0.0625 
165 49 0.0625 
165 140 0.015625 
165 178 0.25 
166 160 0.0625 
166 92 0.0625 
166 145 0.25 
167 80 0.015625 
167 204 0.015625 
168 151 0.0625 
169 110 0.015625 
169 139 0.0625 
169 174 0.015625 
169 202 0.015625 
169 261 0.015625 
170 41 0.25 
170 98 0.015625 
171 80 0.015625 
171 167 0.25 
172 110 0.25 
172 139 0.25 
172 50 0.015625 
172 203 0.015625 
173 50 0.015625 
174 110 0.25 
174 139 0.0625 
174 169 0.015625 
174 261 0.015625 
175 26 0.0625 
176 90 0.25 
176 15 0.015625 
177 66 0.0625 
177 84 0.015625 
177 113 0.015625 
178 47 0.015625 
178 165 0.015625 
178 49 0.25 
179 45 0.015625 
180 43 0.0625 
180 55 0.015625 
180 125 0.015625 
180 63 0.25 
181 33 0.015625 
181 136 0.25 
181 182 0.0625 
182 107 0.25 
182 181 0.015625 
183 28 0.0625 
183 72 0.0625 
184 21 0.015625 
185 13 0.015625 
186 98 0.015625 
186 129 0.015625 
186 41 0.015625 
187 25 0.015625 
187 141 0.0625 
188 22 0.015625 
188 30 0.25 
188 223 0.0625 
189 29 0.015625 
189 101 0.015625 
189 54 0.25 
190 27 0.25 
191 24 0.0625 
191 100 0.015625 
192 159 0.25 
192 31 0.25 
193 66 0.0625 
193 84 0.25 
193 113 0.015625 
194 159 0.0625 
194 31 0.0625 
194 192 0.0625 
194 79 0.0625 
195 27 0.015625 
195 190 0.0625 
196 168 0.0625 
196 83 0.25 
196 95 0.25 
197 32 0.0625 
198 26 0.0625 
198 111 0.0625 
198 492 0.25 
199 111 0.25 
199 119 0.015625 
199 198 0.25 
199 26 0.25 
200 58 0.25 
200 206 0.0625 
201 17 0.25 
201 112 0.015625 
201 131 0.25 
202 169 0.015625 
202 110 0.015625 
203 172 0.015625 
204 80 0.015625 
204 167 0.25 
204 263 0.0625 
205 33 0.25 
206 157 0.25 
206 58 0.0625 
206 200 0.0625 
207 80 0.25 
207 75 0.015625 
207 19 0.0625 
207 155 0.015625 
208 74 0.0625 
208 71 0.0625 
208 99 0.0625 
209 21 0.25 
209 151 0.015625 
209 57 0.0625 
209 184 0.0625 
209 23 0.25 
209 211 0.0625 
210 73 0.0625 
211 69 0.25 
211 209 0.015625 
211 30 0.0625 
212 52 0.015625 
213 42 0.015625 
214 119 0.015625 
214 26 0.015625 
214 111 0.015625 
215 73 0.0625 
215 210 0.015625 
216 12 0.0625 
216 106 0.25 
216 93 0.25 
217 195 0.015625 
217 27 0.015625 
217 190 0.25 
218 12 0.25 
218 85 0.0625 
218 93 0.0625 
219 96 0.015625 
220 120 0.015625 
220 35 0.25 
220 152 0.015625 
220 130 0.015625 
220 34 0.015625 
221 12 0.0625 
221 133 0.0625 
222 45 0.015625 
223 16 0.0625 
223 188 0.0625 
223 30 0.015625 
223 5 0.015625 
223 224 0.015625 
223 225 0.25 
223 229 0.25 
223 232 0.0625 
224 223 0.25 
224 226 0.25 
224 228 0.015625 
225 223 0.0625 
225 227 0.0625 
226 224 0.0625 
226 228 0.0625 
226 230 0.25 
226 231 0.0625 
226 234 0.25 
226 235 0.25 
226 237 0.0625 
227 225 0.25 
228 226 0.015625 
228 224 0.015625 
228 233 0.0625 
228 236 0.015625 
229 223 0.015625 
230 226 0.0625 
231 227 0.25 
231 226 0.0625 
232 223 0.25 
233 228 0.25 
234 226 0.25 
234 235 0.0625 
234 237 0.015625 
235 226 0.015625 
235 234 0.015625 
235 231 0.0625 
236 228 0.015625 
237 234 0.25 
237 226 0.25 
238 25 0.015625 
238 3 0.25 
238 13 0.25 
238 26 0.25 
238 98 0.015625 
238 239 0.015625 
238 240 0.25 
238 243 0.25 
238 247 0.0625 
238 254 0.015625 
239 238 0.0625 
239 241 0.015625 
239 242 0.0625 
239 247 0.25 
239 250 0.25 
240 238 0.25 
240 244 0.25 
240 252 0.0625 
241 239 0.25 
241 250 0.015625 
242 239 0.25 
242 241 0.015625 
242 251 0.0625 
243 238 0.015625 
243 255 0.25 
244 240 0.0625 
244 246 0.0625 
244 252 0.25 
245 242 0.015625 
245 249 0.25 
246 239 0.25 
246 244 0.25 
246 248 0.015625 
247 239 0.0625 
247 238 0.25 
247 254 0.015625 
247 255 0.015625 
248 246 0.25 
248 247 0.0625 
249 245 0.0625 
250 239 0.015625 
250 241 0.0625 
251 242 0.015625 
251 239 0.25 
252 240 0.25 
252 244 0.015625 
252 253 0.0625 
253 252 0.0625 
254 238 0.0625 
254 247 0.0625 
255 243 0.015625 
255 247 0.25 
256 225 0.0625 
256 61 0.25 
256 78 0.0625 
256 22 0.015625 
256 71 0.015625 
256 257 0.015625 
256 259 0.0625 
257 256 0.0625 
257 258 0.25 
257 260 0.015625 
258 257 0.25 
259 256 0.015625 
260 257 0.015625 
261 58 0.015625 
261 113 0.25 
261 26 0.015625 
261 169 0.0625 
261 174 0.0625 
261 262 0.0625 
262 261 0.25 
263 204 0.0625 
263 25 0.25 
263 120 0.0625 
263 75 0.0625 
263 51 0.25 
263 264 0.015625 
263 265 0.0625 
263 266 0.25 
263 267 0.015625 
263 269 0.0625 
263 271 0.0625 
263 274 0.25 
263 277 0.015625 
263 286 0.015625 
263 295 0.0625 
263 296 0.0625 
263 318 0.25 
263 324 0.015625 
263 325 0.25 
263 337 0.25 
263 382 0.25 
263 459 0.015625 
264 263 0.25 
264 265 0.0625 
264 274 0.25 
264 276 0.015625 
264 287 0.25 
264 298 0.0625 
264 308 0.0625 
265 263 0.0625 
265 264 0.0625 
265 268 0.015625 
265 270 0.25 
265 276 0.015625 
265 278 0.015625 
265 283 0.25 
265 285 0.25 
265 314 0.0625 
265 322 0.25 
265 338 0.0625 
265 340 0.25 
265 371 0.25 
265 373 0.0625 
265 378 0.015625 
265 397 0.015625 
266 263 0.015625 
266 269 0.0625 
266 275 0.0625 
266 280 0.0625 
266 288 0.0625 
266 302 0.25 
266 339 0.015625 
266 345 0.015625 
266 385 0.25 
267 263 0.0625 
267 264 0.015625 
267 284 0.0625 
267 365 0.0625 
267 428 0.015625 
267 457 0.015625 
268 265 0.25 
268 278 0.0625 
268 302 0.0625 
268 312 0.0625 
268 372 0.25 
268 394 0.25 
268 419 0.25 
268 437 0.015625 
269 263 0.25 
269 266 0.25 
269 273 0.25 
269 288 0.25 
269 326 0.015625 
269 396 0.0625 
270 265 0.25 
270 282 0.0625 
270 307 0.0625 
270 355 0.015625 
270 408 0.0625 
271 263 0.015625 
271 272 0.015625 
271 306 0.0625 
271 359 0.0625 
271 369 0.0625 
271 383 0.0625 
271 451 0.25 
271 479 0.0625 
272 271 0.015625 
273 269 0.015625 
273 270 0.0625 
273 279 0.25 
273 280 0.015625 
273 301 0.015625 
273 304 0.015625 
273 321 0.015625 
273 327 0.0625 
273 342 0.0625 
273 344 0.25 
273 353 0.015625 
273 381 0.25 
273 390 0.0625 
273 456 0.015625 
274 264 0.015625 
274 263 0.0625 
274 298 0.25 
274 308 0.015625 
274 313 0.015625 
274 356 0.25 
274 364 0.25 
275 266 0.015625 
275 293 0.015625 
275 296 0.25 
275 309 0.015625 
275 330 0.0625 
275 337 0.0625 
275 347 0.015625 
276 265 0.015625 
276 264 0.015625 
276 305 0.015625 
277 263 0.015625 
277 291 0.015625 
277 402 0.25 
278 265 0.015625 
278 268 0.0625 
278 285 0.015625 
278 292 0.0625 
278 319 0.0625 
278 329 0.0625 
278 334 0.0625 
278 411 0.015625 
279 273 0.015625 
279 280 0.015625 
279 303 0.25 
279 307 0.015625 
279 319 0.015625 
279 321 0.25 
279 360 0.0625 
279 400 0.25 
280 266 0.25 
280 279 0.25 
280 273 0.25 
280 281 0.015625 
280 289 0.25 
280 349 0.25 
280 399 0.25 
280 405 0.25 
280 407 0.0625 
281 280 0.015625 
281 404 0.25 
281 416 0.25 
282 270 0.25 
282 265 0.015625 
282 306 0.015625 
282 316 0.0625 
282 338 0.015625 
282 358 0.0625 
282 418 0.015625 
283 265 0.0625 
283 397 0.015625 
284 267 0.015625 
284 286 0.25 
284 294 0.015625 
284 297 0.0625 
284 341 0.015625 
284 375 0.0625 
285 265 0.0625 
285 278 0.015625 
285 299 0.0625 
286 263 0.25 
286 284 0.0625 
287 274 0.015625 
287 264 0.0625 
287 356 0.0625 
288 271 0.0625 
288 266 0.015625 
288 269 0.25 
288 272 0.25 
288 290 0.015625 
288 326 0.015625 
288 377 0.25 
289 266 0.015625 
289 280 0.015625 
289 409 0.25 
290 288 0.0625 
290 343 0.0625 
290 368 0.25 
290 377 0.0625 
291 268 0.0625 
291 277 0.015625 
291 263 0.015625 
291 300 0.25 
291 328 0.0625 
291 331 0.0625 
291 388 0.015625 
291 458 0.015625 
292 278 0.0625 
292 398 0.25 
292 415 0.0625 
292 427 0.0625 
293 275 0.015625 
293 309 0.25 
293 330 0.25 
294 284 0.015625 
294 286 0.0625 
294 318 0.25 
294 335 0.25 
295 263 0.015625 
296 263 0.25 
296 275 0.0625 
296 385 0.25 
297 284 0.0625 
297 375 0.015625 
297 412 0.0625 
298 264 0.25 
298 263 0.015625 
298 296 0.015625 
298 274 0.25 
298 313 0.25 
299 285 0.015625 
300 291 0.25 
300 331 0.015625 
300 458 0.015625 
301 273 0.25 
301 327 0.015625 
301 342 0.015625 
301 344 0.0625 
301 353 0.0625 
301 390 0.015625 
302 266 0.0625 
302 268 0.25 
302 320 0.0625 
302 323 0.015625 
302 362 0.25 
302 426 0.015625 
303 279 0.25 
304 279 0.015625 
304 273 0.25 
304 311 0.015625 
304 357 0.015625 
305 276 0.0625 
305 284 0.25 
305 341 0.0625 
305 384 0.0625 
305 417 0.25 
306 271 0.25 
306 282 0.25 
306 270 0.015625 
306 310 0.0625 
306 317 0.015625 
306 341 0.0625 
306 367 0.25 
306 384 0.015625 
306 393 0.015625 
307 279 0.015625 
307 270 0.015625 
307 316 0.25 
307 420 0.015625 
308 264 0.0625 
308 298 0.015625 
308 274 0.25 
308 379 0.015625 
309 293 0.25 
309 275 0.25 
309 330 0.015625 
310 306 0.0625 
311 304 0.0625 
311 442 0.25 
312 263 0.015625 
312 268 0.0625 
312 374 0.25 
313 274 0.0625 
313 298 0.0625 
314 265 0.25 
314 276 0.015625 
314 366 0.015625 
314 393 0.0625 
314 410 0.015625 
314 441 0.015625 
315 284 0.015625 
315 352 0.015625 
315 412 0.25 
315 452 0.015625 
316 273 0.25 
316 307 0.015625 
316 282 0.25 
316 327 0.0625 
316 333 0.015625 
316 380 0.015625 
316 481 0.25 
317 306 0.015625 
317 367 0.25 
318 294 0.25 
318 263 0.0625 
318 332 0.25 
318 382 0.25 
319 279 0.25 
319 303 0.25 
319 278 0.015625 
319 329 0.015625 
319 336 0.0625 
320 302 0.0625 
321 279 0.015625 
321 316 0.015625 
321 273 0.0625 
321 432 0.015625 
322 265 0.015625 
323 302 0.0625 
323 320 0.25 
323 362 0.25 
323 453 0.0625 
324 263 0.0625 
324 325 0.25 
324 337 0.0625 
324 402 0.015625 
324 459 0.015625 
325 263 0.0625 
325 324 0.25 
326 288 0.25 
326 269 0.015625 
326 354 0.015625 
327 273 0.0625 
327 316 0.015625 
327 301 0.015625 
327 347 0.0625 
327 348 0.015625 
327 363 0.015625 
328 291 0.25 
328 300 0.0625 
328 334 0.0625 
328 458 0.015625 
329 319 0.015625 
329 278 0.0625 
329 398 0.015625 
330 275 0.0625 
330 309 0.0625 
330 293 0.0625 
331 300 0.0625 
331 328 0.015625 
331 291 0.0625 
331 458 0.25 
332 318 0.015625 
332 388 0.0625 
332 401 0.25 
333 316 0.25 
334 278 0.015625 
334 328 0.0625 
334 377 0.25 
334 403 0.25 
334 415 0.0625 
335 294 0.25 
335 365 0.015625 
335 413 0.25 
335 414 0.25 
336 319 0.015625 
336 350 0.25 
337 295 0.015625 
337 324 0.015625 
337 263 0.0625 
337 275 0.0625 
337 387 0.25 
337 421 0.25 
337 430 0.015625 
337 433 0.0625 
338 282 0.015625 
338 265 0.015625 
338 389 0.0625 
339 266 0.0625 
340 265 0.25 
340 370 0.0625 
340 380 0.0625 
341 305 0.015625 
341 284 0.0625 
341 306 0.0625 
341 346 0.015625 
341 376 0.0625 
342 273 0.25 
342 301 0.0625 
343 290 0.0625 
344 301 0.25 
344 273 0.015625 
344 481 0.015625 
345 266 0.25 
345 385 0.015625 
346 341 0.0625 
346 376 0.25 
346 479 0.015625 
347 327 0.015625 
347 275 0.015625 
347 361 0.0625 
348 327 0.015625 
348 442 0.015625 
348 461 0.015625 
349 280 0.0625 
350 336 0.25 
350 351 0.015625 
351 350 0.0625 
351 312 0.25 
351 356 0.015625 
352 315 0.25 
353 273 0.015625 
353 301 0.0625 
354 326 0.25 
354 368 0.0625 
354 450 0.25 
355 270 0.015625 
355 384 0.25 
356 274 0.25 
356 287 0.25 
356 351 0.25 
357 304 0.0625 
358 282 0.0625 
359 271 0.25 
359 282 0.015625 
359 392 0.25 
359 449 0.015625 
360 279 0.25 
360 400 0.25 
361 347 0.015625 
362 323 0.0625 
362 302 0.25 
362 445 0.015625 
363 327 0.015625 
364 274 0.015625 
365 335 0.0625 
365 267 0.25 
366 314 0.0625 
367 317 0.25 
367 306 0.015625 
367 384 0.0625 
368 326 0.25 
368 290 0.25 
368 354 0.25 
369 271 0.015625 
369 383 0.0625 
369 451 0.25 
370 340 0.0625 
371 265 0.015625 
372 268 0.0625 
372 394 0.25 
372 419 0.25 
372 437 0.015625 
373 265 0.015625 
373 283 0.0625 
374 312 0.015625 
375 284 0.0625 
375 267 0.0625 
375 297 0.015625 
375 429 0.0625 
375 435 0.015625 
375 457 0.0625 
375 460 0.0625 
376 341 0.25 
376 346 0.0625 
377 290 0.015625 
377 288 0.25 
377 334 0.0625 
377 444 0.25 
378 265 0.0625 
379 308 0.015625 
380 340 0.0625 
380 316 0.0625 
380 370 0.25 
380 436 0.25 
381 273 0.015625 
381 301 0.25 
381 461 0.25 
382 263 0.0625 
382 318 0.0625 
382 402 0.25 
383 369 0.015625 
383 271 0.015625 
384 367 0.25 
384 306 0.015625 
384 305 0.0625 
384 355 0.015625 
384 272 0.015625 
384 423 0.25 
384 438 0.015625 
384 440 0.25 
385 296 0.0625 
385 345 0.015625 
385 266 0.25 
386 270 0.015625 
386 355 0.25 
387 337 0.25 
387 289 0.0625 
387 431 0.25 
387 439 0.25 
388 291 0.25 
388 332 0.0625 
388 300 0.015625 
388 328 0.0625 
388 318 0.015625 
389 338 0.0625 
389 395 0.25 
390 344 0.0625 
390 353 0.25 
390 301 0.25 
390 273 0.25 
390 456 0.015625 
391 311 0.015625 
391 304 0.25 
392 359 0.015625 
393 389 0.015625 
393 306 0.015625 
393 338 0.015625 
393 314 0.25 
393 425 0.25 
393 448 0.25 
394 268 0.015625 
394 372 0.015625 
395 338 0.0625 
395 389 0.015625 
396 327 0.0625 
396 269 0.0625 
396 424 0.015625 
397 283 0.0625 
397 265 0.0625 
398 329 0.25 
398 292 0.25 
399 280 0.0625 
400 279 0.015625 
400 360 0.015625 
400 303 0.25 
401 300 0.25 
401 324 0.0625 
401 263 0.0625 
401 332 0.0625 
401 422 0.015625 
402 382 0.25 
402 388 0.0625 
402 324 0.0625 
402 277 0.015625 
402 454 0.25 
403 334 0.25 
404 281 0.25 
404 416 0.0625 
405 280 0.015625 
406 337 0.0625 
407 280 0.0625 
407 336 0.25 
407 443 0.25 
407 446 0.25 
408 270 0.25 
408 355 0.25 
409 289 0.25 
410 314 0.0625 
410 366 0.25 
410 441 0.0625 
411 278 0.0625 
412 335 0.015625 
412 297 0.25 
412 315 0.015625 
413 335 0.0625 
413 414 0.0625 
414 413 0.015625 
414 335 0.25 
414 447 0.25 
415 334 0.0625 
415 292 0.0625 
416 404 0.015625 
416 281 0.015625 
417 305 0.25 
418 282 0.25 
419 372 0.0625 
419 268 0.25 
420 307 0.0625 
421 406 0.25 
421 337 0.25 
421 430 0.015625 
422 401 0.25 
423 384 0.0625 
423 440 0.25 
424 353 0.015625 
424 396 0.0625 
425 393 0.0625 
425 448 0.0625 
426 323 0.25 
426 302 0.0625 
427 292 0.25 
428 267 0.25 
429 305 0.25 
429 284 0.25 
429 375 0.0625 
429 434 0.0625 
430 337 0.0625 
430 421 0.015625 
430 433 0.0625 
431 387 0.0625 
431 439 0.0625 
432 321 0.25 
433 337 0.0625 
433 430 0.015625 
434 429 0.015625 
435 375 0.0625 
436 380 0.0625 
437 372 0.015625 
437 268 0.25 
438 384 0.015625 
438 423 0.015625 
439 387 0.015625 
439 431 0.0625 
440 384 0.0625 
440 423 0.0625 
441 410 0.25 
441 314 0.0625 
442 327 0.25 
442 311 0.0625 
442 348 0.0625 
443 407 0.0625 
444 377 0.0625 
445 362 0.25 
445 323 0.0625 
445 302 0.25 
446 407 0.015625 
446 443 0.25 
447 414 0.0625 
448 393 0.25 
448 425 0.015625 
449 392 0.0625 
449 359 0.015625 
450 326 0.0625 
450 354 0.0625 
451 271 0.25 
451 369 0.015625 
452 352 0.0625 
452 315 0.0625 
453 362 0.25 
453 323 0.015625 
453 445 0.015625 
454 402 0.25 
455 277 0.015625 
456 344 0.015625 
456 390 0.0625 
456 273 0.25 
456 461 0.0625 
457 267 0.0625 
457 375 0.25 
458 300 0.0625 
458 328 0.015625 
458 291 0.25 
458 331 0.0625 
458 464 0.0625 
459 263 0.25 
459 324 0.015625 
460 375 0.015625 
461 456 0.015625 
461 396 0.015625 
461 381 0.015625 
461 348 0.015625 
461 139 0.015625 
461 462 0.0625 
462 461 0.0625 
462 463 0.0625 
463 462 0.25 
464 153 0.015625 
464 300 0.25 
464 458 0.25 
464 80 0.0625 
464 362 0.015625 
464 465 0.015625 
464 466 0.0625 
464 468 0.25 
464 469 0.015625 
464 470 0.015625 
464 471 0.0625 
464 472 0.0625 
464 473 0.015625 
464 477 0.015625 
465 464 0.0625 
465 474 0.25 
465 475 0.0625 
466 464 0.25 
467 464 0.015625 
467 468 0.015625 
467 470 0.25 
467 474 0.0625 
468 467 0.0625 
468 464 0.0625 
468 478 0.25 
469 464 0.25 
469 477 0.25 
470 467 0.0625 
470 464 0.015625 
471 464 0.015625 
472 464 0.0625 
473 464 0.015625 
474 465 0.0625 
474 467 0.25 
474 475 0.0625 
475 474 0.0625 
475 465 0.25 
475 476 0.0625 
476 475 0.25 
477 464 0.015625 
477 469 0.0625 
478 468 0.015625 
479 39 0.015625 
479 271 0.25 
479 12 0.0625 
479 346 0.015625 
479 274 0.0625 
479 480 0.25 
480 479 0.0625 
481 432 0.0625 
481 169 0.0625 
481 316 0.0625 
481 344 0.0625 
481 202 0.0625 
481 482 0.25 
481 485 0.0625 
482 481 0.25 
482 483 0.015625 
482 484 0.015625 
482 486 0.25 
483 482 0.015625 
483 488 0.25 
484 482 0.0625 
485 481 0.0625 
485 487 0.25 
486 482 0.0625 
486 489 0.25 
487 485 0.015625 
487 481 0.0625 
488 483 0.015625 
488 490 0.25 
489 486 0.0625 
489 490 0.015625 
489 491 0.0625 
490 489 0.015625 
490 488 0.015625 
491 489 0.25 
492 198 0.015625 
492 283 0.25 
492 264 0.0625 
492 216 0.0625 
492 26 0.0625 
492 493 0.0625 
492 494 0.25 
492 495 0.0625 
492 497 0.015625 
493 492 0.015625 
494 492 0.0625 
494 497 0.015625 
494 498 0.0625 
495 492 0.25 
495 493 0.015625 
495 496 0.015625 
496 495 0.0625 
496 499 0.015625 
497 494 0.0625 
497 492 0.0625 
498 494 0.015625 
499 496 0.25 
