500
0 1 0.7310955744443479 
0 2 0.46483370110585764 
1 0 0.9101986398976857 
1 3 0.5811630431727806 
2 0 0.12005081268497664 
2 4 0.48130955673240605 
2 5 0.7552848763779392 
3 1 0.08304539127890154 
4 2 0.9251655527370135 
5 2 0.4945819917065192 
5 1 0.3634952281533341 
5 6 0.6502033160592168 
5 7 0.9664333332026322 
5 10 0.2832222055275153 
6 5 0.5619672525805869 
6 8 0.6509155084190313 
6 9 0.44790011096353277 
6 11 0.1130222527696142 
6 12 0.2392675583841578 
7 5 0.6825699745591607 
8 6 0.4097397567856389 
8 9 0.13829725108907653 
9 6 0.7850806042690167 
9 8 0.3478365634481231 
9 10 0.679374140360787 
10 9 0.023250718632560896 
10 5 0.1327424279747964 
11 6 0.03675816449079494 
12 11 0.2751490333902774 
12 5 0.08443987681819232 
12 9 0.2652569104758057 
12 6 0.7454221520766268 
12 13 0.7867053158149345 
12 14 0.7439294389646329 
12 19 0.6585241241997868 
12 43 0.5262739036333067 
12 69 0.7789612122446041 
12 154 0.9626640552046275 
12 168 0.8927499648443128 
12 192 0.3841125418803567 
12 238 0.4527287410847204 
13 12 0.6430452270334306 
13 17 0.4843639482431846 
13 18 0.327572510048474 
13 24 0.06976650408855578 
13 33 0.22136466447339698 
13 39 0.8327147914162828 
13 55 0.008257818431686714 
13 63 0.37301172123657456 
13 68 0.028803446250502462 
13 75 0.16497661766791882 
13 102 0.9506990097591739 
13 104 0.6513307984710517 
13 124 0.1508065286732132 
13 158 0.03823296906247309 
14 12 0.29261660867608685 
14 15 0.6751845144452724 
14 20 0.15108225438566403 
14 27 0.6076402740197717 
14 30 0.01712015229440844 
14 31 0.08720381204230576 
14 37 0.11542298943258666 
14 201 0.23520544042817892 
15 14 0.8846234899735006 
15 16 0.7235507697907541 
15 22 0.437751414433025 
15 27 0.19284815551430445 
15 31 0.13784763283605694 
15 37 0.0474648301415147 
15 143 0.5341434453890993 
15 147 0.12470005290734398 
16 14 0.22610555918590602 
16 15 0.1935748899119919 
16 46 0.4418277930600416 
16 106 0.8601343306747645 
16 176 0.7698028833640844 
17 13 0.4291495850956637 
17 18 0.09742977947286946 
17 21 0.7088569625773478 
17 26 0.9507410388172621 
17 33 0.3618239324630861 
17 59 0.47060161282907564 
17 73 0.4579807042545099 
17 79 0.8770796427598108 
17 125 0.31734228257692576 
17 134 0.9321168994760416 
17 141 0.6953951030725147 
17 171 0.05193433946651327 
17 197 0.36782012965767696 
17 199 0.3388186389467369 
18 13 0.7705467718672877 
18 17 0.6628570394074998 
18 23 0.2531221666978527 
18 45 0.49266160428079653 
18 56 0.16960484222367567 
18 94 0.1101666681856397 
18 96 0.13945744100165347 
18 117 0.8039536384457389 
18 122 0.29202823405424905 
18 135 0.8825656967919536 
18 185 0.39030588519556764 
18 256 0.8835305088192345 
19 12 0.08891719629671913 
19 38 0.06529140201257855 
19 155 0.00629178723518431 
19 162 0.2792274169830846 
20 14 0.9484463224236549 
20 15 0.4784528334038026 
20 65 0.4293962629212481 
20 151 0.24471063742032362 
20 198 0.9341589523330682 
21 13 0.29091654932136357 
21 17 0.5383796500441003 
21 24 0.38720746744356893 
21 29 0.5250880198156908 
21 34 0.9052026913596154 
21 55 0.36283015405467767 
21 95 0.8220566010108512 
21 97 0.2673387219462813 
21 103 0.11048097629428189 
21 112 0.5150513556481265 
21 136 0.5424771843324744 
22 15 0.4927569801625413 
22 14 0.6711873896172132 
22 26 0.8989842241297756 
22 28 0.6408696100456776 
22 30 0.24236949170247568 
22 90 0.24310680567026255 
23 18 0.8049371388653919 
23 77 0.9191472335083868 
23 156 0.18366306933762422 
23 464 0.9926236623874674 
24 13 0.10785372739346 
24 21 0.7921850599053287 
24 40 0.7894228981813015 
24 42 0.9782658841068809 
24 170 0.814388257619435 
24 172 0.8752102677578418 
25 20 0.5734500631355285 
25 41 0.49989848699379 
25 101 0.4385098249893721 
25 163 0.11359755189756415 
25 183 0.044273630107487416 
26 17 0.5648431767764424 
26 22 0.5674662057992291 
27 15 0.1229316386157635 
27 14 0.35444699222332077 
27 36 0.495594235914138 
27 61 0.7747384516445895 
27 159 0.851173926652379 
28 22 0.823444654029098 
28 40 0.24072376428895847 
29 21 0.3082687262061148 
29 32 0.31476101503811094 
30 14 0.8905802659193801 
30 22 0.3925153392844668 
30 40 0.7114648981713121 
30 49 0.36952356057663394 
30 118 0.4156959580160712 
30 150 0.7990671948073319 
31 14 0.528774171231909 
31 15 0.8416250506343353 
32 29 0.007128035543543798 
32 34 0.4741794231220152 
32 54 0.1578029355882996 
32 78 0.9998201884650075 
32 112 0.5349715238547157 
33 17 0.4611166710896746 
33 19 0.5038939502994032 
33 13 0.9129960175743648 
33 35 0.9678334638571625 
33 43 0.8784258441111267 
33 47 0.03199198857747998 
33 165 0.16471426458980953 
33 196 0.12298890824922393 
33 218 0.5425101553799423 
33 223 0.11880245765984876 
34 21 0.746339872729842 
34 24 0.8563291050279206 
34 32 0.7330784191344609 
34 29 0.2099000684005633 
34 37 0.11000301243221056 
34 67 0.13448621552714934 
34 71 0.6169061555331731 
34 85 0.5900625422505039 
34 143 0.39323277614927354 
35 33 0.6133810254868978 
35 51 0.013244858566308082 
35 72 0.9864848730883912 
35 80 0.6746968214573675 
35 97 0.7243277391824633 
35 116 0.7141196176942167 
35 129 0.7198464740102243 
35 181 0.41051539292910333 
35 206 0.7694807442430522 
36 27 0.5371473690801688 
36 20 0.3735723136258088 
36 48 0.9705349395494568 
36 61 0.2185375777565477 
36 123 0.9434415796108574 
36 163 0.6243197174446614 
36 167 0.9107827330955177 
36 221 0.6470784680527086 
37 34 0.7274085364440753 
37 14 0.7707340667227406 
37 15 0.1624754105182078 
37 35 0.28013043733340126 
37 76 0.23226574892748808 
37 85 0.9964345928134103 
37 184 0.47268166421307767 
37 214 0.6947539844772106 
37 238 0.5085119665306461 
38 19 0.4760501804130699 
38 44 0.20631106349343753 
38 47 0.20060806194612713 
38 58 0.4002677241824826 
38 77 0.1302449359922555 
38 120 0.5253605958077908 
38 121 0.6234896722851905 
38 187 0.4057262177894496 
39 13 0.9195007225613492 
39 17 0.01979998889814516 
39 52 0.9537668176093091 
39 84 0.5944265387320241 
39 138 0.2540292290004552 
39 153 0.5189653512695627 
39 164 0.3977319660043308 
39 169 0.2977436085984523 
39 191 0.6748818994630662 
39 216 0.34514975857579777 
40 30 0.7184449325890936 
40 15 0.49008385586488434 
40 28 0.11205014450370376 
40 24 0.6202996604876868 
40 95 0.6844224549252934 
40 115 0.35455229827156043 
40 160 0.41966438778851356 
40 195 0.009064337754277618 
40 210 0.30779630382423895 
41 25 0.16086429591756235 
41 111 0.8449485181076277 
41 183 0.32837787031660304 
42 24 0.9345529297229893 
42 172 0.43732104278119954 
43 12 0.32712302564535556 
43 33 0.1585097982626129 
43 83 0.27412255425488363 
43 131 0.1500148263799197 
43 154 0.7935641970418746 
44 18 0.4257833443246972 
44 23 0.3653450550520648 
44 38 0.7342159759392306 
44 53 0.9782102562320174 
44 60 0.03008270179728434 
44 87 0.7249888113422703 
44 100 0.5500808439150449 
44 149 0.49732305875272287 
44 175 0.8745429862950611 
44 194 0.6513765932007787 
45 18 0.3725142716668586 
45 56 0.7023766500605505 
45 93 0.5083046397599165 
45 98 0.6781661269278025 
45 108 0.2127634304711774 
45 117 0.4256329336817747 
45 220 0.33228289318314774 
46 16 0.05629794299320745 
46 157 0.015758471055401735 
47 33 0.8060645733621306 
47 38 0.47370564687769934 
47 77 0.37031460279383943 
47 146 0.3364008933886752 
47 202 0.3023203430055379 
48 36 0.10131933289515627 
48 70 0.16854176956474443 
48 163 0.20196031035227824 
48 221 0.7598245981568547 
49 30 0.5012391485990007 
50 24 0.16791493997951834 
50 13 0.038572608554965804 
50 42 0.050223225799758464 
50 85 0.582271763458272 
50 107 0.9221941101743929 
50 132 0.6536877081161172 
50 142 0.4894956727141402 
51 35 0.5791935064680097 
51 89 0.6729360493063732 
51 90 0.19954264210515793 
52 39 0.2662797035266051 
52 77 0.8708338664218712 
52 84 0.14385281298957675 
52 138 0.2594346451313836 
52 191 0.3012820182053161 
52 216 0.16138647515722782 
53 44 0.8920686398071181 
53 57 0.454113229242892 
53 60 0.1939691658162208 
53 66 0.23254691606882572 
53 81 0.4882726331968936 
53 82 0.2930733362758451 
53 100 0.5510411898589231 
53 109 0.4823339332675408 
54 32 0.5166488285479599 
54 29 0.4291173016321781 
55 21 0.5129717839966844 
55 17 0.7535142125132801 
55 13 0.6051862458021104 
55 88 0.5334492757522313 
55 212 0.5604276211714515 
56 44 0.5723301507109698 
56 45 0.36704793059009255 
56 18 0.8994915406320401 
56 209 0.6604425390848881 
57 53 0.11892864375674428 
57 127 0.03887352435132063 
58 38 0.8040492768905944 
58 120 0.2532407151232089 
58 187 0.48797469459131104 
59 17 0.24963502185588493 
59 62 0.8098003011903082 
59 74 0.016372020881928795 
59 88 0.10104021414584308 
59 126 0.3357988233802074 
59 189 0.03811355315576037 
60 53 0.6182522918235727 
60 44 0.013485011554519755 
60 204 0.8527004104221017 
61 27 0.5802990385120453 
61 36 0.43716552894296146 
61 14 0.6918061523749435 
61 86 0.4319095758183604 
61 148 0.3004768566187953 
61 152 0.056698908904893375 
61 217 0.18189027937430902 
62 59 0.2933146269402953 
62 64 0.3943262591831094 
62 81 0.7587090917138717 
62 211 0.22712325411640122 
62 219 0.974491590385455 
63 13 0.27424327689064465 
63 68 0.6926602350817589 
64 62 0.7918179457037849 
65 20 0.4159733000545014 
65 198 0.29652756911369993 
66 53 0.04023567307324327 
67 34 0.8009911408934595 
68 63 0.009425942710628687 
68 13 0.7368671167384975 
69 12 0.2324105937074179 
69 192 0.4003113416054248 
70 48 0.974913106498338 
70 36 0.8670101483502285 
70 123 0.8975311422949127 
70 167 0.009375927400372963 
70 221 0.8384375998297505 
71 34 0.4640909804268464 
71 67 0.8344376309852146 
71 41 0.023260331150233515 
71 133 0.732270219775964 
72 35 0.5924734048246912 
73 17 0.36213730496598207 
74 59 0.21488012469867324 
74 126 0.4971018134521551 
75 13 0.2324357952999846 
75 104 0.9186749943097444 
76 61 0.4867220971242191 
76 37 0.13750606014402766 
76 184 0.881705170694197 
77 52 0.6105240140112457 
77 23 0.5343035406149583 
77 47 0.35412920813333937 
77 19 0.2872490755389818 
77 38 0.11083252257590515 
77 127 0.25854441983444665 
77 190 0.9539854890395633 
78 32 0.4005883412834721 
78 29 0.6459982344948122 
79 17 0.8811684301281 
79 134 0.3622658877522992 
79 141 0.3165618268899578 
79 199 0.40289317114501255 
80 35 0.8857361019016605 
80 72 0.49182558975170465 
80 116 0.8751126827956234 
80 181 0.8148923993332656 
80 206 0.038273301311050334 
81 66 0.10984000451845266 
81 62 0.7304678836727748 
81 53 0.25122322573769695 
81 130 0.6448392434856947 
81 161 0.943829822007357 
82 53 0.4536011576749357 
82 45 0.8706591916645336 
83 43 0.7302949861350101 
83 127 0.33059872431385606 
84 52 0.41401604271247716 
84 39 0.9324543621847746 
84 164 0.36234352633940736 
84 216 0.8384072046602762 
85 50 0.19074611303299183 
85 37 0.1474988864449278 
85 34 0.8338971410203829 
85 99 0.0866247854846458 
85 112 0.5221768823131872 
85 131 0.748400163249652 
85 179 0.014241241120074632 
86 61 0.4809143271226727 
86 99 0.756294689943565 
87 44 0.13699550016123752 
87 128 0.42516151904030297 
87 137 0.8305475405229263 
87 144 0.732653645904161 
88 59 0.09167005574267195 
88 55 0.5183936518546198 
89 51 0.9964512165063525 
89 47 0.5756235907524719 
90 22 0.6277560231955562 
90 51 0.5911573577445288 
90 28 0.7341872990693391 
90 193 0.12415444133841758 
91 85 0.5173782496491802 
91 86 0.21407238860923572 
91 177 0.18249558144551714 
91 215 0.9439616982987282 
92 12 0.9984597965351832 
92 26 0.6750582153112934 
92 19 0.12776585608157032 
93 45 0.3686717435701311 
94 18 0.49712849523559643 
95 21 0.7220843794112304 
95 17 0.7532728407187271 
95 40 0.5826378995421165 
95 178 0.8904344137504322 
95 186 0.9487024719433289 
95 208 0.12854877173449764 
96 18 0.48469878648207143 
96 135 0.8737621274403603 
97 32 0.649825191294921 
97 21 0.6053952932500085 
97 35 0.21765890103222563 
97 116 0.3862746572921667 
97 129 0.9488468400674056 
98 45 0.6996051856007497 
98 108 0.06033210283132606 
99 85 0.18686303061187715 
99 86 0.23680770588019462 
99 114 0.7509381479809026 
100 53 0.6467393377585114 
100 57 0.14353769107366043 
100 44 0.7602261562195144 
100 113 0.49857270256557407 
101 25 0.08278962880451135 
101 111 0.9265332202959168 
101 143 0.6880460824728346 
101 179 0.05990804202677891 
101 183 0.8427309825741306 
102 55 0.5713441512230384 
102 13 0.9296720066637556 
102 77 0.6328087918658089 
102 47 0.11462064768121838 
102 105 0.2522783864867615 
103 21 0.2292340181107645 
104 13 0.8019381126245325 
104 75 0.614874540572439 
104 110 0.0913927950542992 
104 119 0.3827684430757138 
104 140 0.7616693584948239 
104 203 0.20680011831088851 
104 207 0.2548430597994704 
105 102 0.12897657219538827 
105 97 0.50216085362421 
106 16 0.5258746341517622 
106 176 0.9466968065344392 
107 50 0.14338021626207753 
107 139 0.15855314529907683 
108 45 0.5305587281522672 
108 98 0.8542752770032246 
108 220 0.7566822204629137 
109 53 0.5168641527479937 
109 66 0.9468392691482647 
110 104 0.7509138491697943 
110 481 0.45979814776121486 
111 25 0.4291965655465181 
111 41 0.7647911553122388 
111 101 0.8726273597897567 
111 163 0.836313652714313 
111 183 0.867631650845161 
112 21 0.7847112958566919 
112 34 0.26996271991719567 
112 32 0.017229817371903988 
112 85 0.3238701452010273 
112 139 0.6376309745857188 
112 145 0.3411406504104899 
113 100 0.07570453217558804 
113 162 0.5665943185456898 
114 99 0.1424514986781663 
114 12 0.18409610867001047 
115 40 0.8760220015550821 
115 160 0.25166934553645604 
116 97 0.24106468330712105 
116 35 0.5072650673640531 
116 80 0.708607188876165 
116 165 0.42985620764769294 
117 18 0.0040426135454414425 
117 23 0.6081981296153608 
117 45 0.5569588609222772 
117 156 0.06501529394870342 
118 30 0.8318851978275579 
118 49 0.26934996322776594 
119 104 0.29534902156239373 
119 110 0.6156279138973053 
119 140 0.6227176469430734 
119 203 0.6004040309315982 
119 207 0.9450070107382339 
120 58 0.9089275248925247 
120 38 0.8824250816692858 
121 38 0.2733952261652435 
121 137 0.44568133194648607 
122 64 0.810086785564819 
122 18 0.923504138939118 
122 82 0.17206040810453815 
122 166 0.9662035515796338 
122 256 0.6561212146805357 
123 70 0.4486665354373891 
123 36 0.8327018388899302 
124 13 0.10452333538742065 
125 17 0.10431742638618102 
125 79 0.70820641564943 
125 171 0.5354588163981673 
126 59 0.13067027188644575 
126 74 0.10263708382711212 
127 23 0.4589074917891356 
127 77 0.24321698304471628 
127 60 0.9680687184376177 
127 57 0.7640950369546569 
127 83 0.9918258999205961 
128 87 0.7711043942204004 
128 144 0.4434542190945131 
129 80 0.32552379983979873 
129 35 0.23517677300138518 
129 97 0.7892790319364865 
129 89 0.09189723819827189 
130 81 0.7360823125651729 
131 85 0.3469286957798531 
131 43 0.14368462762822254 
132 50 0.4847918692267431 
132 107 0.42280157434152377 
132 142 0.43016895405739686 
133 71 0.46785824787557084 
134 17 0.20078705030756572 
134 79 0.7362511269603209 
135 18 0.8445756782767658 
135 96 0.059502236161316446 
135 185 0.24915592937475772 
136 103 0.7815379721225083 
136 21 0.5726006783836493 
137 87 0.5362139622810125 
137 121 0.9587380666589683 
138 39 0.44633086586715665 
138 52 0.1700626814237297 
138 84 0.09085424477321591 
139 97 0.8276495592300668 
139 107 0.5929732483323429 
139 112 0.5470788388473162 
139 50 0.09589135244206903 
139 461 0.08249002241503578 
140 104 0.03267331745938751 
140 110 0.6781757077392214 
140 119 0.5546600616525357 
140 203 0.3357578509268323 
140 207 0.5538286315925379 
141 17 0.10986205184402842 
141 79 0.2213427478510691 
142 107 0.903578466449558 
142 132 0.12219810630714711 
142 50 0.7614669991962835 
142 223 0.045116705660173895 
143 34 0.770695562268988 
143 15 0.9437503676975197 
143 101 0.6372877780944209 
143 179 0.861147938369779 
144 87 0.5161011223707908 
144 128 0.8077225695867315 
145 112 0.1611463929626692 
146 47 0.8791855490399562 
147 15 0.12853403231294758 
147 14 0.4997215320781656 
148 61 0.6519722889527898 
148 152 0.512821411537435 
148 217 0.8716818171198291 
149 44 0.1393767400388588 
150 30 0.31255827525485236 
150 118 0.31411686283763085 
151 20 0.9588021373029628 
151 65 0.9027567932889115 
151 198 0.08693376192896352 
152 61 0.22287087590232169 
152 148 0.5231989240126506 
153 39 0.7596489257262906 
153 52 0.6111008636195104 
153 138 0.5956886945483283 
153 84 0.7003918955505796 
154 12 0.10278269703522513 
154 43 0.4046234797862469 
155 19 0.2887992108894669 
156 117 0.09397817537787867 
156 23 0.5147374590406868 
157 46 0.4890132176621691 
158 13 0.5941231441871563 
159 27 0.6646994079886209 
160 40 0.6015616161215043 
160 115 0.6966814009277759 
161 59 0.7473702871748809 
161 81 0.532490542909752 
161 126 0.11642165674859561 
161 213 0.16360831708229995 
162 113 0.8181232064249474 
162 19 0.7746371668180737 
163 25 0.40026002768700075 
163 101 0.13318068111268833 
163 36 0.1303006775670722 
163 48 0.2647889458820555 
163 111 0.18096500951588168 
163 174 0.5756313615485382 
163 182 0.7120190690064443 
164 52 0.9486461277283068 
164 39 0.894422377380742 
164 84 0.14951858499278348 
165 33 0.36889869954947674 
165 116 0.3119441170205586 
165 180 0.759504548460306 
166 122 0.020431137226529228 
167 70 0.08380504494364516 
167 36 0.8689663282713436 
167 48 0.9959934750081179 
168 12 0.007930278225312448 
169 164 0.8332299630280657 
169 39 0.9223839765681453 
170 24 0.9777977404022902 
171 134 0.041013129565139916 
171 17 0.7188669630071995 
171 125 0.27075831798781225 
172 42 0.26862490862610444 
172 170 0.17459651819676003 
172 24 0.461539475898887 
173 12 0.12954038873361595 
173 168 0.16224537468675215 
174 163 0.4310460956653751 
175 44 0.3261961063424683 
175 263 0.27867955133554556 
176 16 0.6760753049077483 
176 106 0.4434084976363992 
176 184 0.6417220948587727 
177 91 0.45741187757575463 
178 95 0.2795405376046386 
178 186 0.1308052282522919 
179 143 0.1588651806202258 
179 85 0.15965403272266354 
179 101 0.2790279016672379 
179 14 0.8107417822123953 
180 165 0.6653736164093726 
181 35 0.16474153521366797 
181 80 0.9648061702820976 
182 163 0.3306568079720511 
183 111 0.07005178726106631 
183 101 0.23411291020770664 
183 25 0.6723926664231373 
183 41 0.015791464545093947 
184 176 0.7282477635540259 
184 37 0.6327308872321201 
184 76 0.040472537818185716 
185 18 0.019591622264238495 
185 135 0.7599621591484087 
186 178 0.8055503402373012 
186 95 0.957171914984531 
187 58 0.13332440911493582 
187 38 0.36313635493575747 
188 57 0.5121068009172556 
189 84 0.3842326479083711 
189 52 0.8493191710559876 
189 104 0.8012810550314178 
189 39 0.18009528143853926 
189 59 0.3982001633797846 
190 77 0.9978860548681578 
191 39 0.44145222569163944 
191 52 0.7744611285849458 
191 84 0.8841481029831643 
192 69 0.9970095210912533 
192 12 0.5171301139318125 
193 90 0.35485000362048347 
194 44 0.38436117905945066 
194 175 0.9493195543130142 
195 115 0.10996949902858177 
195 40 0.49079325261167117 
195 160 0.6039224207036755 
196 33 0.8724181557569208 
197 17 0.8192537759438526 
197 125 0.894662961184542 
197 134 0.3723066749243068 
198 65 0.9025238432518625 
198 20 0.8477019646425838 
198 151 0.33036207009139795 
199 17 0.6596193994430101 
199 79 0.29811750698004214 
200 102 0.223397869115881 
201 14 0.6450649080765708 
201 15 0.5775952978457862 
201 147 0.6721153108278207 
202 47 0.4222003110451009 
202 146 0.9337267141800808 
203 104 0.040348063492947395 
203 119 0.91265960330159 
203 140 0.6759463447334141 
204 60 0.8819531279941901 
205 26 0.9861020782198024 
206 72 0.42454845735327784 
206 35 0.3778679400119024 
206 80 0.5538143230288243 
207 119 0.24572841141137813 
207 203 0.2765031616354009 
207 104 0.3738354486259593 
207 110 0.6064188042921846 
207 140 0.3780837906477783 
208 186 0.7254885639291914 
208 95 0.20742942546628373 
209 56 0.6693191585695908 
210 40 0.8891968235991567 
211 62 0.8571260966339858 
211 261 0.9784363445387112 
212 55 0.43682259581412675 
213 161 0.6463656882206403 
214 37 0.7704800808944213 
215 91 0.47035458180843925 
216 84 0.0023623390250782084 
216 39 0.4646866640690477 
216 191 0.5189195773220823 
216 52 0.3073651722307734 
217 61 0.2260495953772843 
217 148 0.5288603434825129 
218 33 0.9824033074417462 
218 51 0.5486176025704248 
218 187 0.08826129023559615 
219 62 0.4345457271650186 
219 211 0.19238104482259888 
220 108 0.3827224984894174 
220 45 0.325690969971956 
221 48 0.13885554523441046 
221 70 0.9448501761447468 
221 36 0.5830734079018923 
221 123 0.6916380202161856 
222 165 0.821333483611978 
222 180 0.5151512210932133 
223 33 0.8883549610046511 
223 142 0.6797419093617821 
223 13 0.22463319190410047 
223 43 0.35484912446028494 
223 225 0.5587928478978788 
223 226 0.8216732427481943 
223 234 0.3800202173509861 
224 223 0.912260287239511 
224 226 0.47459084787638384 
224 227 0.5204973410892845 
224 230 0.32641031988662483 
224 233 0.5658929279859393 
225 223 0.8884265219474563 
225 227 0.02440935366375996 
225 234 0.6383226743141092 
226 223 0.824583079626662 
226 224 0.43054681098563385 
226 228 0.8246903775301323 
226 229 0.8483733545251464 
226 235 0.09744414617600294 
227 225 0.18635044116051913 
227 224 0.023151220360471125 
227 230 0.9656506639477268 
227 233 0.6024137679121341 
228 226 0.9459676640521459 
228 229 0.23589819102461274 
229 226 0.7358616035120247 
229 228 0.5643242542612122 
229 231 0.9588819656941217 
229 461 0.23410630920592934 
230 224 0.2597189161878133 
230 227 0.33040747744384524 
230 236 0.4110418490173747 
231 229 0.006037451119752069 
231 232 0.3780861111230619 
232 231 0.2776800893972293 
233 224 0.7717747466257266 
233 223 0.8214795298962634 
233 227 0.495931221716167 
234 225 0.10549996301635256 
234 223 0.3433192094836479 
235 226 0.04416122493375374 
235 228 0.7360232013379814 
236 230 0.960605931605395 
237 228 0.8307553417504643 
238 52 0.40625779570424625 
238 192 0.11999166408949014 
238 12 0.25465901651227907 
238 37 0.09709949018829256 
238 187 0.8638883291973071 
238 239 0.34382563904938646 
238 240 0.2845549337395672 
238 241 0.5516831637225421 
238 246 0.45031147947755046 
238 247 0.12390284696808851 
238 255 0.9261189339776672 
239 238 0.9004457902219248 
239 242 0.8143824813063006 
239 243 0.45347491822896024 
239 244 0.11167720503169998 
239 254 0.4733045726905356 
239 255 0.12573075730122618 
240 238 0.28483099315398575 
241 238 0.3437008450787009 
241 245 0.4038658703012795 
241 247 0.8694402607493797 
241 249 0.5871119359198926 
241 251 0.27253302323695716 
241 254 0.959548864412073 
242 239 0.7018440543756918 
242 244 0.1680456337503652 
243 239 0.18267130123539055 
243 255 0.5320375949475099 
243 261 0.6801063147445244 
244 239 0.34979244878311244 
244 242 0.4877561773648674 
245 241 0.681804799996757 
245 246 0.7243525863505388 
245 248 0.9488594094812277 
245 249 0.4645333061665371 
246 238 0.9639889156896562 
246 245 0.781456945509997 
246 250 0.06374002890877473 
247 238 0.07839692844667934 
247 241 0.05320199112888424 
248 245 0.9824967688025636 
249 245 0.5727774594767535 
249 241 0.4697909127739309 
250 246 0.5021559691140192 
251 241 0.7389057669355205 
251 252 0.7807760316967831 
251 253 0.0802638699256416 
252 251 0.4262668307801909 
252 253 0.5737649394633608 
253 252 0.1464485528608972 
253 251 0.8673794975817846 
254 239 0.11858920283097452 
254 241 0.15086906447877968 
255 243 0.9316470619173822 
255 238 0.021885245452769375 
255 249 0.019469957335520816 
255 239 0.2967482335613123 
256 18 0.8314192888018137 
256 87 0.7184238207917983 
256 156 0.9115876480668417 
256 122 0.1148772456885524 
256 257 0.05273530617518074 
256 259 0.30546938575828053 
257 256 0.11362048035180394 
257 258 0.5544602858795485 
258 257 0.655583107789519 
258 260 0.023564298380405968 
259 256 0.7543624611641643 
260 258 0.4447882954192547 
261 189 0.5633874948571427 
261 211 0.7964895492965021 
261 243 0.049118010775543675 
261 26 0.9522456875564363 
261 126 0.6286730180863104 
261 262 0.4192461624128465 
262 261 0.7310546430296379 
263 122 0.7019248541101855 
263 175 0.3992384189727841 
263 231 0.6686561308725774 
263 243 0.93837938969103 
263 127 0.2802171450166654 
263 264 0.5915084101367999 
263 266 0.7611820572316118 
263 315 0.06375426651402483 
263 321 0.3457079884914023 
263 333 0.6177908670505577 
263 336 0.8032063936335104 
263 342 0.9120391379727257 
264 263 0.29799377865847243 
264 265 0.4950875743905677 
264 267 0.2621321908087988 
264 270 0.04648252102620365 
264 291 0.7640329652911535 
264 307 0.3728573731678372 
264 343 0.4959776681472443 
264 359 0.730450380178522 
264 492 0.41472854947056537 
265 264 0.8140845553378661 
265 268 0.2635829177458565 
265 271 0.5972971304896553 
265 273 0.10372312231145087 
265 274 0.5063467971509272 
265 282 0.8090135158394236 
265 284 0.062346360873782425 
265 288 0.7350332454624705 
265 338 0.8859194023568815 
266 263 0.33840646457755896 
266 272 0.0887138618358756 
266 279 0.40441363200713254 
266 294 0.395115726843961 
266 318 0.3233277942155405 
266 322 0.3557732755445365 
266 324 0.9096325400571057 
266 381 0.13360223921313075 
266 405 0.8798944302518441 
267 264 0.8495084792595222 
267 269 0.5767969770204064 
267 303 0.9944315962613559 
267 305 0.029936967344447063 
267 310 0.6632254786565254 
267 346 0.08477132276929689 
267 373 0.37673222674901685 
268 265 0.01046146678438531 
268 274 0.9459389699888412 
268 275 0.36737864648964136 
268 285 0.48861029575624737 
268 286 0.9181908878758205 
268 311 0.07029425398755806 
268 317 0.5601213031831818 
268 355 0.7685240684735194 
269 267 0.8541475701058953 
269 326 0.5592864694218111 
269 361 0.5000129823904625 
269 375 0.3690741097054766 
269 378 0.40550240560995976 
270 264 0.6649658515631696 
270 348 0.3758322117750954 
270 351 0.7420569215095156 
270 407 0.24520418651430653 
271 265 0.47330253456023486 
271 272 0.6441970541903603 
271 276 0.29212461597775485 
271 278 0.22119899292877532 
271 280 0.68264161193731 
271 282 0.9811616904655468 
271 284 0.7635511605323543 
271 287 0.9451542207566085 
271 289 0.1681263059050404 
271 297 0.2275910243103807 
271 308 0.9009613015495032 
271 309 0.5981445113679826 
271 347 0.9939253739827852 
271 350 0.3135476197947331 
271 364 0.8651172829339776 
271 366 0.14950742373919634 
271 399 0.920593447215586 
271 423 0.9026381323201881 
271 448 0.6811873293737384 
271 452 0.6146235745935139 
271 481 0.11152310908066232 
272 271 0.5063175007966049 
272 266 0.8088849584596796 
272 275 0.21315947344811914 
272 279 0.04566937083023548 
272 345 0.2479421175034553 
273 265 0.7829491689803885 
273 275 0.9096228506551719 
273 277 0.07672242596347911 
273 316 0.26414132863373774 
273 409 0.1992247973815776 
274 265 0.2817145367019863 
274 268 0.7949379071872025 
274 285 0.46046627967360654 
274 299 0.6731690252909466 
274 300 0.10823983188388175 
274 301 0.3143472223302487 
274 455 0.773904599303278 
275 273 0.8823566750623241 
275 272 0.3014727025136682 
275 268 0.5866653628259185 
275 326 0.03356427136802553 
275 371 0.009149972824457175 
275 408 0.24586681568209667 
276 271 0.529778397630476 
276 278 0.03659928405647739 
276 280 0.0879998627953057 
276 452 0.0998188653430031 
277 265 0.15478586546278372 
277 273 0.691890242149153 
277 291 0.5540822987211746 
278 271 0.27762620973806207 
278 276 0.5811767156419934 
278 287 0.9264743217054512 
278 293 0.2574990836727312 
278 322 0.448777780585111 
278 323 0.24723427922780772 
278 328 0.4678642750932708 
278 398 0.7872345063626849 
278 403 0.9291690512021129 
278 416 0.2354849443199123 
279 272 0.10253146001026814 
279 266 0.5873541646557283 
279 290 0.8594453017321222 
279 314 0.36722465547314675 
280 271 0.7969890855413488 
280 276 0.07004105268690242 
280 284 0.8323314575488564 
280 297 0.7008592865481307 
280 308 0.9557646232221481 
280 350 0.14664013160652656 
281 264 0.9765919872055646 
281 270 0.7082642379509191 
281 295 0.36593612056070124 
281 302 0.21747098939745269 
281 320 0.4134833677622497 
281 327 0.9417076987745129 
281 367 0.5742000877405468 
281 385 0.6190564330598154 
281 413 0.8278954216721384 
281 422 0.6584055493306629 
282 271 0.31798585747810504 
282 265 0.40502441373333564 
282 289 0.34480338088225837 
282 385 0.265119422357036 
282 425 0.8860472550111366 
283 265 0.7448101115309089 
283 338 0.9723542724890926 
284 265 0.9006407841319745 
284 271 0.29436166885589965 
284 280 0.882254519832308 
284 329 0.8391517332176975 
284 429 0.14546788335579164 
284 440 0.5564121829713048 
285 268 0.7080508722730123 
285 265 0.6085522661071436 
285 274 0.060638866519504675 
285 338 0.5511781500061601 
285 376 0.2722779181123529 
285 410 0.9993193114453217 
286 268 0.5750543495639793 
286 317 0.8933007776942792 
286 355 0.45570198503812787 
287 271 0.32146980332355646 
287 278 0.6413502368919283 
287 296 0.21845248717408983 
287 303 0.34634357220518375 
287 312 0.6093178208340958 
287 384 0.6022596296381658 
287 393 0.31062861099458383 
287 403 0.9041837343904413 
287 424 0.09885516345471113 
287 450 0.4103317912042307 
288 283 0.6441190222609826 
288 265 0.6489250006010934 
289 282 0.9096698761540128 
289 271 0.28777976137438466 
289 438 0.885154782266517 
290 279 0.25511503761989207 
291 277 0.7092042664548892 
291 264 0.9522130957871049 
291 292 0.14782657440614777 
291 360 0.25088052051716503 
291 376 0.35293417339516575 
292 277 0.1087654288208616 
292 291 0.2251976735219704 
292 327 0.1731009304988258 
292 344 0.016984608095948373 
293 278 0.11309390194135271 
293 312 0.8959781512426813 
293 321 0.41722289944643187 
293 417 0.7585658605557354 
293 428 0.5555336878055511 
294 266 0.7168685990597872 
294 433 0.7019330705468741 
294 443 0.2463073014091428 
295 281 0.4033612500022953 
295 327 0.9399722441070393 
295 386 0.032936999804897504 
296 287 0.6883925398858712 
296 269 0.3646303457042662 
297 280 0.3712705453192582 
297 276 0.1153004574448655 
297 271 0.932214960371542 
297 298 0.918181546053438 
297 309 0.17177030000252436 
297 347 0.8069411514608845 
297 364 0.7209719345087662 
297 377 0.6160723272564742 
297 452 0.7482086401517539 
298 271 0.014243211775574527 
298 297 0.18908742887434038 
298 301 0.38941009777058144 
298 303 0.8521027227353666 
298 313 0.953583014317932 
298 330 0.09521493037790185 
298 335 0.4368979647315473 
298 374 0.997559698063685 
298 397 0.30478944956442644 
298 441 0.918981892499312 
298 479 0.6443818782529697 
299 267 0.6775484148337229 
299 274 0.09748975534738313 
299 306 0.8343780152205102 
299 313 0.08092675133607119 
300 274 0.12219536686001653 
300 301 0.6455545354172243 
300 313 0.9141470342639461 
300 371 0.8108240159264376 
300 401 0.7258062019459453 
300 418 0.9903269908509286 
301 300 0.48019217449190077 
301 274 0.9302689359407467 
301 298 0.9378059649908224 
301 420 0.7685983055269459 
301 460 0.4881797830470004 
302 281 0.9598949003326753 
302 282 0.561858922511909 
302 264 0.975491456416952 
302 385 0.6332208923488963 
303 298 0.32059256183988094 
303 287 0.5625942304434536 
303 299 0.37160194657851475 
303 267 0.9853879019465301 
303 310 0.06405043954289413 
303 330 0.3748383904103173 
303 388 0.06100816852870916 
303 395 0.3560339717122947 
303 457 0.9458347905141318 
303 481 0.7190427159235646 
304 300 0.11465838302064313 
304 358 0.07375075878291237 
304 415 0.8343357939802629 
305 267 0.9997971889332832 
305 373 0.32916808061179137 
306 299 0.379195539656653 
306 314 0.6082645768316951 
306 363 0.18453094967421346 
307 264 0.871431355743211 
307 270 0.6814045198666874 
307 351 0.33480314255970756 
307 359 0.47451952070593506 
308 280 0.6826318918159584 
308 276 0.8321798363125037 
308 271 0.09394230196887621 
308 309 0.13100991842483867 
308 364 0.06522471898417082 
308 368 0.6245036251166637 
308 377 0.2214449183042726 
308 423 0.4391478935326242 
309 271 0.9680293037651236 
309 280 0.3078619460962396 
309 297 0.6045795261128176 
309 308 0.4066575346150456 
309 350 0.728898163649565 
309 368 0.8959243449108015 
309 423 0.3428803885472499 
309 448 0.06346163908498348 
310 303 0.3219602190057348 
310 267 0.7173305973236369 
310 325 0.22229583912570794 
310 337 0.811285800146888 
310 357 0.2286343052563966 
310 372 0.9449306927974492 
310 414 0.9891417954892693 
311 268 0.7046547883903133 
311 286 0.04633520886192444 
312 293 0.16765669913640524 
312 287 0.7475155699001614 
312 271 0.8166065748595902 
312 331 0.8244873801178187 
312 380 0.517230906062881 
312 400 0.03986165893961269 
313 300 0.2072608569793435 
313 298 0.8303077985498573 
313 299 0.181586740420159 
313 301 0.993606378085393 
313 346 0.024188186291433267 
313 382 0.8554484523999398 
313 391 0.8194671695472187 
313 426 0.09880872239858063 
314 287 0.825256302053948 
314 306 0.6508997915125252 
314 279 0.9378435518787637 
315 263 0.43697045080206487 
315 349 0.7997507887751641 
315 356 0.5672948291287341 
315 362 0.2630813114931638 
315 369 0.9932665417148453 
315 442 0.5635186220150038 
316 273 0.7231580223629546 
316 338 0.10721930104442601 
316 371 0.8800136282418918 
317 268 0.33083987400558057 
317 282 0.7910254065443206 
317 299 0.8834374068750286 
317 286 0.8911055354581001 
317 319 0.5034855548049774 
317 383 0.27699842793932394 
317 427 0.8184992614000669 
317 436 0.9986006673663175 
317 445 0.39184446782119053 
318 266 0.16577871542372546 
318 394 0.80247637212496 
319 317 0.5504932139878189 
319 332 0.6152460013097255 
320 295 0.3966447165201886 
320 281 0.052529881178216664 
320 327 0.62523383839698 
320 367 0.515998082056683 
320 386 0.5633150073143133 
320 422 0.7470517541683357 
321 293 0.027644689480566975 
321 263 0.388951223007015 
321 323 0.5308332568195466 
321 342 0.8752205771333235 
322 278 0.08237748702932246 
322 266 0.23063480699807926 
323 278 0.24874813927768324 
323 321 0.40287663254800865 
324 266 0.7604324820853144 
324 318 0.2683402451064918 
325 310 0.45672397364052175 
325 357 0.26473540842840393 
326 269 0.3376458981393319 
326 275 0.12267719059555238 
326 334 0.6214919674865138 
326 412 0.05031800051778923 
326 421 0.7397468953414892 
327 320 0.8846813645915395 
327 295 0.0876453253569568 
327 281 0.21668674297225454 
327 292 0.4841300034393514 
327 339 0.6969480425301452 
327 353 0.33156547106909995 
327 370 0.05063149481711848 
327 391 0.47963542297354433 
328 278 0.09896988633001247 
329 284 0.6479815158914906 
330 301 0.18493069489195413 
330 303 0.6341217980807005 
330 298 0.5240997609242385 
330 390 0.5175653911687002 
330 404 0.7394630662487555 
330 437 0.7887448627056134 
331 312 0.3896223350451101 
331 380 0.5030656983128668 
331 392 0.65013290294242 
332 319 0.876161774071473 
332 331 0.27144655752150215 
332 289 0.657917765208892 
332 317 0.28411677738686436 
333 263 0.518073535476828 
334 326 0.8233921768689092 
334 411 0.7890365632551195 
334 421 0.7148384167408269 
335 298 0.341319332417516 
336 263 0.7212151891183406 
337 310 0.7152723645258293 
337 325 0.9535115556238957 
338 283 0.5966223284314824 
338 265 0.810292652946995 
338 285 0.12230444935669293 
338 316 0.6540733122259783 
339 264 0.4677033014178641 
339 327 0.1863501157010392 
339 340 0.7898346031155511 
339 354 0.804541436903542 
339 447 0.09800964163964676 
339 459 0.11122663961414403 
340 339 0.9214574827316709 
340 341 0.20586604820272403 
340 348 0.12628043856683013 
340 354 0.5805916477949978 
340 444 0.22219659423287508 
340 459 0.5391552291535711 
341 340 0.34367255101083427 
341 267 0.416911471789992 
341 313 0.9551641365644042 
342 321 0.9067050588719551 
342 263 0.38368144078252875 
343 332 0.7010778750612277 
343 264 0.8213148981152802 
343 270 0.8513582255635843 
343 389 0.5758972952546411 
343 432 0.8168996146625463 
344 292 0.23240924234475535 
344 396 0.6109581481416482 
344 454 0.5895215861898461 
345 272 0.3242724836177131 
346 313 0.033672369618217624 
346 267 0.9305583169349733 
347 297 0.38003894517155834 
347 308 0.05377023336028486 
347 271 0.5926714916712301 
347 368 0.7112939748424354 
347 423 0.29684613968286666 
347 452 0.6399911327767518 
348 340 0.5804477477399105 
348 270 0.6543284225673325 
348 339 0.9323852031520399 
349 315 0.49067341108823526 
349 356 0.8312975583653216 
349 362 0.9988469050946607 
350 271 0.10435036708259948 
350 309 0.44936087389575363 
350 280 0.4196186088980848 
350 352 0.3691186639358348 
350 402 0.31886616402546 
350 428 0.3292661504626563 
351 270 0.8823889737289766 
351 281 0.3833625493680082 
351 307 0.07043291457011491 
351 365 0.7369781956777881 
352 350 0.49171276905568106 
353 327 0.7988147361998823 
353 444 0.5658382094230957 
354 339 0.906934601623946 
354 340 0.6259516258095733 
354 447 0.6467465463447385 
354 459 0.6935507482978504 
355 268 0.5683439836463282 
355 286 0.8072298535304928 
355 403 0.3969990455281557 
356 349 0.14374249095295688 
356 315 0.9442765185394155 
357 325 0.8068852484300303 
357 310 0.9155972896917088 
357 372 0.8247446963904314 
357 406 0.3259380927734802 
358 304 0.3722495773311637 
358 415 0.7130716744630462 
359 307 0.27500590845424633 
359 270 0.2406920846333206 
359 264 0.25802676103072775 
360 291 0.5022681525512153 
360 344 0.35132428186311115 
360 430 0.5252847677388212 
360 451 0.02104273231001874 
361 269 0.6126767533806207 
362 315 0.22888657358152142 
362 349 0.008571211865001871 
362 369 0.0523201903163506 
363 306 0.41482090042665265 
364 297 0.6374359314568718 
364 280 0.23304731556642444 
364 271 0.46279976597290406 
364 308 0.8821080718934637 
365 351 0.3208360928363647 
366 335 0.8174648516382436 
366 271 0.7062663165168428 
366 280 0.4436962862437204 
366 347 0.8830637063386503 
367 281 0.12726117827786987 
367 320 0.8585140968533986 
368 308 0.1361838772021149 
368 347 0.5180628272164107 
368 271 0.9687643505298139 
368 309 0.721091927415768 
369 315 0.48659799532975134 
369 349 0.5772147028474651 
369 362 0.036772951166369916 
369 405 0.7242545422232138 
370 327 0.8460145031020556 
370 353 0.8274239693652984 
371 275 0.5845401498244227 
371 316 0.5149714812790656 
371 273 0.7166573638976448 
371 300 0.017625657610407797 
371 387 0.41338420202376036 
372 357 0.7040983067837947 
372 310 0.48074495519924854 
372 397 0.9123714396203022 
372 406 0.8079554077681678 
372 414 0.2477370992024247 
373 267 0.33935662740302885 
373 305 0.7418566702547106 
374 330 0.7208699419688406 
374 298 0.39503453794355925 
374 397 0.909499191700905 
375 269 0.36134343216708054 
376 285 0.9077513272323624 
376 338 0.8777853444706497 
376 291 0.9233078576990819 
376 410 0.5488725507283202 
377 297 0.7025313887683009 
377 276 0.816372762968871 
377 308 0.6765162401335338 
377 271 0.3990830469061143 
378 269 0.7383249802484286 
378 412 0.2017529656722825 
379 323 0.1718864368723424 
379 336 0.40904693133401326 
379 431 0.9106507077596422 
379 435 0.7502824664790168 
380 312 0.28673684735410043 
380 331 0.34346292636943476 
380 400 0.7422445098577407 
381 266 0.8002235609494506 
382 313 0.1542113265875238 
382 426 0.7148660399108597 
383 319 0.23104240193866377 
383 317 0.9424393956956397 
384 287 0.9718973779720663 
385 302 0.197349941827054 
385 281 0.23687896359668847 
385 282 0.5723324510589194 
386 320 0.5083616172168938 
386 295 0.42536975648304476 
386 422 0.37401672354225324 
387 371 0.9594454745792973 
388 303 0.5576465703129393 
389 343 0.5413680388305048 
389 432 0.2942399502049444 
390 330 0.6237743132720251 
391 327 0.9141870454919597 
391 341 0.7794919037670731 
391 376 0.8144788892799453 
391 313 0.9289707866049123 
392 331 0.6954230406611417 
392 312 0.3279366429802427 
392 380 0.8500473421537584 
393 384 0.5144678724717027 
393 287 0.34158823492879853 
393 403 0.9693642076355866 
393 424 0.8572702751610414 
394 318 0.33997506410218037 
394 405 0.3874677171076285 
395 303 0.35135739034418645 
395 457 0.28028569643651613 
396 344 0.5862950851891258 
397 372 0.5046583479987364 
397 298 0.4916155333672816 
397 325 0.7721323460048606 
397 374 0.08234800777872575 
397 419 0.26261606491587763 
398 278 0.29799403863018503 
398 322 0.1126309146622434 
399 271 0.8848380343179844 
399 297 0.7973485685815687 
399 276 0.2292843913100755 
399 308 0.8247203251099686 
400 331 0.2173150760177216 
400 312 0.5187322416509267 
400 380 0.10945274718616416 
401 300 0.27817712947410267 
402 350 0.8734919711852349 
403 287 0.7582911377505159 
403 355 0.8723194262371191 
403 278 0.8107857738892533 
403 393 0.10367679698336218 
404 330 0.49701413999508604 
404 390 0.9724768644727598 
405 266 0.47438210406114323 
405 394 0.9789415832899397 
405 369 0.6860032308934073 
405 446 0.36157300253897395 
405 458 0.7033974718899596 
406 325 0.9848151507826584 
406 357 0.46401226928847317 
406 372 0.34229174487866454 
406 414 0.7715318020778237 
407 264 0.8146726348794604 
407 270 0.7658984487111102 
408 275 0.9914106139964519 
409 273 0.8642531550290656 
410 376 0.0028741692865390522 
410 285 0.3511083859067917 
411 334 0.28929775657651147 
411 409 0.24819524801523452 
411 361 0.9698090944015202 
411 271 0.5971003211509263 
411 326 0.5367758584231237 
412 334 0.46854017354225663 
412 326 0.9488940105510096 
412 378 0.9089629907786498 
413 367 0.2952585788395147 
413 281 0.9920921634283336 
413 453 0.14763632549594763 
414 372 0.15579043927666514 
414 310 0.16095472462968818 
414 406 0.04274092320590839 
415 358 0.33896548346096345 
415 304 0.6308551484441394 
415 455 0.21433694810754667 
416 278 0.32361794442184666 
417 293 0.9811978593131498 
418 300 0.6338493017952543 
418 401 0.3943352353911824 
419 397 0.14359424835363666 
420 301 0.06724836463194106 
420 443 0.0781077938731436 
421 326 0.32788615875058147 
421 334 0.43194810803570804 
422 386 0.29471868744341967 
422 281 0.763701436279912 
422 320 0.4087274424082511 
422 453 0.6347900110456939 
423 309 0.9104941354057525 
423 271 0.9935354916041528 
423 347 0.4337977980850585 
423 308 0.058009031681768186 
424 287 0.04870955544866673 
424 393 0.14564225614771675 
425 282 0.40954410866673674 
426 313 0.49536285453293116 
426 382 0.9847332341436194 
427 317 0.264457313236512 
428 350 0.05242399455607205 
428 293 0.6901107724524994 
428 456 0.9090384488428254 
429 284 0.002425962744884713 
430 360 0.027564192851139424 
430 451 0.12015351416162157 
431 379 0.27864403856882447 
431 435 0.08063615099969657 
432 389 0.9673084925882578 
432 343 0.5413451020647888 
433 294 0.17886652126534142 
434 312 0.8105696367428432 
434 380 0.3118518377505206 
434 400 0.49766208791946775 
434 331 0.777230862967189 
435 379 0.7206636563825685 
435 431 0.7758029262719184 
436 317 0.9356923353038697 
436 383 0.717010144157203 
437 330 0.12290698337613137 
437 301 0.7503722342928417 
437 433 0.5105401899000098 
437 390 0.4619404539196553 
437 439 0.526533164936716 
438 289 0.7543390719927894 
439 437 0.48076121949293804 
440 284 0.43898316171260066 
441 298 0.08694172901033559 
442 315 0.3832347827884255 
442 362 0.16864005925824188 
442 349 0.5426069472032518 
442 449 0.3912030079558786 
443 301 0.3983437955665612 
443 303 0.540882190921469 
443 294 0.3499607375049626 
443 420 0.03204664185886941 
443 274 0.1967552295996754 
444 353 0.7312811729384544 
444 340 0.04944567222849128 
444 327 0.753743736686261 
445 317 0.48644963996147184 
445 436 0.5360676566351371 
446 405 0.4318132206953803 
446 458 0.2846100244610791 
447 339 0.4001794387104607 
447 354 0.8036534321235583 
447 340 0.5051347179467804 
448 271 0.6707034012490177 
448 309 0.2728311605799719 
448 377 0.20350437698628476 
448 347 0.7514505611682757 
449 263 0.2467357334959821 
449 442 0.036737098706529414 
450 287 0.8435535731886067 
450 393 0.8876964256067444 
451 360 0.935764671452637 
451 430 0.9275786558744504 
452 271 0.6945610698882108 
452 297 0.4612659098386763 
452 347 0.8832475918735616 
452 276 0.19604048399654428 
453 295 0.9651787759213951 
453 422 0.9584298645012577 
453 281 0.9333311786901527 
453 413 0.8385626951920118 
454 344 0.7580253083053357 
455 274 0.2968871442313208 
455 415 0.5312435503940539 
456 428 0.5138901835841527 
457 303 0.6426659632828715 
457 395 0.1983994153729789 
458 405 0.6858290297394771 
458 446 0.08120291604499974 
459 354 0.4291188331771215 
459 339 0.7078121279891354 
459 340 0.7761364867418804 
460 301 0.7912052396906971 
460 420 0.5749080306526596 
461 229 0.3889286808829101 
461 441 0.9684896525631569 
461 139 0.16841500794043296 
461 428 0.548006442897393 
461 245 0.5499215556102534 
461 462 0.13504673047466054 
462 461 0.4385675450150782 
462 463 0.048614742780728415 
463 462 0.8977662498657156 
463 461 0.512789797337945 
464 443 0.6357027567778218 
464 141 0.7927494789060299 
464 23 0.22408882029888255 
464 24 0.4044500561855351 
464 104 0.7195529185462987 
464 465 0.9252295132079521 
464 466 0.4720394567784575 
464 467 0.6759330153952801 
465 464 0.2852727429588351 
465 468 0.22016596646401798 
465 470 0.5333629513996733 
465 472 0.1641834571576991 
465 473 0.8120440590884753 
465 474 0.8959694065333251 
466 464 0.7612320794723408 
467 464 0.05987576800490835 
467 470 0.5904522912334369 
467 472 0.36544286435648987 
467 475 0.6250473116591344 
468 465 0.8083773717532494 
468 469 0.1873883035344026 
468 471 0.012292417560149094 
468 478 0.09859757479803666 
469 468 0.7103082445005352 
469 471 0.019203155291033114 
469 478 0.9509403903650349 
470 467 0.12757654006693675 
470 465 0.1572878467023182 
471 469 0.5942536088450642 
471 468 0.07568938125845992 
471 472 0.018938048508532646 
472 471 0.1765341498679609 
472 465 0.35952438001337095 
472 467 0.08019657844294192 
473 465 0.8840432137288575 
473 476 0.4268825621559996 
474 465 0.94635089714285 
475 467 0.8142229292271587 
476 473 0.30176498937279306 
476 477 0.3282571914518184 
477 476 0.8375283956387516 
478 468 0.5327068183874468 
478 469 0.5719332361035672 
479 330 0.20790975287088498 
479 298 0.7511453390439997 
479 350 0.3972331678265212 
479 313 0.5096105878558352 
479 480 0.3628300812640882 
480 479 0.7003380994560771 
481 271 0.2814652256291459 
481 393 0.6451300899197894 
481 196 0.9727730654000575 
481 110 0.5986751318781497 
481 303 0.705750254408898 
481 482 0.7012236677414388 
481 483 0.7411128842540843 
481 485 0.24655387455725897 
481 489 0.23846556108747619 
482 481 0.7189678242235623 
482 488 0.8507840422749221 
483 481 0.6519735962636842 
483 484 0.15658858707141576 
484 483 0.6030899675833689 
485 481 0.5122680248755812 
485 486 0.350953724811942 
485 487 0.05035528087086838 
486 485 0.22215712675523225 
486 490 0.23939879395899 
487 485 0.6448029773247476 
488 482 0.47072135678192295 
489 481 0.5861148967175441 
489 491 0.2807439099415887 
490 486 0.4893394287716255 
491 489 0.8224253994779219 
492 285 0.38536213199691216 
492 264 0.9941598556242309 
492 36 0.21523460522635884 
492 453 0.611057838935129 
492 227 0.23702409798604285 
492 493 0.743365973965652 
492 495 0.902951575346035 
493 492 0.3199680420246853 
493 494 0.6557343270526879 
493 495 0.998952574926433 
493 498 0.2365138452018416 
494 493 0.49005262910262526 
494 497 0.3430917666720018 
495 492 0.5141366209561454 
495 493 0.35001870512272615 
495 496 0.4517146047940752 
495 499 0.37905817205431336 
496 495 0.7179000676264857 
497 494 0.7103716238603105 
498 493 0.11189443222326656 
498 499 0.23314728321193656 
499 498 0.5328582331389429 
499 495 0.3620133332788661 
