500
0 1 0.7839340102010403 
0 3 0.9297267244252079 
0 4 0.4946800689893551 
1 0 0.26345530215332646 
1 2 0.8159503513483759 
1 3 0.7550682201611301 
1 5 0.5631668132437726 
2 1 0.8987904086990228 
2 5 0.44221329774752494 
3 1 0.9949318035948981 
3 0 0.37262669185413866 
4 0 0.35098485185518835 
4 12 0.17000301033174503 
5 1 0.6147754564516283 
5 2 0.6133086158253102 
5 6 0.716354020881124 
5 7 0.5799105347713095 
5 8 0.34433275207931957 
6 5 0.7099812965543301 
6 9 0.15530962725317954 
7 5 0.5726026379203747 
8 5 0.25878972418514723 
8 11 0.7408172912378466 
9 6 0.6463825771823817 
9 10 0.9198584225454256 
9 12 0.4929244761215412 
10 9 0.9106011428932093 
10 11 0.526292324900349 
11 10 0.011007178470017087 
11 8 0.09702721372755874 
12 9 0.8620141417343956 
12 4 0.1542088428686973 
12 1 0.3932243814170663 
12 13 0.08746319248355239 
12 15 0.7331506675001614 
12 19 0.2168891431757083 
12 26 0.6830962736187121 
12 27 0.48511432648125363 
12 53 0.8132015134388783 
12 69 0.7964948990261637 
12 81 0.5212288220689097 
12 114 0.9813035877344605 
12 164 0.9125566622862334 
12 184 0.43511557698495296 
12 223 0.3562212541450579 
13 12 0.40303214103447915 
13 17 0.9112357326614403 
13 21 0.4853827229289709 
13 24 0.7819315322829884 
13 28 0.5160929258061638 
13 37 0.40324032770112894 
13 43 0.861236248592952 
13 59 0.9192287656903259 
13 214 0.441979873126375 
13 464 0.32835616636811094 
14 13 0.7242906746382601 
14 16 0.12150370842995839 
14 20 0.18915565311170113 
14 22 0.7679615286421035 
14 25 0.35282443013677933 
14 29 0.7814459652455934 
14 31 0.867735105319111 
14 36 0.5647122582077896 
14 38 0.5787197984058706 
14 39 0.5487039931380076 
14 49 0.20174108538285918 
14 117 0.8355159921909473 
14 178 0.6483241811403551 
15 12 0.31071098811390874 
16 14 0.446255582976839 
16 18 0.6765029536568057 
16 36 0.9299246240273772 
16 40 0.9817920011259867 
16 54 0.7606543672172709 
16 91 0.07560062422191727 
17 13 0.13694133460720093 
17 22 0.6169471037793751 
17 28 0.23991444812555973 
17 57 0.8936735134439786 
18 16 0.009686979530575734 
19 12 0.24294218288905056 
19 128 0.6013889753598205 
20 14 0.31049914730271433 
20 22 0.04112142711333333 
20 23 0.23048003813924434 
20 44 0.991709610936604 
20 117 0.06487483417428919 
21 13 0.44397924362868646 
21 34 0.031929498474781104 
21 68 0.2586721007250695 
21 95 0.7987824720002212 
21 124 0.918202944291718 
21 190 0.0011406419972810333 
21 205 0.24742138933926128 
22 17 0.119167930515642 
22 20 0.36260668738450785 
22 14 0.9836641096415757 
22 29 0.10592037953989075 
22 38 0.7306328433391341 
22 111 0.454561230935726 
22 127 0.7378286009206645 
22 146 0.6531776220332685 
23 20 0.05917787621145365 
23 48 0.7540354063095125 
23 85 0.8220450464734362 
23 175 0.025323866505291726 
24 21 0.04735670542408599 
24 13 0.9745039286154459 
24 74 0.20942580310591552 
24 84 0.18115673186563708 
24 96 0.6836763470008451 
24 149 0.25445153367381534 
24 153 0.790289309089336 
25 14 0.9889159932802851 
25 31 0.01831125504186426 
25 32 0.05277822435477397 
25 39 0.1965144944976912 
25 178 0.7732320371762021 
26 12 0.6588571728251355 
26 15 0.3086546530239096 
26 86 0.34928923243317234 
26 100 0.44894027400911873 
27 12 0.9109879313201277 
27 101 0.10624663948415847 
27 176 0.2821858415996573 
27 481 0.5090025876236118 
28 13 0.5324104547389367 
28 17 0.0497516737508511 
28 35 0.19340428077879845 
28 58 0.6840379042713872 
28 77 0.717012597763192 
28 78 0.22913065951092126 
28 83 0.10113348286573831 
28 94 0.8556383665182152 
28 187 0.43357996971447554 
28 211 0.5092549917710628 
29 22 0.7185303834623267 
29 14 0.31539353922332813 
29 30 0.760826794599585 
29 38 0.5854424315941876 
29 80 0.7335621637462146 
29 104 0.8420639355126482 
30 29 0.9721147986919266 
30 71 0.22037844387080086 
30 97 0.3141532940519479 
30 139 0.6876637982723169 
31 25 0.03468698995324715 
31 14 0.8101377285993849 
31 178 0.6282237349465816 
32 25 0.7934087100676173 
32 14 0.39069130005595265 
32 31 0.3245119597516941 
32 36 0.20699815831362345 
32 40 0.4911231157773305 
32 49 0.22906648649631212 
32 54 0.9258276457151354 
32 60 0.9270895635155252 
33 28 0.04759325286472327 
33 52 0.37690100204374655 
33 152 0.7518973567451157 
34 21 0.9521474322172573 
34 29 0.21519507799839765 
34 41 0.331745810072562 
34 88 0.2567177859288561 
34 124 0.24905393995382974 
35 28 0.2157321821068171 
35 77 0.1253375555750713 
35 78 0.267306413233963 
35 187 0.15992951297925806 
35 211 0.5632915689923454 
36 16 0.47538968479783683 
36 32 0.422835863911716 
36 18 0.4884127590773828 
36 14 0.10917721913765044 
36 49 0.2607568995354025 
36 76 0.9989160952579403 
36 207 0.4989307882241071 
36 217 0.3718063475750134 
37 13 0.31036171916295086 
37 59 0.4134594633031148 
37 261 0.657586145413402 
38 14 0.30346172578336716 
38 22 0.8151291689052486 
38 29 0.15469049968252535 
38 218 0.7931060987321282 
39 14 0.7306162380774401 
39 25 0.8259496631271278 
39 90 0.7559362303372414 
39 107 0.3710052404128783 
40 16 0.4322994420213486 
40 14 0.7306834868982832 
40 32 0.13597339056591895 
40 64 0.8602192236610838 
40 73 0.24983052959019802 
41 34 0.6289937956284513 
41 42 0.37879940124448697 
41 88 0.22897466203902173 
41 95 0.5621314706373999 
42 41 0.39967768086607214 
42 34 0.04233813248987062 
42 13 0.7395772966780777 
42 46 0.15975791010807516 
42 47 0.927525816467203 
42 56 0.17688694357321044 
42 58 0.33320445631867557 
42 63 0.8434279897346004 
42 66 0.4447706530352492 
42 67 0.5191563064514779 
42 73 0.18203454338755343 
42 106 0.8305803271118051 
42 126 0.5641266809730542 
42 144 0.2824866085318679 
42 148 0.8306743328298433 
42 213 0.7596083347713504 
43 13 0.08700312164610857 
43 51 0.7944493389597648 
43 55 0.8448319029359421 
43 62 0.4250714372538127 
43 70 0.7969497101269924 
43 92 0.7724130310662365 
43 103 0.5053854461448357 
43 125 0.6725537087170955 
43 130 0.6942563678629737 
43 166 0.03870021673036306 
44 20 0.0104415770785109 
45 42 0.8283012211843542 
45 57 0.2775047703758782 
45 106 0.19111115349855856 
45 144 0.9420438927725145 
45 148 0.5103436413206847 
45 163 0.7139171539243322 
45 213 0.1983261790984283 
45 221 0.8951377622614446 
45 479 0.6836658003645066 
46 42 0.03603435592893911 
46 106 0.21036251715274434 
47 42 0.2979020843399892 
47 46 0.2674290476481822 
47 63 0.16216152390766958 
48 23 0.27410967340717374 
48 85 0.864962138561366 
48 136 0.660954983414061 
48 175 0.8447556732906637 
49 32 0.33046573455431427 
49 36 0.13735412492797272 
49 39 0.10816442666762871 
49 14 0.6381824601198267 
49 50 0.4321467754028965 
49 98 0.3995029814724881 
49 131 0.7871900337733153 
49 182 0.3297272781503281 
50 38 0.038205545404035535 
50 49 0.5264627838293072 
50 22 0.5149531631025674 
50 146 0.9440794523030414 
50 182 0.9716110436432089 
50 218 0.8774328873812329 
51 43 0.41080194903169887 
51 108 0.354413374131193 
51 130 0.9936984445997393 
51 156 0.9847226249128258 
52 33 0.9860778179801216 
52 29 0.7905414265303923 
52 30 0.42361219912640824 
53 12 0.6249446217207009 
53 69 0.9121984840230448 
54 16 0.5024117002728355 
54 32 0.34786082986823297 
54 39 0.867623552267856 
54 61 0.9731578232631762 
54 109 0.5357090604177158 
55 43 0.0019897362517362627 
55 16 0.04275264807080703 
55 110 0.46964161699323603 
55 133 0.1400075882650803 
55 161 0.37584761682695556 
55 162 0.043596613802455164 
56 14 0.6673263667028394 
56 40 0.8876038836859849 
56 42 0.8556044769097529 
56 63 0.43324699713292314 
56 118 0.2942575829162908 
56 159 0.43530876834706 
56 171 0.6085287046745832 
57 17 0.7580942975889605 
57 45 0.5682488096024702 
57 65 0.5950141481797802 
57 79 0.01936046621162435 
58 28 0.5270664212093492 
58 45 0.12657909964067504 
58 36 0.722871656020823 
58 42 0.036113477805089333 
58 93 0.04489737168054919 
58 94 0.8887017157509217 
58 99 0.7671840122297403 
58 123 0.8465723580309653 
58 151 0.6983413399233082 
58 173 0.5751456803871071 
59 13 0.3791534171599832 
59 37 0.7994684790907262 
59 66 0.06317160143050526 
59 94 0.7461472186073161 
59 214 0.8612174338574609 
60 49 0.37543324710142023 
60 32 0.043406015969759015 
60 145 0.038725010550275885 
61 54 0.7014950482056578 
61 131 0.5252408797764418 
61 143 0.37329377623022364 
62 43 0.5822679925647454 
62 92 0.3372975299931503 
62 103 0.3534251855872246 
62 122 0.3642471042999974 
62 130 0.7885431082965219 
63 56 0.010858353108005314 
63 42 0.7977530170616354 
63 46 0.17674834859945487 
63 47 0.9266251068678169 
63 80 0.05976953756897274 
64 40 0.029243596630315727 
65 57 0.2242425554655102 
66 59 0.806297663433112 
66 47 0.6296059899680276 
66 42 0.30059527475642134 
66 119 0.06033901866460101 
66 134 0.9319840758620441 
66 210 0.8360329111400606 
66 215 0.18796700921416798 
67 42 0.0066637362270840494 
67 45 0.07810973882700212 
67 47 0.0750709816660079 
68 21 0.44645234865049677 
69 12 0.5652835740326551 
69 53 0.04766282059540594 
70 43 0.8746132150922215 
70 66 0.9393486285944664 
70 62 0.27220572809996424 
70 72 0.29398268474825784 
70 73 0.8333404981867327 
70 120 0.33771500865946047 
70 170 0.44900646185930104 
70 177 0.9866877647303344 
71 30 0.9532034615811145 
71 75 0.8075666354130722 
71 121 0.15582306420515002 
72 70 0.013024461599549397 
72 170 0.5998521611304809 
73 40 0.5676241079354231 
73 47 0.7318698536294718 
73 70 0.5339302056598589 
73 42 0.5127139296918527 
73 165 0.07960570522464094 
73 193 0.5051818689731046 
73 203 0.4923427457591406 
74 24 0.011046255112796 
74 43 0.6619193524242789 
74 84 0.5809152326590792 
74 116 0.8709265897873794 
75 71 0.13767025397487842 
75 82 0.4664637261361698 
76 36 0.501233218233533 
76 181 0.03669337919881299 
77 28 0.7431999637018392 
77 35 0.7226163701531044 
77 83 0.8038701339615666 
77 123 0.37593354243408617 
78 35 0.9837857292357249 
78 28 0.2607317523731283 
78 52 0.28815341798004823 
78 89 0.9646986455653127 
78 93 0.9519934466223293 
78 104 0.5406596464060802 
78 138 0.6147775267290795 
78 140 0.28780102492910176 
78 461 0.48414655323357925 
79 57 0.816320792208925 
80 29 0.13302269595421645 
80 63 0.8947771812097679 
81 12 0.7563426246330379 
81 53 0.22115452504834143 
81 167 0.8128998832042491 
81 184 0.5912562271730994 
81 263 0.5987923482723227 
82 75 0.33446812840902385 
82 71 0.5277790025729269 
82 152 0.3521215026127805 
82 158 0.5550536045392611 
82 202 0.9413464613682917 
83 35 0.7964592246134173 
83 28 0.24500297653960246 
83 77 0.24281898077908903 
83 123 0.7480984197764763 
83 187 0.7123926197136337 
83 211 0.10754828970689523 
84 24 0.2082815869248843 
84 74 0.6493335704708788 
84 168 0.6144602424408635 
84 209 0.7776074084686062 
85 23 0.6461814535042357 
85 48 0.40525384512870344 
86 26 0.5051038587899586 
86 12 0.19670734626675446 
86 119 0.3284090853656475 
86 128 0.7092976597897993 
87 69 0.10457466373846569 
87 81 0.9246070525402751 
87 12 0.5797537432871889 
88 41 0.9838959834425134 
88 34 0.03202237441060074 
89 78 0.27076096878014666 
89 140 0.2386708212190196 
89 256 0.979914757731658 
90 39 0.9657682880539292 
90 107 0.11480687542148493 
91 16 0.02379374306445825 
92 62 0.09485234441103496 
92 43 0.48715984820677993 
92 51 0.05967565138672304 
92 108 0.745569933124827 
93 78 0.47889407236795845 
93 30 0.08963883425233632 
93 58 0.595339510000647 
93 189 0.17876032158316935 
93 212 0.39827195506405944 
94 43 0.6089618234768548 
94 28 0.3273550720866111 
94 93 0.8412692101732795 
94 59 0.4774727134849617 
94 58 0.9397938660845631 
94 121 0.8782522306603767 
94 132 0.6186885968883828 
94 198 0.7576705973785496 
95 21 0.5660517175853998 
95 41 0.6894556406190214 
95 42 0.30434200821959345 
95 102 0.7235929310788519 
95 105 0.5657165541344983 
95 106 0.12767672200754188 
95 174 0.2274469517802452 
96 24 0.032307758677384335 
96 111 0.583324183763608 
96 155 0.38542157605895444 
97 30 0.16208368089397107 
98 49 0.0028471841400394826 
99 58 0.5291401817917729 
100 26 0.75983327325566 
101 27 0.3244421733537579 
101 164 0.6464531976895986 
101 176 0.41536680519888125 
101 185 0.5411395542773781 
101 204 0.6043775177540751 
102 95 0.8236572396209054 
102 195 0.5904319054492538 
102 206 0.47150145982120484 
103 43 0.7892548490552721 
103 62 0.18061559899883706 
103 125 0.7008524746948859 
104 29 0.09758756942970948 
104 78 0.47141481563981336 
104 180 0.6460603910366988 
104 183 0.006928890023010004 
104 188 0.8347658884306033 
105 95 0.24089748088618157 
106 95 0.5038438205560207 
106 45 0.23588156990714226 
106 42 0.7678436603977381 
106 46 0.6767345934860267 
106 112 0.6360482893909334 
106 135 0.9528110193835471 
106 172 0.4855494088556134 
106 179 0.37554815601685887 
107 90 0.6698603217803298 
107 39 0.11071610929775932 
108 43 0.4170085570657007 
108 92 0.9862595943858484 
108 103 0.27797330283677923 
108 51 0.009501144276941043 
108 166 0.9666301475372243 
109 90 0.8984447257492053 
109 54 0.618273852073487 
109 39 0.02009318452742148 
110 55 0.6531495239848341 
110 141 0.6623975888998552 
111 96 0.7179920219962034 
111 22 0.7932693011991485 
112 106 0.03536856941827593 
112 172 0.6066697259294628 
112 179 0.6378036539277813 
113 24 0.2277871397131913 
113 137 0.21053841109162097 
113 192 0.13558030148455535 
114 12 0.889832340776859 
114 101 0.2624745622689768 
114 27 0.4226261517331006 
115 78 0.44300631500303944 
116 74 0.7216500499753488 
117 14 0.18297209667337155 
117 20 0.5561048651783715 
117 142 0.8346833777902053 
118 56 0.6772135547025512 
118 171 0.38180381158000065 
119 66 0.4072414332834021 
119 86 0.11722967015079955 
119 157 0.9616623327092663 
120 70 0.4396637177941777 
121 83 0.6993078090044204 
121 71 0.9521716011034318 
121 28 0.016983920080571258 
121 94 0.553711102849146 
121 147 0.8056564553027487 
121 154 0.6170477844303098 
122 62 0.006779090267650445 
122 43 0.25551705330345476 
122 92 0.7321823179234876 
122 51 0.15069908978818825 
123 83 0.03792832236185406 
123 58 0.35327799924677017 
123 94 0.7596904314960845 
123 77 0.9253151945474027 
123 170 0.8268200718384676 
124 21 0.7388318243601847 
124 34 0.6073390357102628 
124 114 0.5189656228928763 
124 150 0.23503065620428087 
124 160 0.24106356874824286 
124 196 0.8599552106774188 
125 43 0.35812429338662444 
125 103 0.4274968300548282 
126 42 0.09367290256076632 
126 148 0.3909431787404939 
127 22 0.04608733267332277 
127 38 0.330212593679587 
127 50 0.034130759347748674 
127 129 0.27847817549233056 
127 136 0.1920466614972831 
128 19 0.09859216582425856 
128 86 0.9975687660232093 
129 127 0.2428138689488636 
130 43 0.13878313289812738 
130 51 0.7865521034639141 
130 62 0.5536528971519904 
130 200 0.12995415073984506 
131 49 0.037307447970683194 
131 61 0.09513864455104104 
132 94 0.1081835401220923 
133 110 0.29359677893935765 
133 55 0.9318501869551131 
133 161 0.2762781532355907 
134 66 0.13764162371568978 
135 106 0.582522699236236 
136 48 0.03981178371142802 
136 127 0.4322930780667116 
137 113 0.9771604471588374 
137 192 0.9908110987396108 
138 78 0.851335293344093 
139 30 0.7595376042755553 
140 78 0.8556643120566146 
140 89 0.7977309369222918 
141 110 0.8294234334629321 
141 133 0.1173461010282254 
141 55 0.8012368787522101 
141 162 0.6884594649839242 
142 117 0.44243375346242153 
143 61 0.21028290039483666 
144 45 0.10731556280119559 
144 42 0.9049749264315606 
144 163 0.43530261339976717 
145 60 0.765244066993249 
146 22 0.2062396902224063 
146 50 0.08360174800398168 
147 121 0.4880322544887453 
147 158 0.19141245619865843 
148 45 0.6797758288235282 
148 42 0.7898486685707737 
148 144 0.8423197685743873 
148 126 0.8279032289802803 
148 163 0.4894029479863151 
149 24 0.6187226009664037 
150 124 0.2758225467944294 
150 160 0.1448796729983045 
150 196 0.8705761420995667 
151 58 0.41557338776457786 
151 94 0.6525502270843505 
151 132 0.7670712675710547 
152 82 0.4120737587324106 
152 33 0.09090483047652897 
152 197 0.10091921284994643 
153 24 0.12310982186810537 
154 121 0.8091881486530558 
154 256 0.30063955574717494 
155 96 0.8277244050159288 
155 153 0.690845436650138 
155 167 0.6925090443630156 
155 169 0.48086858266968235 
156 62 0.9476755082422178 
156 51 0.43980992353437953 
156 92 0.33215767980783506 
157 119 0.9746068039214808 
158 154 0.7524665315557036 
158 147 0.37316468896410493 
158 82 0.791232089456495 
158 121 0.7046715512477968 
158 194 0.24577431397960647 
158 201 0.47779396983304734 
159 56 0.6319211326740797 
159 118 0.7162218230712707 
159 171 0.5871981921769803 
160 124 0.035418562985286006 
160 150 0.5370583477121008 
160 196 0.6647042314846944 
161 55 0.26017535621761123 
161 133 0.11195548757310825 
161 110 0.025754184396746482 
161 141 0.5821627890182021 
161 186 0.7768171677359846 
162 141 0.567097600239015 
162 55 0.10726308123618633 
163 144 0.09824553909880784 
163 45 0.42201368592782573 
163 47 0.311358799014682 
163 148 0.45723017910721586 
164 101 0.0024171007456024185 
164 12 0.7042407732621211 
164 27 0.8072509186497158 
164 222 0.8130670661905093 
165 73 0.5883021604001104 
165 193 0.6618334453884466 
165 203 0.759955518705084 
166 43 0.36547664735031005 
166 62 0.9404226579494409 
166 108 0.1299246015586134 
167 81 0.4590645008357662 
167 155 0.9427172569854878 
168 84 0.6614188947318708 
169 155 0.11791923160110762 
170 70 0.3154117511771437 
170 72 0.27661731499257614 
170 123 0.2961995439222751 
171 56 0.9670848798781276 
171 118 0.8260154762888752 
171 159 0.27777847608950956 
172 106 0.7478400034347988 
172 112 0.48371115345028315 
173 58 0.9763929080865359 
174 95 0.30865725065038696 
175 48 0.07661880436249513 
175 23 0.21524930782040197 
175 208 0.06694787082652487 
176 101 0.013707039550331368 
176 27 0.8145807106299597 
176 216 0.2907482898667655 
177 70 0.4564592545607783 
178 25 0.20274180093868144 
178 31 0.8974278205112021 
178 14 0.5568824294221256 
179 135 0.20073271418571847 
179 112 0.21483839745335898 
179 106 0.5478367239662109 
180 104 0.6271469347099399 
180 183 0.231448597823524 
181 76 0.5048278406035088 
182 49 0.6396336080723406 
182 50 0.535448745492903 
183 104 0.6306800902221172 
183 180 0.14437924525979973 
183 188 0.5503552523402484 
184 12 0.5776599047316643 
184 81 0.9962957083776248 
185 101 0.9652915853735856 
185 176 0.11049574943246221 
186 110 0.08456959757537563 
186 133 0.747578109620486 
186 161 0.5030331193467876 
187 28 0.9801853121993495 
187 83 0.4441748620003779 
187 35 0.9816235519048253 
188 104 0.4948821722868738 
188 183 0.5059163405324825 
188 180 0.7299414751804482 
189 93 0.22449123142982808 
190 21 0.3635173421602027 
190 219 0.9878398126369862 
190 481 0.9125726364860436 
191 47 0.9648769689977659 
191 45 0.28249411985367934 
191 42 0.2649730912264374 
192 113 0.808499258630655 
192 137 0.5249269188863478 
193 73 0.36162606623006344 
193 165 0.26944721970631 
193 203 0.64270024485634 
194 158 0.13620455033363044 
195 102 0.7808772131585008 
195 206 0.20288127698122782 
196 124 0.334541727826575 
196 160 0.9776432727466621 
196 150 0.8516887232374013 
197 152 0.07390719978819471 
198 94 0.02340596977904752 
199 159 0.009875454755329027 
199 171 0.06453417390510274 
199 56 0.7698694185270377 
200 130 0.5289774789048863 
200 153 0.7806933777186884 
200 43 0.19669342903399734 
201 158 0.7746163108491186 
201 94 0.6046695695382202 
202 82 0.9737447027204046 
203 73 0.8975162944370826 
203 165 0.5230191887930741 
203 193 0.5706668845070125 
204 27 0.7785000551146423 
204 101 0.3348269531395873 
204 176 0.4632264972748532 
204 216 0.37082204814968134 
204 223 0.05755089884894804 
205 21 0.7180283767247116 
205 219 0.9912701666468361 
206 102 0.13824517164136418 
206 195 0.37553190329276165 
207 36 0.3714046234537701 
207 146 0.3372219538770793 
208 175 0.6399470205917225 
209 84 0.9451662979137542 
210 66 0.0721121336984123 
210 134 0.4328757767171867 
210 464 0.18631193935031054 
211 35 0.8373487583107868 
211 28 0.42455348903762247 
211 83 0.6492240380738933 
212 93 0.3077376816565067 
213 42 0.5333025867194077 
213 45 0.20686714238873372 
213 47 0.27467280611281464 
213 46 0.125735091636187 
214 13 0.722791361395102 
214 59 0.9785568561391303 
214 37 0.7356610565183686 
215 134 0.04609978073812471 
215 66 0.5136151079434403 
216 176 0.014804965201695386 
216 101 0.8858060622534715 
216 204 0.9424472088276817 
217 36 0.46685730006580617 
217 146 0.6392017106421397 
217 218 0.6712549661552347 
217 220 0.8897143059843075 
218 50 0.018500339264931998 
218 38 0.6799533302637637 
218 217 0.2689833713271166 
219 21 0.7447842802356349 
219 205 0.36786122801943666 
219 190 0.1868841030576588 
220 217 0.06948560274299487 
221 213 0.531754106061898 
221 148 0.5262485542242952 
221 47 0.4016351944298807 
221 45 0.5219739079986542 
222 164 0.9348501523255612 
222 223 0.02780893850196764 
223 9 0.8228154169799783 
223 204 0.9375136993324524 
223 12 0.9902273578576787 
223 53 0.22586430062962348 
223 222 0.09428326131924392 
223 224 0.6937497271278307 
223 226 0.6564841964143318 
224 223 0.7977816911401113 
224 225 0.14984317699793226 
224 229 0.8837059549065583 
225 224 0.6534873007368225 
225 223 0.7222940246062116 
226 223 0.07397633078478938 
226 225 0.01223098888737062 
226 227 0.8251391466946054 
226 235 0.3892757718152903 
227 226 0.7451779288757363 
227 235 0.8517136422592194 
228 224 0.7327379446245744 
228 229 0.16298616678884847 
229 224 0.18474399298661237 
229 228 0.652122216759555 
229 232 0.26020007218631436 
229 234 0.6529950168886802 
230 224 0.5229304553662121 
230 231 0.5311369822984993 
230 236 0.2702787961248537 
231 230 0.6908175466432885 
231 233 0.03316243945262587 
231 237 0.7944716154687899 
232 229 0.6719011641021037 
233 231 0.7846980304113814 
234 229 0.5608911876287656 
235 226 0.17968265353269197 
235 223 0.9456479943543045 
235 227 0.3349144169950089 
236 230 0.3495505180154903 
237 231 0.3697902658573501 
238 20 0.5022878360449279 
238 231 0.8030086681066088 
238 31 0.7288627065778295 
238 54 0.6285499616035675 
238 237 0.14760248284254252 
238 239 0.6275649113017502 
238 240 0.9338148124086851 
238 248 0.5962974474702116 
239 238 0.2923735955927417 
239 242 0.14656802992889884 
240 238 0.09999821241756746 
240 241 0.5878985481596966 
240 243 0.1675973433645137 
240 246 0.052169401067945764 
241 240 0.41658917313306687 
241 244 0.7020098040760552 
241 251 0.9406017711804042 
242 239 0.550334047143958 
242 245 0.6336690141644795 
242 252 0.1138518498506097 
243 240 0.05465544137491962 
243 244 0.06719898664779744 
243 255 0.7745619130684999 
244 243 0.9382257501268976 
244 241 0.7162351603307477 
244 247 0.9432386120314384 
244 249 0.5490529960502719 
244 251 0.5386193886095281 
244 255 0.80119476666308 
245 242 0.22520656905923164 
245 246 0.9285794118317428 
245 253 0.1964306251850737 
246 240 0.34552196977460004 
246 245 0.9688441754882261 
246 249 0.2935425092004562 
246 253 0.6279092899646422 
247 244 0.5245072037706741 
248 238 0.6655151084170752 
249 244 0.26512312695333473 
249 247 0.6124085222102024 
249 246 0.04397702838587436 
249 250 0.6337182242246892 
249 251 0.5629696672804981 
250 249 0.6473470898174531 
251 244 0.797782337265134 
251 249 0.81747226966386 
251 241 0.6834449656078302 
251 481 0.44595252564193333 
252 242 0.9291851805718816 
253 246 0.49305437609838443 
253 245 0.21942249703218253 
254 249 0.23530580892460862 
255 244 0.3965217562150839 
255 243 0.7518511124532777 
256 89 0.025649365751088782 
256 83 0.9827682080482083 
256 154 0.6075342972504754 
256 63 0.24103326784644485 
256 193 0.7289924217913484 
256 257 0.7066112041432736 
256 258 0.5145097245031102 
256 259 0.50815541003649 
257 256 0.8110231181531662 
257 259 0.28554358611484953 
257 260 0.78516647515084 
258 256 0.3754454118662639 
259 257 0.5668185235603989 
259 256 0.5151019643345999 
260 257 0.5632789299960752 
261 37 0.6869419608361448 
261 73 0.9605271981328785 
261 125 0.08820882040757627 
261 51 0.677825281417736 
261 262 0.18287053503397444 
262 261 0.3696795565091965 
263 108 0.6498172596902252 
263 156 0.19638209149325514 
263 81 0.6447441221062277 
263 94 0.08696527501431206 
263 128 0.7923851638975311 
263 264 0.33706961800085156 
263 267 0.28126796513519103 
263 273 0.9414953585182129 
263 287 0.18080140127088384 
263 330 0.40642746114946804 
263 332 0.42118148428438085 
263 375 0.2112748470700312 
264 263 0.02513816735138996 
264 265 0.7279738271532044 
264 274 0.7872153591994411 
264 278 0.4223411499395664 
264 295 0.46904815325644567 
264 302 0.6753703522994606 
264 304 0.8588987810622304 
264 314 0.7135694015058622 
264 324 0.6392418496042422 
264 326 0.3151985042462171 
264 334 0.21807649309886645 
264 341 0.1736065597630998 
264 366 0.029131377665127856 
264 368 0.2739269546604972 
264 433 0.9124910587194203 
265 264 0.39712805902634785 
265 266 0.4730558734306535 
265 268 0.892967619797828 
265 313 0.6291805333850327 
265 358 0.24405451952374047 
266 265 0.8624439605387095 
266 270 0.22146583124253083 
266 285 0.10796311670323533 
266 306 0.2014633010066711 
266 321 0.09959073397859752 
266 322 0.24592783551886788 
266 459 0.053592488381200676 
267 263 0.3099517830780727 
267 269 0.46977513204621335 
267 272 0.43001986669514325 
267 288 0.42167832746200395 
267 351 0.27346039795466537 
267 367 0.1658541834057815 
268 265 0.47169111648105866 
268 271 0.012488629159618014 
268 277 0.6492430597201492 
268 289 0.4864126239436769 
268 303 0.09119095219761564 
268 328 0.014529293201738014 
268 331 0.8530656714285825 
268 361 0.2040611456524385 
268 399 0.3077875838802516 
268 424 0.6591579705858691 
269 267 0.8013920310523013 
269 283 0.5479364930378045 
269 288 0.9128126946151007 
269 309 0.3181892673585147 
269 373 0.229356083596149 
269 388 0.6045282060249701 
270 266 0.605217187969365 
270 284 0.7690949336388466 
270 310 0.6377354792783985 
271 268 0.7325300538569082 
271 264 0.6257170282837485 
271 275 0.8494889344295136 
271 290 0.4852339900848093 
271 307 0.7141574810637307 
271 318 0.30160987386789984 
271 344 0.6008606233877387 
271 387 0.6901981291947628 
272 267 0.726257690392929 
272 276 0.5551047827563601 
272 279 0.09643952979994463 
272 377 0.7851397859437358 
272 430 0.7383196364870003 
272 439 0.23436198833848698 
273 263 0.14874673539200012 
273 280 0.459649130155115 
274 264 0.8085004551595478 
274 357 0.8349890875640706 
274 369 0.5754723142600445 
275 271 0.826132294456483 
275 307 0.7563421264823178 
275 318 0.9125226695927486 
275 350 0.23207306972683217 
275 353 0.8752726230914027 
275 384 0.7344114511001651 
275 387 0.7194411808479335 
276 272 0.6814222488611603 
276 279 0.5373525417683002 
276 281 0.5960888326725009 
276 294 0.8042753107317955 
276 316 0.38077258630664357 
276 365 0.8189394960909436 
276 374 0.8513691958001781 
276 378 0.5694044197784074 
277 268 0.8412415429433396 
277 293 0.036519358996389806 
277 296 0.11404400386596525 
278 264 0.21878278344835755 
278 298 0.5182471168666912 
278 343 0.9182228444425999 
278 356 0.15841969311074666 
279 276 0.9502029198469422 
279 272 0.49061644730792076 
279 263 0.9749522792540226 
279 450 0.6614038127587976 
280 273 0.50843326436305 
280 263 0.0027688459610044625 
280 291 0.7855094217567101 
280 315 0.9603018127404148 
280 330 0.35724838151994387 
280 352 0.8554614119951066 
280 376 0.664672783499024 
280 441 0.032430879058049755 
281 276 0.3685182195149064 
281 272 0.5332582157831218 
281 301 0.4658269468225884 
281 317 0.2405858778965938 
281 351 0.638859772964562 
281 449 0.5328963456886797 
282 263 0.01405255649921422 
282 274 0.6035444381805809 
282 333 0.08969331618880383 
282 347 0.29371088461835015 
282 412 0.4677207225953919 
282 420 0.8593896984277515 
283 269 0.6076590577235005 
283 309 0.4975894623985224 
284 270 0.178756204084202 
284 327 0.007898053705570285 
284 372 0.056893808522407996 
285 266 0.1298070380915286 
285 270 0.7311749130157453 
285 348 0.07905325899575588 
286 275 0.8249848480478983 
286 278 0.6729429036144022 
286 271 0.8124234689865919 
286 312 0.09146793872454573 
286 381 0.5200940328627716 
286 393 0.007669396871733736 
287 263 0.3469205320614497 
287 299 0.3759835606026404 
287 392 0.2864867260639202 
287 436 0.18545811363927234 
288 269 0.45276251373477483 
288 267 0.49693710659051815 
288 377 0.8863170835604725 
288 407 0.7240725939260371 
288 431 0.9528764663559763 
289 268 0.42745800676439105 
289 297 0.9102143626724052 
289 308 0.06261563691684491 
289 358 0.5963820501867522 
289 404 0.8356670977244579 
290 263 0.692821180009613 
290 278 0.8821724079404748 
290 271 0.9667287045032867 
290 276 0.3802925730656771 
290 325 0.9801821806895732 
290 370 0.24675770202253378 
291 280 0.12431455945770853 
291 315 0.34573703655515853 
291 330 0.0947226022626868 
291 352 0.14557979117969577 
291 441 0.24524288632625502 
292 264 0.9307703867130164 
292 286 0.4065612007475724 
292 337 0.31216688187647046 
292 338 0.19418155452839903 
292 416 0.48501939533946026 
293 277 0.4340382643442632 
293 318 0.4808714259725765 
293 335 0.8046223504369263 
293 353 0.873225080997895 
294 276 0.6354580345209384 
295 264 0.7937920352017983 
295 300 0.2666182004335558 
295 305 0.982717407234377 
295 413 0.2837530213278995 
296 277 0.7593996570768231 
296 293 0.8342353054976025 
296 335 0.997341317623719 
297 289 0.6548995690647742 
297 342 0.03813467526255898 
297 391 0.2501340020702266 
298 278 0.8525416463068464 
298 312 0.7484615686915234 
298 371 0.3284983945045803 
298 444 0.09759226623721573 
299 263 0.9724951381552577 
299 287 0.4698153152554604 
299 403 0.7383980114002023 
300 295 0.8720829871027698 
300 305 0.3750863823531957 
300 362 0.6281835264780913 
300 394 0.22764985334101517 
300 413 0.7590273754873315 
300 422 0.9155090275474373 
301 281 0.3414885361921136 
301 317 0.661699077264395 
301 396 0.9486720966238901 
302 264 0.6324995223799285 
302 278 0.44848036926566004 
302 339 0.8700002102703859 
302 425 0.1034598200580481 
303 268 0.6251242537974017 
303 331 0.7705035235250496 
304 264 0.047780728025309416 
304 314 0.9988123498371575 
304 341 0.6015579072866457 
304 451 0.895279469152724 
305 300 0.031923892416674704 
305 295 0.4232971342242351 
305 413 0.18767311196800351 
306 266 0.3509884489787679 
306 459 0.03094058231361374 
307 271 0.5195350856305686 
307 275 0.20726168871959894 
307 350 0.6346551399186826 
307 353 0.14860706597209938 
307 384 0.5423380221395704 
308 289 0.1484554881553477 
308 402 0.8626655000694259 
308 420 0.389040875781517 
308 460 0.10337870083785594 
309 269 0.6098850835248237 
309 283 0.8302940865628846 
309 311 0.7056814192032909 
309 363 0.3768358491982762 
310 270 0.9175865843784249 
311 309 0.5433701673483107 
312 298 0.030839862660204553 
312 270 0.6537642369654961 
312 286 0.43795485709009163 
312 381 0.38215011727903503 
313 265 0.7661853247831185 
314 264 0.9471230414677422 
314 304 0.7989345034853476 
314 324 0.2937251497453154 
314 326 0.4714658231116474 
314 334 0.9356414562503047 
314 341 0.4965300631910553 
314 433 0.9571931750208316 
315 280 0.11931232994408913 
315 278 0.8253010122888569 
315 291 0.2663747015736313 
315 324 0.5316979688476233 
315 356 0.34529621806209876 
316 276 0.9309646823023143 
316 294 0.010898354406113309 
317 301 0.9440984854124711 
317 281 0.5779597443440109 
317 351 0.05186915306648554 
317 386 0.8098785896102915 
317 396 0.035339726339420396 
317 449 0.764757212957607 
318 293 0.38216221981052534 
318 271 0.490109063534952 
318 295 0.4068860529340371 
318 275 0.7837115482456416 
318 319 0.4698351301684779 
318 320 0.45160542979601526 
318 323 0.5655281516269335 
319 318 0.5807265327115672 
319 320 0.8101849947377744 
319 323 0.17057989928909434 
319 337 0.930147930373579 
319 434 0.837759320125004 
320 318 0.12281465683233994 
320 319 0.721343274900054 
320 286 0.9463559212952574 
320 340 0.20284847116374405 
320 348 0.23101550449033537 
320 409 0.19412638303846996 
320 421 0.20482904251673495 
321 306 0.24626226338723411 
321 266 0.08062264633519345 
321 438 0.7833453790702994 
322 266 0.7987895467589656 
322 285 0.6523013685281729 
322 321 0.7523886134896052 
322 362 0.1853918732111658 
323 318 0.061623393325411335 
323 286 0.6769268541011139 
323 319 0.14566728070592827 
323 447 0.9024443229347585 
324 304 0.6855031037431412 
324 264 0.9029225942234249 
324 314 0.9848514495544708 
324 315 0.9462975620455979 
324 329 0.9257405269051238 
324 332 0.9054504136667199 
324 346 0.3737777444538659 
324 454 0.5352564807162508 
325 290 0.6150131365423561 
326 264 0.9866720195802428 
326 314 0.1118800338911945 
326 433 0.3125251504635844 
327 320 0.647893393185508 
327 284 0.3609790182667595 
327 336 0.8090386109060284 
327 397 0.5341313904130761 
328 268 0.8328011214281066 
329 324 0.676034128290907 
329 443 0.45563943204644164 
330 263 0.2539769043474094 
330 291 0.10862077128632053 
330 280 0.39048309316013574 
330 349 0.2929258659535151 
330 428 0.2099104224834436 
331 268 0.7544611537002823 
331 281 0.4772938194429892 
331 303 0.19344405612498106 
331 408 0.3800024218415865 
331 446 0.27211067007698997 
331 455 0.6660112516628216 
332 324 0.48623701619970716 
332 263 0.9900866947720178 
333 282 0.4110463220158205 
334 264 0.5853306065326305 
334 314 0.6619132179893635 
334 341 0.396992176443423 
334 366 0.5017450593152052 
335 293 0.5387475966403125 
335 296 0.5713530439972997 
336 289 0.026744620493339588 
336 327 0.5912626275576269 
336 265 0.8867296640693773 
337 305 0.45076954758147003 
337 318 0.4637364955991944 
337 319 0.5989382200758195 
337 292 0.9880232569739827 
337 342 0.436948748858787 
337 381 0.8911980861526438 
338 292 0.817262434181113 
338 325 0.8418050161429502 
338 264 0.3347709332569009 
338 418 0.4964835378312181 
339 302 0.8482414605598274 
339 425 0.037052384922027226 
340 320 0.7760748451322969 
340 348 0.14136614392436764 
340 409 0.7236061695798235 
340 421 0.526094247651887 
341 304 0.6877867044591843 
341 264 0.07960602711830145 
341 334 0.9535564628674169 
341 314 0.41707948898754377 
341 385 0.014320434856607167 
341 433 0.040861806924229915 
342 297 0.8083063979358426 
342 264 0.7754217692545382 
342 337 0.8464926899668007 
342 360 0.5813483370504868 
342 404 0.7177030776861852 
342 410 0.03671444267890023 
343 278 0.24418695235473142 
344 271 0.9350559073083833 
344 275 0.3431020674044347 
344 345 0.7763362381647617 
345 344 0.845273236111882 
346 324 0.08093774339701387 
346 454 0.8706502416326748 
347 282 0.34810163402774286 
347 406 0.660436699546642 
347 412 0.23694382459951768 
348 340 0.6267318004500543 
348 270 0.4963841890136844 
348 320 0.9678545270179397 
348 285 0.006666910200121556 
348 383 0.185021603623035 
348 432 0.14279385313825554 
349 272 0.5035217784086239 
349 273 0.5239115613811447 
349 330 0.08664937776131365 
349 269 0.2790475026137801 
350 271 0.3021857297474507 
350 307 0.2155685598623004 
350 275 0.42189452806187955 
351 267 0.05606406327239832 
351 281 0.6555811640721754 
351 317 0.5198800589262066 
351 427 0.23637567475169252 
352 280 0.38077853119961547 
352 291 0.46754652975823985 
352 376 0.37254700670373164 
352 411 0.26547889595814733 
353 271 0.9843516662995294 
353 307 0.3059385180119235 
353 293 0.4056460869527355 
353 275 0.7758669230925259 
353 382 0.7558415213798451 
353 401 0.9397718800789046 
354 264 0.06109396029608394 
354 341 0.7776235730750973 
354 314 0.6817300215145747 
354 304 0.41524033408145544 
354 385 0.33563117980666246 
355 276 0.36724475509208065 
355 379 0.576966908038767 
355 400 0.08563078248609712 
355 435 0.08269372475399206 
356 343 0.8486352335405384 
356 315 0.5077758290211126 
356 278 0.8676303955245264 
356 379 0.4053065254615905 
356 390 0.014941002422052763 
356 452 0.420010981632045 
357 274 0.4898438926330969 
357 330 0.42622398555952656 
357 392 0.18011672920086697 
357 458 0.879782922097643 
358 282 0.7771443786685529 
358 265 0.08887363145169269 
358 289 0.5541016152928826 
358 333 0.8305580509117716 
359 353 0.2016834509600497 
360 342 0.8634633827171744 
360 410 0.5544456554752387 
361 268 0.2654201208948037 
361 303 0.09834559160357204 
361 405 0.5729821489314731 
361 453 0.918739671127159 
362 322 0.1971855587617377 
362 320 0.17665563932315165 
362 300 0.7970722109008495 
362 429 0.44338182622445776 
362 438 0.515413676328061 
363 309 0.061170520157816766 
363 279 0.6419065381804838 
363 415 0.5392551149897132 
364 343 0.37702147993731516 
364 278 0.4373679884448054 
365 276 0.2131986559024347 
366 264 0.03348435129978067 
366 341 0.09241384967800403 
366 334 0.5098909230506077 
366 368 0.7691923443801926 
366 385 0.49066028676708295 
367 267 0.9184560648653478 
368 264 0.8974056474417242 
368 366 0.6688036848726175 
368 341 0.0766112692658959 
369 274 0.7619527452810203 
370 338 0.4969326050377617 
370 290 0.5863720944197267 
371 298 0.07293728848638337 
372 284 0.39851541113228905 
372 442 0.13528658454261555 
373 269 0.237160820010913 
373 283 0.16771871766905455 
373 481 0.8673262755785965 
374 272 0.6769407195100986 
374 276 0.6855138262020667 
375 263 0.1601673741562234 
376 280 0.07134228712647306 
376 352 0.4597694423745887 
376 291 0.8465275158149052 
377 279 0.8051348235007576 
377 272 0.6674810968730329 
377 288 0.5709068229628563 
377 419 0.18511289752321303 
378 276 0.9935580304402025 
378 365 0.09858535491322207 
379 356 0.6790658970484051 
379 343 0.4220207133041516 
379 355 0.7005147065116731 
379 395 0.10745041902782904 
379 398 0.8785119178655135 
379 414 0.06155142388316859 
380 271 0.6767561109045193 
380 355 0.05207820089113269 
380 331 0.21102200428900109 
380 307 0.5435640874249651 
380 301 0.9102553388170181 
381 312 0.34433563198021355 
381 286 0.6517631474501482 
381 337 0.19367522267759185 
381 437 0.7782494582924483 
382 353 0.26081921099626715 
383 348 0.20482175011531667 
383 389 0.31037184586216526 
383 421 0.5426521396719467 
383 423 0.7914414828462895 
383 445 0.910860933828847 
384 307 0.5973826907120982 
384 275 0.7983477533961203 
385 264 0.21365035583061354 
385 341 0.991578757540439 
385 366 0.11784159677183625 
385 354 0.5711872421571225 
386 317 0.10394682187875726 
386 281 0.06517043466047745 
386 301 0.84208646535532 
386 396 0.5430319078157224 
387 275 0.7867299956247343 
387 271 0.9864720822578368 
387 307 0.7370096165346577 
388 373 0.42322747311042064 
388 269 0.43242573445169363 
389 383 0.31436811114567254 
390 356 0.11169250989218249 
391 297 0.5489268380552919 
392 357 0.6453921891333166 
392 287 0.3662282948383445 
392 426 0.07551580966395777 
393 286 0.041024911271678066 
394 295 0.8172240990166401 
394 300 0.25292518983072954 
395 379 0.9975031996731921 
395 448 0.4038619350181213 
396 317 0.8971778671973157 
396 386 0.2620791004093195 
396 301 0.9347668265501331 
396 449 0.5186760948127734 
397 327 0.7989296109138128 
398 379 0.8251340856599574 
399 268 0.48889199763544655 
400 355 0.7772576894841107 
400 435 0.49520856092711873 
401 353 0.4666942868545766 
401 382 0.7666869458113523 
401 456 0.2079483874799568 
402 308 0.6606253792986434 
402 436 0.8859747119314302 
403 299 0.08752893988462984 
403 450 0.870963347517639 
404 289 0.2993868549238907 
404 342 0.19953478215977827 
405 361 0.6970508976966314 
405 453 0.2881899856453123 
406 282 0.6310053537767492 
406 333 0.16530697551864404 
406 347 0.4165530665691063 
407 288 0.2671500420964237 
408 331 0.9265611059049758 
408 446 0.8949816080506331 
409 320 0.6512471570165977 
409 340 0.7669740527293469 
410 342 0.8825654235661847 
410 360 0.7394763840233564 
411 352 0.18363009657773222 
411 356 0.9193846682397444 
411 390 0.5525163188120712 
411 376 0.23626038931842097 
411 280 0.713002442323796 
412 347 0.07165885249093129 
412 282 0.8449253921728098 
413 295 0.0002631297074565664 
413 300 0.5710109450471913 
413 305 0.041342160624983304 
414 379 0.6376491592898809 
414 294 0.18021486453948488 
414 448 0.5586906082011913 
415 363 0.13066223942276933 
416 292 0.38155301257018615 
417 287 0.9851028867688014 
418 338 0.8584516024159152 
419 377 0.516375792049383 
420 282 0.5459337771580736 
420 308 0.8905166064444353 
421 383 0.1261861883535994 
421 320 0.9758947124180815 
421 340 0.2908335998279219 
422 305 0.8500843278196 
422 413 0.14156376487527944 
422 300 0.7760476425612216 
422 429 0.2719918910147274 
422 479 0.9124379806523331 
423 383 0.7553678130070508 
423 389 0.03577707608552583 
424 268 0.6684982177795658 
425 302 0.5970815332821727 
425 339 0.05177947963676144 
426 392 0.8791015083974277 
427 351 0.6893490553908898 
428 330 0.802956098170418 
429 422 0.1230893841812083 
429 305 0.34375242834651454 
429 300 0.46486219563578124 
429 362 0.8991676955072648 
430 272 0.06919540830397264 
431 288 0.9658805695444358 
432 348 0.0008776382711017661 
433 326 0.435379460301788 
433 314 0.06488979583199206 
433 341 0.9734445758234285 
433 264 0.7883181758532383 
433 451 0.034586863333378126 
434 318 0.6738384628283688 
434 405 0.6333829657799441 
434 361 0.3454414188243041 
434 319 0.3815340145957582 
434 440 0.8315536359333332 
435 355 0.7871670244958934 
435 400 0.8343448550978566 
436 402 0.5950518541448635 
436 287 0.9850221473784165 
436 457 0.5540179455539268 
437 337 0.29927905844451785 
437 381 0.27112709238061605 
438 362 0.6737303120997966 
438 321 0.5198419043906447 
438 266 0.46718288852028966 
439 272 0.24774677986345806 
439 415 0.06069509616458957 
439 363 0.1664145108033257 
440 434 0.14735199676384214 
441 291 0.9166496223084879 
441 280 0.398707739236707 
441 450 0.7875942570813804 
442 372 0.13413877594098134 
443 324 0.18536442908151263 
443 329 0.00683496487783275 
444 298 0.04263046018719718 
444 371 0.618778404668763 
445 383 0.9028042299133294 
445 389 0.19839347076646507 
445 423 0.402551120363249 
446 331 0.46334175916572107 
446 408 0.7370758046766166 
447 323 0.34861329561044874 
448 414 0.8219748290266758 
448 395 0.9607937864902024 
449 317 0.930143864391005 
449 281 0.7742150696744887 
449 396 0.0405905650933418 
450 279 0.4201521470889801 
450 441 0.9327821499074599 
450 291 0.8874178650445329 
450 403 0.8160431363795158 
451 366 0.6714832720323 
451 264 0.5487595266260573 
451 433 0.9358178590363333 
451 354 0.736046794060026 
451 304 0.661552072790598 
452 356 0.5038890077613163 
453 361 0.8029336447969007 
453 405 0.07455006314449775 
454 329 0.10394755086696217 
454 324 0.33048565843809385 
454 346 0.795234238176375 
454 443 0.45969359370514096 
455 331 0.2058267142432606 
455 408 0.354501616998832 
456 353 0.8450648004830581 
456 401 0.16092365530052077 
456 382 0.0645887761575592 
457 436 0.4751254609533586 
458 357 0.4510462033143092 
459 266 0.30561064133149995 
459 306 0.7699046238662034 
460 308 0.1473545125135175 
461 414 0.8603923512595343 
461 342 0.31580872787182745 
461 78 0.8429446821140175 
461 278 0.7162594514053249 
461 42 0.4745443953306694 
461 462 0.7987101550927052 
462 461 0.9198874800575769 
462 463 0.8005808168654132 
463 462 0.8466900542344602 
464 13 0.49222845101025026 
464 43 0.12238628274147478 
464 210 0.2418469913373884 
464 163 0.5314051969167015 
464 376 0.005104623203082914 
464 465 0.7150168144818826 
464 473 0.23495052389478155 
464 474 0.7685306549907025 
465 464 0.69629779652175 
465 466 0.5889392481913923 
465 471 0.9409325696695133 
465 475 0.9518545988709576 
465 478 0.4521204772178026 
466 464 0.5559929006872814 
466 465 0.8800166403849704 
466 467 0.24108610185234314 
466 476 0.7926465554249388 
467 466 0.3184092751680684 
467 468 0.991154097584067 
467 470 0.857092756805588 
467 472 0.2129041806984161 
468 467 0.3120085413477547 
469 465 0.9742559774112861 
469 464 0.9427245742852914 
469 466 0.01073372388747551 
469 475 0.3078505979188786 
470 467 0.3552602055410118 
471 465 0.8932852242554459 
472 467 0.3562426238124191 
472 469 0.5503346396420069 
473 464 0.6432591565873087 
473 466 0.3658716891956949 
474 464 0.5257827900797895 
474 473 0.6037910868373465 
475 465 0.5030558966932209 
475 469 0.21628346479972493 
475 477 0.8763329748595952 
475 478 0.7176406174089791 
476 466 0.9012023680277671 
477 475 0.7267968897972915 
478 475 0.29123908670953724 
478 465 0.05052695454465783 
479 0 0.19663321301273562 
479 45 0.9281472764256947 
479 370 0.46867541341232466 
479 422 0.3649830804616492 
479 161 0.6734912712995584 
479 480 0.5029350651786795 
480 479 0.13658802142962734 
481 251 0.9612250376536127 
481 373 0.8850136343695166 
481 347 0.7063546094619082 
481 27 0.40238743546917055 
481 190 0.8141268826966895 
481 482 0.5022877698220758 
481 484 0.40135003973941985 
481 485 0.6120726683916817 
482 481 0.05155682439530085 
482 483 0.14684955225725527 
482 489 0.1480843306218903 
483 482 0.4825475610416764 
483 490 0.6698123460808398 
484 481 0.08886838955522114 
484 486 0.15746281049328714 
484 487 0.6961457308360322 
484 488 0.08171020581366462 
484 492 0.005184588900945197 
485 481 0.2602079710943275 
485 491 0.6867210123687714 
486 484 0.3633637302411262 
487 484 0.0874533099153717 
487 488 0.395925660642525 
488 484 0.46867039063326643 
488 487 0.6240222808207053 
488 486 0.4280225873152004 
489 483 0.35441022790931964 
489 482 0.008968249816913576 
490 483 0.6421272959034562 
491 485 0.44739574776573765 
491 486 0.581942543591116 
492 484 0.5120816068192602 
492 433 0.41622498260281393 
492 21 0.6526680238933549 
492 70 0.6026542769023423 
492 264 0.12115160095438005 
492 493 0.0859669602216685 
492 496 0.7675918703932741 
492 497 0.18520249239818598 
493 492 0.3547289851549609 
493 494 0.6081318916049889 
494 493 0.35526264882307057 
494 498 0.7323771422662015 
495 494 0.9187497378813234 
496 492 0.1300306330748474 
496 497 0.660707454679257 
496 499 0.8525766948392018 
497 492 0.4031343183008219 
497 496 0.18489821689851715 
498 494 0.9579671834046721 
499 496 0.36181050878230325 
