500
0 1 0.6739454038083817 
0 2 0.1620209296414553 
0 12 0.6422142279633957 
0 256 0.5731671872691125 
1 0 0.38337181187086966 
1 3 0.5794463246364355 
1 4 0.313997637756915 
1 5 0.8737987467269978 
1 12 0.8547242433529153 
2 0 0.7516065172869655 
2 1 0.5938446839844999 
2 5 0.07776466859587394 
3 1 0.6654920716341888 
3 12 0.824602246128634 
4 1 0.140307410456329 
5 2 0.04582411547822318 
5 1 0.5789301813483367 
5 6 0.26421399382554944 
5 10 0.20556862780736662 
5 12 0.867352593699553 
6 5 0.46439510455290445 
6 7 0.8992514340622006 
6 11 0.2686668434743259 
7 6 0.19838241264687628 
7 8 0.9615610300228187 
7 9 0.4834822964078165 
7 263 0.17298120951926232 
8 7 0.4935472483856914 
9 7 0.39869454026146867 
10 5 0.9938037143256965 
11 6 0.006231852332569843 
11 261 0.15723191580219031 
12 5 0.9066213988681671 
12 3 0.5097846009038398 
12 1 0.9444726854031259 
12 0 0.7621476928455441 
12 13 0.2885376314189292 
12 14 0.9126791323697234 
12 15 0.6461854547740217 
12 16 0.6472109315329703 
12 17 0.5598619806948771 
12 18 0.9741313575079714 
12 19 0.38150534998973307 
12 20 0.6568051165174105 
12 21 0.33419098552215765 
12 22 0.27178689344198825 
12 25 0.9241965087664583 
12 27 0.5558883508569876 
12 31 0.6978821628241045 
12 51 0.3405816485993599 
12 108 0.7125255319104827 
12 157 0.6046924390785422 
12 185 0.7040974672807147 
12 256 0.4069249196521807 
12 481 0.561453408855028 
13 12 0.7440676685762013 
13 32 0.5074070109194138 
13 84 0.22764646445531556 
13 87 0.2857380686293213 
13 165 0.32229720079626756 
13 263 0.7504834498122837 
14 12 0.34216081878628846 
14 24 0.9807793735456131 
14 29 0.2812891501076238 
14 35 0.2750903898463226 
14 36 0.7154122075690622 
14 55 0.6819833023462873 
14 162 0.46074972912151335 
14 175 0.3226265591463072 
14 196 0.20106271055927538 
14 197 0.26699904873226743 
14 221 0.727800485690913 
15 12 0.03265469000716115 
15 176 0.3205421851388579 
15 185 0.373206430902264 
16 12 0.7378875467488133 
16 126 0.5924644656556839 
17 12 0.8572539330831771 
17 30 0.6522362721309923 
17 31 0.752776817705854 
17 48 0.012244697832125562 
17 52 0.38592784604835817 
17 57 0.873336668134115 
17 88 0.6411334714268154 
18 12 0.8960662869258481 
18 31 0.6978796222934966 
18 64 0.3376237625177879 
18 108 0.8659624275370542 
18 185 0.15637729123182886 
19 12 0.6186563813277629 
19 25 0.3905219877887509 
19 26 0.26521592929008175 
19 27 0.8861822927420033 
19 108 0.9398173681960279 
20 12 0.21779299573744648 
20 18 0.9653697930302795 
20 29 0.498461879884049 
20 33 0.6375335742641179 
20 34 0.04144089917056182 
20 38 0.07376553716776169 
20 43 0.30879625737745353 
20 44 0.6329182761904347 
20 53 0.15777002371834825 
20 66 0.46575909672822025 
20 89 0.43719099638050896 
20 173 0.11488342660859763 
20 188 0.03791663479443452 
20 481 0.9370126045669771 
20 492 0.08756484878886017 
21 15 0.0407177611433166 
21 18 0.2824392923768867 
21 12 0.6096381862176267 
21 62 0.09661902569610104 
21 85 0.5403165636424868 
21 86 0.8367738314463591 
21 217 0.21546369400296517 
22 12 0.058831704854430567 
22 23 0.36516022219894073 
22 42 0.6433253626242902 
22 45 0.2140254767893257 
22 212 0.1464589805181612 
23 22 0.6397427560798368 
23 59 0.15007234467529496 
23 172 0.8659806505836446 
23 177 0.3096399666401358 
23 184 0.7442197981949753 
23 214 0.5878722395716923 
24 14 0.8141843884673036 
24 36 0.5205897987692127 
24 40 0.4278301542723879 
24 57 0.6137871236075804 
24 72 0.41119304065739837 
24 125 0.17946829407564668 
24 481 0.6488330275788927 
25 12 0.8376739551429341 
25 19 0.28146309037743134 
25 18 0.96410822625332 
25 26 0.09227209841733064 
25 176 0.7780451010615705 
26 25 0.18781810900055596 
26 21 0.20521745337162622 
26 19 0.9452670604688479 
26 18 0.12430905323140706 
26 92 0.4677792735707377 
26 106 0.10534673969860009 
26 144 0.5220294127254542 
27 12 0.9768383577250356 
27 19 0.5825920589121283 
27 50 0.22897692100134026 
27 57 0.22075640178546974 
27 78 0.22237125391017876 
27 125 0.8540772743738486 
28 13 0.12530093963944822 
28 70 0.11897570680690672 
28 79 0.20857292050233223 
28 83 0.781984413341173 
28 95 0.6908512712611204 
28 194 0.3055384283549326 
29 14 0.896498518759392 
29 20 0.57057429141896 
29 32 0.8782757084878182 
29 37 0.14584460647960096 
29 39 0.07643767620714659 
29 40 0.6812835095924407 
29 54 0.6608444325834075 
29 109 0.5088529579479031 
29 118 0.8835057589313436 
29 129 0.19028574242089547 
29 135 0.6581147134355874 
29 464 0.7406728062244289 
30 17 0.40729630795265503 
30 14 0.07899943194504988 
30 46 0.22935866999275645 
30 56 0.4346096380827774 
30 68 0.6946178024711006 
30 146 0.6976880591681757 
30 159 0.16119360441918174 
31 18 0.5800318923616026 
31 12 0.5715940102449604 
31 17 0.030387447899433484 
31 57 0.36487855753439946 
31 73 0.605391623137883 
31 139 0.350284244458277 
31 171 0.8546310654964522 
31 198 0.7040093305015591 
32 13 0.9511542647643813 
32 29 0.5813544980545926 
33 20 0.15630059592269951 
33 63 0.85742245646419 
33 107 0.08572582330302958 
33 188 0.02736069404747421 
34 33 0.08380547786409376 
34 20 0.5365470191267662 
34 29 0.06923538573455168 
34 49 0.9993097044942725 
34 53 0.7578682826228271 
34 143 0.6595028240594222 
35 14 0.41409740699768105 
35 41 0.04383830787010157 
35 71 0.34828659298909737 
35 102 0.0075607583344030616 
35 145 0.9869112024985809 
35 152 0.9848274495268838 
35 167 0.44645462355881904 
35 261 0.0382706531141882 
36 29 0.02887222061548189 
36 14 0.5933628838176788 
36 24 0.576713123758432 
36 37 0.45465412473448896 
36 54 0.555996017273266 
36 76 0.5606196306795576 
36 82 0.6276679433293486 
36 91 0.21094940799959694 
36 134 0.9804704812735339 
36 140 0.6784253409134943 
36 151 0.7584787327973541 
36 155 0.42053541507169523 
36 166 0.6184526077410686 
36 223 0.4643142601838173 
37 29 0.6628647898195116 
37 36 0.688948492351233 
37 117 0.5081090734721566 
38 12 0.039790392068966396 
38 30 0.9717590095697537 
38 20 0.3953069437611689 
38 31 0.5377430799248585 
38 47 0.09052677842805024 
38 74 0.5186763153747469 
38 113 0.44113830909149665 
38 123 0.2492978952987539 
38 199 0.16396547529456618 
39 29 0.9964247474550958 
39 81 0.45849965952119387 
39 93 0.31070405276148994 
39 118 0.3203947473337636 
39 156 0.8280953950316036 
40 29 0.9092773581127338 
40 24 0.5463990351073172 
40 50 0.4044681984127213 
41 35 0.8630602169804328 
41 102 0.08525045035912004 
41 167 0.959879607761927 
42 22 0.7409931120694618 
43 20 0.28396389299817526 
43 33 0.06087623875026482 
43 44 0.5690774289961898 
44 20 0.8344141616253963 
44 43 0.7218249739721211 
44 24 0.5262340159146938 
44 85 0.004860140300015914 
44 90 0.7299450092141282 
44 153 0.9866133060597145 
45 22 0.9182490584392324 
46 30 0.12137108723369372 
46 164 0.9649483846726716 
47 38 0.8042439404237642 
48 17 0.974233573232867 
48 42 0.3674688475344957 
48 51 0.76305830906728 
49 34 0.776909473991011 
50 40 0.3380051493835623 
50 37 0.09157104902370883 
50 27 0.7212487376309595 
50 24 0.12342007748732275 
50 58 0.67373426886948 
50 80 0.6851922230430837 
51 12 0.7046037520386997 
51 48 0.5031818240840132 
51 115 0.927782737031539 
51 158 0.3062280675443818 
51 168 0.130526291736641 
51 238 0.6030612980039974 
52 17 0.8352112757234496 
52 75 0.08916336178354223 
53 20 0.32486476891784777 
53 34 0.7028047483591262 
53 43 0.8876827664553958 
53 60 0.42883631412957157 
53 87 0.8511606872399267 
54 29 0.6359482581491642 
54 37 0.48517485291143103 
54 36 0.8328541849676137 
54 65 0.4672390781420628 
54 67 0.2781647585954151 
54 97 0.41372267968783183 
54 103 0.5385188674450588 
54 116 0.40819373704583084 
54 160 0.6657598876627251 
55 14 0.7175580007057102 
56 30 0.6112537305389737 
56 36 0.6405481290842906 
56 112 0.30941824437262466 
56 141 0.27563634880605836 
56 210 0.33166686679084323 
57 24 0.47873631345907175 
57 31 0.23001950642730784 
57 17 0.17413725856583662 
57 27 0.03422501212637319 
57 61 0.35290572789103947 
57 69 0.012243840362023195 
57 122 0.8276680806905686 
57 144 0.03636617044049317 
57 215 0.19560067018279392 
58 50 0.46661357375876256 
58 93 0.02883892566012103 
58 137 0.31479305853298734 
59 23 0.9157055772563237 
59 96 0.8273899774891188 
59 101 0.800567080837044 
59 105 0.7076075329142802 
59 110 0.1538005333505431 
59 128 0.22619359347274925 
60 53 0.34369477706404084 
60 479 0.31608543365917674 
61 57 0.5302073911221032 
61 27 0.8454449205365451 
61 191 0.22512846236486816 
61 222 0.8865932000677604 
62 23 0.4809396153508705 
62 21 0.13606634612248159 
62 148 0.04754446333927742 
62 179 0.5791769684890254 
63 53 0.6398371384094476 
63 33 0.382948055002991 
63 38 0.5053636574714383 
63 70 0.6972494241823655 
64 52 0.1865234229836601 
64 12 0.40415568133565793 
64 18 0.16262241727850624 
64 42 0.07942728299191437 
64 204 0.3896860417125535 
65 54 0.19692732434027294 
65 97 0.10370515098155542 
65 103 0.6710646764842776 
66 20 0.5180848967995562 
66 33 0.4210484235046613 
66 89 0.3477830697849478 
66 261 0.9367807545004335 
67 51 0.9269917460803 
67 54 0.15820979468788066 
67 65 0.4736070130994614 
67 85 0.6877508778028234 
67 98 0.0901828906306098 
67 193 0.8641139370574938 
67 223 0.6115905037480639 
68 30 0.5459984840620494 
68 146 0.3192343044489203 
69 57 0.9209460423596442 
69 144 0.27832615879782585 
70 63 0.21338807394522163 
70 28 0.5890557209990028 
70 60 0.6456133375840329 
70 83 0.2257360832951244 
70 114 0.25217946578486616 
71 35 0.7715122916101854 
71 41 0.13314770199301174 
71 102 0.252460589480509 
71 218 0.3392938307227866 
72 24 0.20079099436269832 
73 31 0.04636377321101348 
73 75 0.6679953744624405 
73 139 0.2719486034344545 
73 171 0.6784903821422326 
74 38 0.45107053289821775 
74 161 0.4734677100504049 
74 190 0.882372927732282 
74 199 0.7637992753920253 
75 31 0.5128959278637119 
75 52 0.34866877768504 
75 73 0.02067068999153765 
75 94 0.4384759898344729 
75 203 0.8426264654788326 
76 36 0.09649241697516775 
77 28 0.42302805370799024 
78 27 0.9526858789901567 
78 58 0.789350420683976 
78 50 0.8533810267519881 
78 106 0.3292031493728267 
78 195 0.9271673212968196 
79 28 0.4364515668389005 
80 24 0.6800768996260906 
80 58 0.03295026966403558 
80 50 0.3363983718156991 
80 99 0.1893966304823137 
80 104 0.8315823043776376 
80 133 0.34992855809834433 
81 79 0.7195708908112468 
81 39 0.8392867367415136 
81 95 0.9962133444729037 
82 36 0.9512275464799276 
82 151 0.6744501370187962 
83 70 0.31298310200272395 
83 28 0.5497341379809235 
83 114 0.851650819388759 
84 13 0.4477853053395999 
84 120 0.5476431138213675 
84 156 0.7529518728922221 
85 44 0.22150083651438546 
85 21 0.9830134985978727 
85 35 0.9857401839653878 
85 67 0.4195298769067448 
86 71 0.6537624676596864 
86 21 0.3782362480808735 
86 12 0.42397258782693403 
86 119 0.9300317115087311 
86 138 0.0694171516616684 
86 180 0.44945603005592005 
87 13 0.002095493569935436 
87 53 0.7224632861855064 
87 143 0.9600243051532268 
88 17 0.30624131934857257 
89 66 0.5543494513041661 
89 33 0.9793453607881105 
89 20 0.6571291895089953 
89 107 0.1198633428252629 
89 173 0.137295930539851 
90 44 0.5433315336438075 
90 132 0.6752470128676483 
91 36 0.42791373185071857 
92 26 0.1867570595719893 
93 58 0.7434998910008696 
93 39 0.8779810722769009 
93 24 0.05709329564960752 
93 84 0.6206698555186749 
93 211 0.947604337292821 
94 75 0.19538809005904456 
95 81 0.4551772836351874 
95 28 0.8108758980713523 
96 59 0.8598999195346835 
96 130 0.2151704240287442 
96 178 0.616425097128856 
97 54 0.1485546158397809 
97 65 0.6257347963258145 
97 103 0.3286143060321155 
97 116 0.8494104757032978 
97 160 0.22638157545855153 
98 67 0.998243300402605 
98 127 0.021714113450924222 
99 80 0.5197025104585643 
99 104 0.27054918949369733 
100 19 0.7953272818295072 
100 18 0.38852249202875866 
100 25 0.15046716601542387 
100 157 0.40266774177486053 
100 176 0.2682950219485505 
101 59 0.5134142630645343 
101 105 0.3160659462651484 
101 110 0.9844915886256144 
101 128 0.08375316643079711 
102 35 0.590123478436881 
102 41 0.4725734741078206 
102 71 0.6137071071705128 
102 201 0.24827259738430751 
102 218 0.47696793953618677 
103 65 0.2107403949170683 
103 54 0.656168930038737 
103 97 0.8649082672739962 
104 99 0.1399026046322034 
104 93 0.7949323145158547 
104 80 0.3095213959346458 
105 59 0.3711010472902859 
105 101 0.9011510159982794 
105 110 0.16651310613371118 
105 147 0.3327407700279841 
105 150 0.625104404171032 
106 78 0.8413772321879205 
106 26 0.59229423148947 
106 142 0.19958434187882623 
107 89 0.861038123311852 
107 33 0.8773122419320267 
107 54 0.5817975425140219 
107 43 0.5979726371369862 
107 210 0.642710532410337 
108 12 0.2969948242793383 
108 19 0.054872812058339715 
108 18 0.1384712588059399 
108 157 0.30711675100886027 
109 29 0.8469814737763401 
110 105 0.741594354674109 
110 59 0.7814800249421427 
110 22 0.5374018864315111 
110 101 0.5509856005744616 
110 111 0.38651624746032 
110 183 0.6579730756243622 
110 192 0.7761563307861689 
110 202 0.11276757215758071 
111 110 0.44415263673080607 
111 183 0.4510819196885325 
111 256 0.35603007358634076 
112 56 0.7506450320363619 
112 141 0.40104768778784594 
112 200 0.2794021403685669 
112 210 0.004405349209510412 
113 38 0.9112231522771455 
114 79 0.08424994851685164 
114 83 0.940633687424533 
114 70 0.5579688794794128 
115 51 0.37001055233401436 
115 124 0.5561527515812636 
115 158 0.5636321772508881 
115 238 0.514594776558728 
116 65 0.9419896104068451 
116 97 0.49531243356865684 
116 54 0.9066266461615211 
116 129 0.3124412172849802 
117 37 0.6700833095868138 
118 39 0.6521566125049233 
118 29 0.53779076863042 
118 136 0.054507224200180615 
118 149 0.9841025759368646 
119 86 0.9936293576221589 
120 84 0.2179791698777246 
121 61 0.17917654710149655 
122 57 0.30598793234049715 
123 38 0.1260704734920698 
124 115 0.27415085691503105 
124 96 0.9412231642447005 
124 205 0.6925831129690435 
125 58 0.07860329388073839 
125 40 0.9009056463022381 
125 27 0.4207697516506601 
125 24 0.3673487954592426 
125 191 0.08179338785865853 
126 16 0.5617641971271531 
127 98 0.2397520931130277 
128 59 0.1356811107465623 
128 101 0.23379062363869563 
128 26 0.2173476232132815 
128 105 0.18617831712483945 
128 169 0.6376612142471202 
128 170 0.5396194196238753 
128 206 0.8935173228789864 
129 29 0.13420330616699383 
129 116 0.26591110672667895 
129 464 0.9372927204618792 
130 96 0.6185322905816749 
130 178 0.39379671296711105 
131 30 0.21300362600917133 
132 90 0.02780791197362864 
133 78 0.41118976405557595 
133 80 0.4425344564319632 
133 99 0.8011588241059179 
133 186 0.4212012172296744 
134 36 0.31587393449511225 
134 151 0.8985887116702594 
134 166 0.8140953406235486 
135 29 0.6486735097049116 
135 140 0.9894306138562687 
136 118 0.4915093725417905 
136 149 0.03806976811529039 
136 263 0.44697325586273584 
137 58 0.13550609935376412 
137 50 0.8256587098976513 
138 86 0.43155451178318016 
139 31 0.6812217785020789 
139 73 0.5650252597741773 
139 171 0.8638764131303037 
139 198 0.16906008745293732 
139 200 0.1516497977070541 
140 118 0.6161985882543101 
140 135 0.9460452590524958 
140 36 0.2462525120438791 
140 37 0.7915641937583501 
140 187 0.6265860586250092 
141 112 0.8302791977628664 
141 56 0.14963254378707636 
142 106 0.30285767660362883 
142 128 0.8976699399952509 
142 163 0.18814970663651764 
143 34 0.31559819777209497 
143 87 0.6090104889994163 
143 154 0.4336477052213934 
144 122 0.8027622517762728 
144 57 0.8848027857260142 
144 26 0.2566161852963923 
144 69 0.4979503321724609 
145 102 0.037669087261863465 
145 35 0.5049204859336336 
145 218 0.7079222888563382 
146 30 0.8787737238417447 
146 68 0.3930336226669844 
146 159 0.9789279785292926 
147 101 0.11431600229490868 
147 59 0.07223296107903476 
147 105 0.253899666972233 
148 62 0.790557124009488 
149 118 0.8541793018554313 
149 39 0.3430138814241883 
149 136 0.08716428804679188 
149 208 0.5539692373757688 
150 59 0.5760550454933087 
150 105 0.1511641691785377 
150 101 0.9422864954635319 
151 82 0.7737966219762138 
151 134 0.7048600165689003 
151 36 0.8231839062454451 
152 35 0.0016940143106606298 
152 41 0.460540695452492 
152 145 0.6226387087335056 
152 167 0.7292901764388862 
153 44 0.4004635027050163 
154 143 0.08221235388267245 
154 84 0.2229420974671501 
155 36 0.4282109357224355 
155 134 0.05693211933605835 
156 84 0.09655091086876488 
156 39 0.5925577687018782 
157 18 0.9726339857679813 
157 12 0.48166397810129924 
157 108 0.34676802775111903 
157 100 0.4097427508796321 
157 174 0.5710310032940313 
157 182 0.4044348320154557 
157 189 0.24673205234534168 
158 96 0.46521224133772165 
158 51 0.20584175238201008 
158 115 0.552973272040156 
158 168 0.6402303182496646 
158 172 0.7514520892842 
159 146 0.8263900781983178 
159 30 0.51352675583087 
159 131 0.5475261885241052 
159 479 0.603147294671224 
160 97 0.5086345231945032 
160 54 0.27423489204855456 
161 38 0.3873745737638954 
161 74 0.8976127112981309 
161 113 0.5491036779393385 
161 190 0.8256230326341271 
162 14 0.5081666932753616 
163 142 0.20542378464865085 
163 172 0.49208312788078323 
164 46 0.356835526703277 
165 13 0.8903790035640331 
166 36 0.61028922270781 
166 151 0.25663522523712234 
166 134 0.09000174881299372 
167 102 0.5654563218860594 
167 152 0.39298498205829 
167 41 0.45617255042863325 
167 35 0.24834872739918956 
168 51 0.26385881516313525 
168 158 0.5173035979338202 
168 216 0.5553435422747109 
168 219 0.42876216802762357 
169 128 0.9116883856486114 
170 128 0.1436436820841971 
171 73 0.12270038511908676 
171 139 0.65517122484667 
171 31 0.33679479608882057 
171 200 0.2729775460304664 
172 23 0.9934739077752683 
172 158 0.1926437077424742 
172 163 0.6755961437909025 
172 142 0.18279571440239195 
173 20 0.0679906194771207 
173 89 0.2911750303348143 
174 157 0.4635252390706466 
175 14 0.9018723037987458 
175 221 0.7241250030213273 
176 12 0.8406777861003029 
176 25 0.3943224413241839 
176 100 0.5156126804277938 
176 15 0.2471920848177539 
177 23 0.609410988210734 
177 184 0.1852844447539792 
178 96 0.7669417314701916 
178 130 0.5636470329206271 
179 148 0.3081872092997663 
179 62 0.2316516466096279 
180 86 0.4613317873763636 
180 138 0.6739928537569474 
181 129 0.040330916663981475 
182 157 0.1440412666463733 
183 110 0.5351940103119375 
183 111 0.8123598716618611 
184 23 0.24146933358393985 
184 177 0.6029619489029849 
185 18 0.02858774297731559 
185 15 0.8217768723112269 
185 12 0.907229801745724 
186 133 0.7866732058135157 
187 104 0.698664729279639 
187 140 0.5863356433920921 
187 90 0.07837813683178507 
188 20 0.31564510715182426 
188 33 0.7682463052809504 
188 173 0.46327931495174357 
189 157 0.7637676212534068 
190 38 0.6023098297951452 
190 74 0.9589182463290283 
190 161 0.5585547071717067 
190 199 0.4977334675201561 
191 61 0.7918285052728187 
191 125 0.8460099093100614 
192 183 0.15121211895578468 
192 110 0.08927382757483349 
192 111 0.6100828447044324 
192 202 0.42540804457005 
193 67 0.48520470373933855 
194 28 0.9263054582505476 
195 78 0.3625758286441373 
196 14 0.13080892007934164 
196 55 0.8587087553962135 
196 197 0.7204067520090301 
197 14 0.9100612567321361 
197 196 0.6130601252580002 
198 139 0.7476425499430596 
198 31 0.33594522654763515 
199 74 0.6327535584957865 
199 38 0.4900773135585148 
199 190 0.9365194338599782 
200 139 0.9484780033120769 
200 98 0.6491601124191125 
200 112 0.02093529087645485 
200 171 0.763206600582354 
201 33 0.32460417406600695 
201 102 0.6846836046082809 
201 34 0.8802228502697923 
201 89 0.4875431941591579 
201 20 0.3098493433085854 
201 213 0.791533106628416 
202 110 0.6200105124082155 
202 192 0.8606046756386723 
203 75 0.09443608664380432 
203 94 0.627013221905874 
204 64 0.9337628096965805 
205 155 0.6900882275295079 
205 124 0.9541429325645651 
205 220 0.527722335504835 
206 128 0.6211775951390173 
207 22 0.8297523481764305 
207 183 0.47902206841215467 
207 75 0.48556391958119094 
207 42 0.7296443757942547 
208 149 0.6510206602897478 
209 48 0.47030313821488123 
209 155 0.4374833762787692 
209 127 0.8958766363767016 
210 56 0.4876082104206767 
210 112 0.7569634888292194 
210 107 0.8416514263356877 
211 93 0.9521274681464217 
212 22 0.39377199402169794 
212 45 0.4489750503324518 
213 201 0.4508823427461607 
214 23 0.5303186757584017 
214 184 0.6894992726564025 
215 69 0.10147500112018781 
215 57 0.6847861937159169 
216 168 0.4878268333081116 
217 21 0.5942694927420812 
218 145 0.5656718871245985 
218 102 0.026018667251014427 
218 71 0.16526711892400192 
218 104 0.9979461100952772 
219 168 0.34561666511090694 
220 205 0.543068714153093 
221 197 0.948165057491478 
221 14 0.9499505155232782 
221 175 0.2237298240538329 
222 61 0.14411140906011743 
223 125 0.9253588129203901 
223 31 0.4383092126475707 
223 69 0.9284342148758732 
223 36 0.06730781269818975 
223 67 0.3007267124044595 
223 224 0.18203261406411753 
223 225 0.8645901119194113 
224 223 0.10556038224234576 
224 226 0.6100323411949338 
224 234 0.25962951486981967 
224 461 0.9656107162879062 
225 223 0.7781633911189207 
225 227 0.1931540519224615 
225 228 0.9337481595424697 
225 229 0.19944989195014828 
225 233 0.8137808223841314 
225 236 0.13914117407049986 
226 224 0.9813444326498073 
227 225 0.59037505131098 
227 230 0.4498419395444009 
228 225 0.37901066414565143 
228 229 0.8966354703654492 
228 233 0.9048828609059397 
228 235 0.7838537742130633 
228 236 0.25536330481934555 
229 225 0.3922908841167877 
229 228 0.22622976491396407 
229 231 0.41243132724240883 
229 235 0.620342357573631 
229 236 0.859976768607971 
230 227 0.904573216046503 
230 232 0.1896209510235325 
231 225 0.2662012868878244 
231 229 0.9697939803138281 
231 228 0.7117316311737063 
232 230 0.10877215745491586 
232 225 0.5278934633066457 
233 225 0.7255820785211403 
233 229 0.08702347209886618 
233 228 0.9492049929049456 
233 235 0.8021932719038799 
234 224 0.2813494830422101 
234 237 0.7274945208802249 
235 233 0.05050366401896911 
235 228 0.004763408105325384 
235 229 0.3868055028094848 
235 464 0.9737318688548798 
236 229 0.8688903720013843 
236 228 0.6845539574491436 
236 225 0.7025370834726588 
237 234 0.46630621211531376 
238 2 0.5982397465973072 
238 51 0.7318709339655319 
238 115 0.9365822421406536 
238 178 0.16925094144268826 
238 142 0.9464821928063635 
238 239 0.2856765694564257 
238 243 0.9311313925298316 
238 244 0.9526905388909417 
239 238 0.49290733107861273 
239 240 0.08044147688877124 
239 241 0.4266699337707719 
239 246 0.4594413854966698 
240 239 0.06952734321465781 
240 242 0.5591567168282124 
240 251 0.8025160315265912 
240 255 0.8312628569703093 
241 239 0.6127573333822584 
241 246 0.48675413324077266 
242 240 0.5425369546604566 
242 245 0.20026644781460556 
242 250 0.6301718970495785 
243 238 0.9892723604138074 
243 244 0.2351758147980948 
243 248 0.2501684104741072 
243 254 0.6559345963944918 
244 238 0.2191404123869467 
244 243 0.08592254753958417 
244 249 0.6734857197902584 
245 242 0.2520927228637103 
246 239 0.5220274312275652 
246 241 0.4910917375346454 
246 247 0.2938747293111793 
247 246 0.8721481860405432 
247 240 0.862035264506736 
247 255 0.6062907055217774 
248 243 0.5720611934490025 
249 244 0.5243478943164299 
249 253 0.21432538062565543 
250 242 0.06711598020184262 
251 240 0.09354406316582664 
251 252 0.645501208930014 
252 251 0.46222863136294723 
253 249 0.1657854204757102 
254 248 0.8396131247160463 
254 243 0.7073607794142982 
255 247 0.8108874841809111 
255 240 0.5813091107042366 
256 12 0.6997109889789832 
256 0 0.32693270658612195 
256 111 0.938378860811437 
256 257 0.27397381211155236 
256 259 0.7812394234558869 
257 256 0.6733358709697168 
257 258 0.2783399468628064 
257 259 0.9944933000610376 
257 260 0.6455367834339699 
258 257 0.7332961056913521 
259 256 0.5449158274271392 
259 257 0.37310105678542305 
260 257 0.774742241786251 
260 258 0.36694196635711396 
261 171 0.7519694734733949 
261 11 0.5010005387518748 
261 35 0.3464265957099907 
261 66 0.7664605792609114 
261 198 0.5583560267691061 
261 262 0.40993270751981414 
262 261 0.49845732159093226 
263 136 0.5372733305958 
263 7 0.3050189672953917 
263 13 0.8402929380167646 
263 84 0.6859851861021854 
263 264 0.6651863996625216 
263 267 0.26659360765383644 
263 279 0.3440000954392415 
263 293 0.46830651620107455 
263 366 0.2888777644353967 
264 263 0.040268924082102475 
264 265 0.7158253800083404 
264 266 0.02808671150055253 
264 268 0.13437546595188565 
264 269 0.1919415487038082 
264 270 0.287155986781776 
264 272 0.08287563250947094 
264 273 0.41707996747516174 
264 288 0.257457264558032 
264 332 0.3525565020717141 
265 264 0.36170160043829414 
265 271 0.27177768289032067 
265 276 0.17682407215652118 
265 297 0.2552021802953086 
265 307 0.24257656816786166 
265 309 0.32039257433408297 
265 321 0.21564448842807293 
265 349 0.5481311787494355 
265 445 0.5174505880987907 
266 264 0.23962416909202755 
266 268 0.8045634857669719 
266 272 0.6452105698408688 
266 275 0.05650047963173144 
266 278 0.5461414718458819 
266 283 0.17250819358577696 
266 303 0.2091404276557921 
266 315 0.665362304720689 
266 329 0.5050082772795743 
266 343 0.07365241741111772 
266 357 0.822792886225542 
266 373 0.006531851033589664 
266 391 0.8141000692751147 
266 450 0.17252750500698988 
267 263 0.33960686837109977 
267 281 0.13503686061813458 
267 293 0.4474667462102724 
267 323 0.1708996450058845 
267 337 0.8769249827654744 
267 353 0.6877135260682321 
267 356 0.9416459735796787 
267 369 0.41829314072803203 
267 403 0.609560601330414 
267 406 0.8687538423384702 
267 413 0.9428525369014246 
267 416 0.9211872957226266 
267 464 0.11023408596402007 
268 266 0.12167945895208543 
268 264 0.6190671632156535 
269 264 0.7060871542297028 
269 266 0.39282290189525537 
269 277 0.25329003176275244 
269 278 0.970166638404769 
269 282 0.9917986359815051 
269 315 0.9250451546250564 
270 264 0.215251773694206 
270 311 0.25756671420798016 
270 319 0.3470740209450749 
270 331 0.26917610146514226 
270 386 0.41743436084987484 
270 449 0.4455661557514796 
271 265 0.7156217803052927 
271 274 0.5274728590023828 
271 299 0.9128604416910362 
271 304 0.693425533806138 
271 325 0.9666857200784089 
271 363 0.2987527804196124 
271 397 0.3597722973834421 
271 460 0.38181421643474167 
272 266 0.08378140784574972 
272 264 0.30981427388997584 
272 318 0.6072502092892883 
273 270 0.0699320754565298 
273 264 0.2557779273554204 
273 287 0.9449027596104786 
273 322 0.9409158033220043 
274 271 0.7777928967443248 
274 296 0.19938769590602223 
274 299 0.3479268134805471 
274 304 0.611481437495868 
274 363 0.24029701742937393 
274 405 0.348185784141933 
274 460 0.21216634825324376 
275 266 0.14102386778734544 
275 280 0.6757120447187382 
275 312 0.06625537835760376 
275 355 0.584286039567644 
275 360 0.45396696802679604 
275 393 0.3856321270376919 
275 402 0.29826818560787915 
276 265 0.17282706869593356 
277 269 0.7367003382049245 
277 288 0.7424444716168582 
277 316 0.24298152045045784 
277 324 0.8649806784030586 
277 364 0.24124126277655755 
277 378 0.16333214887661418 
278 269 0.4328201966596542 
278 266 0.7454906059873067 
278 310 0.5642821559475244 
278 333 0.9331111320276704 
278 334 0.8361995350508361 
278 347 0.3866113470091418 
278 367 0.929753628001752 
278 387 0.9016149750598945 
279 263 0.4153660521346557 
279 283 0.5279342644378647 
279 366 0.09401290358057712 
279 435 0.23727401125894843 
280 275 0.7197550153855388 
280 284 0.22827082932868437 
280 285 0.23110561191569667 
280 286 0.8563120991033577 
280 289 0.7711767599980687 
280 320 0.8478657210768592 
280 327 0.4062326169021906 
280 345 0.2000634463044676 
280 389 0.008615233832072078 
280 418 0.3650897378484843 
280 454 0.9653325714142338 
281 267 0.11189193637563477 
281 302 0.12144191628959111 
281 323 0.7053500012991661 
281 337 0.38495854439444677 
281 403 0.9709952815000763 
281 406 0.9275202504756066 
282 269 0.34965106542818025 
282 310 0.48082173947693974 
283 275 0.7981622234467798 
283 268 0.2562872861771327 
283 266 0.9599115911502177 
283 279 0.48595274507917785 
283 291 0.07890294800756326 
283 295 0.11811964721433443 
283 308 0.8903773345921783 
283 335 0.583277784644565 
283 373 0.43134173524312436 
284 280 0.10310444359555737 
284 298 0.3153420184059781 
284 371 0.4052150158861274 
285 275 0.24240300239318135 
285 280 0.3115505364704457 
285 290 0.7358873105705409 
285 294 0.3405162118379186 
285 379 0.6259594133328193 
285 418 0.6339442978525992 
285 434 0.9567019468065159 
286 280 0.5122294993520453 
286 289 0.0559978434296049 
287 273 0.4649886884714809 
287 380 0.8167002246425213 
287 457 0.13135371516060723 
288 277 0.4982521774959412 
288 264 0.6333668987075182 
288 269 0.3436633339324696 
288 292 0.5527950016808612 
288 328 0.6335719620558263 
288 370 0.8017191697637038 
288 400 0.639957668187009 
289 280 0.43866526908150194 
289 286 0.8079939806917392 
289 317 0.3528259973799627 
289 358 0.37277881551794056 
289 380 0.193634826265904 
289 410 0.44136868303942367 
289 451 0.8762785255039443 
290 285 0.1526375611340206 
290 344 0.9479979959598409 
290 407 0.4944128008232338 
291 283 0.3016399317845446 
291 339 0.6439693728072884 
291 373 0.3821579832802737 
292 288 0.9052145375083297 
292 340 0.8747848810804758 
292 348 0.7539178721309203 
292 377 0.2660697579643342 
292 461 0.6330641202808135 
293 263 0.08128503972134293 
293 281 0.540667757808379 
293 267 0.7770464588222525 
293 301 0.2091337804996818 
293 337 0.3832250793718325 
294 285 0.42558632748714764 
294 300 0.30531205572295406 
294 458 0.4863108242195898 
295 275 0.03202231864171223 
295 283 0.3395049603010817 
295 279 0.35982423264329266 
296 274 0.6184728322177491 
296 271 0.9480898276015228 
296 304 0.6035815506847064 
297 265 0.6863271270184171 
297 309 0.74177669572511 
297 321 0.13541983372854827 
297 342 0.723323583142879 
297 349 0.8494523877101755 
297 421 0.4676140066315121 
297 445 0.41214808639754974 
298 284 0.5861887193870041 
298 371 0.4146309078641036 
299 271 0.800981529939939 
299 274 0.9069357637316844 
299 296 0.4361129559469119 
299 305 0.25274509032563275 
299 397 0.28705087173506727 
299 417 0.2942860269280665 
299 447 0.28871149745951774 
300 294 0.7995817997172004 
300 306 0.5039565187381914 
300 359 0.995943032410792 
300 458 0.9981746436268576 
301 293 0.7093686317636414 
301 326 0.4228725700152832 
301 356 0.7648245080464756 
302 267 0.060210279442294956 
302 281 0.8206985672405652 
302 416 0.2204317732518034 
303 266 0.008064152679330916 
303 354 0.39071507276521256 
303 357 0.6401357064265639 
303 404 0.2389377372314212 
304 271 0.24596811996952228 
304 274 0.5807344628238333 
304 296 0.1561104549667629 
304 460 0.07422866534089412 
305 299 0.4163401622602856 
305 319 0.9460101978308699 
305 351 0.9083589941270875 
305 409 0.06734227715400565 
306 300 0.11870170394822765 
306 359 0.4869141854784472 
307 297 0.7144826423176913 
307 265 0.5428415870791639 
308 283 0.7162495410348678 
309 297 0.5372530304066759 
309 307 0.47211506509784584 
309 265 0.9643040787219195 
309 352 0.7646864341022979 
309 412 0.8322076780775302 
309 430 0.7651858247907021 
310 278 0.9101347913963941 
310 282 0.25035246412786705 
311 270 0.38293413354447836 
311 289 0.09058227633532079 
311 319 0.643571553805706 
311 330 0.27730105667526483 
311 374 0.449820879719122 
311 395 0.646556204895063 
311 446 0.559632382147337 
312 275 0.3500030314769419 
312 292 0.8009670426204654 
312 313 0.6806128075685333 
312 314 0.8566253335245392 
312 346 0.5286125780268385 
312 368 0.5691464765257965 
312 390 0.7326782204612211 
313 312 0.08871357706800742 
313 314 0.4335067601988336 
313 346 0.49583521810131226 
313 390 0.5947479149438544 
313 443 0.2590085647628618 
314 313 0.5777671850797368 
314 312 0.5288463107070152 
314 307 0.40613743093443955 
314 399 0.1385014829267993 
314 427 0.2559231604402634 
315 269 0.9858652710018384 
315 266 0.13593182307709362 
315 336 0.07317456888687446 
315 362 0.4428035101850424 
315 365 0.9663660652952093 
315 432 0.3030776498191321 
316 277 0.1460321521013177 
316 364 0.6841513896550317 
316 378 0.38045570734764345 
317 289 0.6505890995981284 
317 361 0.7053267479000469 
317 410 0.621233751827652 
318 272 0.11083966423891123 
318 264 0.4988527220952005 
319 311 0.5550668799362944 
319 270 0.8911597816474144 
319 305 0.2505274089718995 
319 331 0.8233477131770137 
320 280 0.6118476741547847 
320 327 0.2025850676996802 
321 265 0.07823176771810192 
321 288 0.6838985584138091 
321 297 0.30754322975704595 
321 426 0.8734354731078984 
322 273 0.1294714181225891 
322 457 0.9088963813349075 
323 267 0.5989807074729071 
323 281 0.6219322348073402 
323 353 0.6962622100990352 
323 382 0.43901214346471773 
324 274 0.6060062547445974 
324 277 0.7239553587608274 
324 316 0.108323749293332 
324 381 0.6711258620467809 
324 383 0.7690356771984527 
324 421 0.4436820438943547 
325 271 0.7880272908800977 
325 296 0.2694262900289647 
325 274 0.7168302727994686 
325 408 0.016941312645807116 
325 456 0.40555256035503373 
326 315 0.28358563175185714 
326 301 0.270410357706782 
327 320 0.2932392376388827 
327 280 0.5243969174588169 
327 385 0.6408306389467384 
328 288 0.9793313976841661 
328 341 0.8818944862454334 
329 266 0.1388102098243409 
329 350 0.7769193247350809 
329 362 0.13403139979557066 
329 411 0.7632395096410045 
330 311 0.2449553214643787 
331 270 0.47937175800200804 
331 330 0.8471028340756944 
331 319 0.6283404916234611 
331 338 0.1831151185714185 
331 444 0.2884189460013131 
332 264 0.2925422953345841 
333 278 0.08488446514321257 
333 334 0.39217902239750635 
333 347 0.6081104849249378 
333 387 0.22450115842252916 
334 333 0.05284741493313483 
334 278 0.8178570343769669 
334 347 0.4153249410193768 
335 283 0.8867723416216192 
335 308 0.5783707847812443 
335 339 0.5647190237687896 
336 315 0.8486244573743218 
336 280 0.9024224437072897 
336 401 0.6784828727259962 
337 267 0.5318161818432119 
337 293 0.5585465880695263 
337 281 0.6553675108823082 
337 425 0.4663529832204497 
337 439 0.07816374190452435 
338 331 0.3393323015995039 
338 386 0.4039145992011237 
339 291 0.9188638300210458 
339 335 0.6715126722255952 
339 268 0.32051549553217473 
339 384 0.7209348406059279 
339 386 0.09839147091428313 
339 423 0.18746955892784456 
340 292 0.996722263366086 
340 377 0.9683370276407324 
341 328 0.09772376519819126 
342 297 0.6572038357285157 
342 265 0.019582370592241438 
343 266 0.824524453073078 
343 303 0.7314826007590356 
343 372 0.16131514115823342 
343 375 0.2265135156804896 
344 290 0.14389026087986734 
344 323 0.42314871258489395 
344 453 0.6192114791978857 
345 280 0.7336091853304817 
345 328 0.43148360868634095 
345 396 0.46486379997422367 
345 431 0.8072506440065975 
345 435 0.21064215329959068 
346 313 0.5436610070957447 
346 312 0.25812255966598063 
346 368 0.764879392179402 
346 370 0.3701280308092686 
346 438 0.5576747559974735 
347 334 0.897874808586242 
347 333 0.9616783090195948 
347 278 0.9862347937685041 
347 367 0.0782300240043553 
347 387 0.3265423815076256 
348 291 0.061168437989730706 
348 346 0.5031450450964522 
348 292 0.013997252955472161 
349 297 0.03674072494106273 
349 265 0.8923220556754674 
350 329 0.5086262418312988 
350 362 0.06102342012688089 
350 411 0.04476071927461833 
350 440 0.1389932320528222 
351 305 0.7325139288078637 
352 309 0.05921519683653309 
353 323 0.7137815731303062 
353 267 0.268997583322106 
354 266 0.2565521165953122 
354 303 0.6137431555038544 
354 391 0.9009893936317005 
355 275 0.5180987763111707 
356 301 0.6225882140327808 
356 267 0.04686035718806114 
356 416 0.11807613448978405 
356 436 0.957328218264705 
357 266 0.634335955220661 
357 303 0.9784567572722442 
357 354 0.7850342764256679 
357 391 0.8841951702617934 
358 289 0.23267266891792193 
359 306 0.9680982871888796 
359 300 0.9119116543474058 
359 353 0.3159698210251204 
359 436 0.16073952347372122 
360 275 0.24180674334027963 
360 393 0.8645771419414171 
361 317 0.3151492640890614 
361 313 0.9930661670485033 
361 284 0.7240464964035034 
361 346 0.6829846079779339 
361 415 0.08374298344176312 
361 459 0.3728492429186031 
361 492 0.5380001408506025 
362 350 0.3862223519926846 
362 329 0.25353840842388653 
362 315 0.4147096990267737 
362 376 0.34790674446029457 
362 442 0.37143717635911433 
363 271 0.6921068067729872 
363 274 0.7035830855478273 
363 304 0.6780211796596518 
363 397 0.11734169665696648 
363 420 0.76075593486768 
363 460 0.6491995136684869 
364 277 0.5073110749158302 
364 316 0.0999174203179155 
365 315 0.9623637484652724 
365 432 0.9710404580133506 
366 279 0.7552953383461198 
366 263 0.26634952360456254 
366 394 0.9336693965869628 
367 278 0.47880255324998144 
367 347 0.9548899709032166 
367 333 0.8687943094008947 
368 346 0.24298288860254025 
368 312 0.40052846191437363 
368 313 0.2676628151020517 
368 370 0.4085938467559491 
368 443 0.9112922987233474 
369 267 0.1455114753771679 
370 288 0.4794588223244661 
370 313 0.5514753899057627 
370 298 0.33212023555167935 
370 346 0.7214375880073994 
370 368 0.7746575055652549 
370 452 0.9620053061238046 
370 457 0.7247301241123871 
371 284 0.25027671141766406 
371 298 0.795417737403618 
372 343 0.8759737297990411 
373 266 0.3507087688081676 
373 291 0.03530420642332588 
373 283 0.28675724042185013 
373 374 0.5538137155845358 
374 270 0.5321144608793902 
374 346 0.8463228019519089 
374 311 0.43455232475683603 
374 373 0.9537407474509024 
375 326 0.5489967143151114 
375 343 0.4953450691709945 
376 362 0.5670836267126482 
377 340 0.8006961632873874 
377 292 0.1975602322899691 
378 365 0.9486346114719182 
378 315 0.6437277855697104 
378 277 0.7228752460878138 
378 316 0.4970339442370655 
378 428 0.5997840047007771 
379 275 0.9004793502949868 
379 345 0.21773166819131484 
379 295 0.43678337643607046 
379 285 0.7107479925441511 
379 422 0.7075175008957151 
379 433 0.4999446738689576 
380 373 0.9195998211161824 
380 287 0.5138171397817731 
380 289 0.8702052226695965 
380 437 0.036010315410987204 
381 324 0.7613334801687252 
382 323 0.41578890047240746 
383 381 0.39983808119269726 
383 324 0.4810339222706965 
383 481 0.8978632302810866 
384 339 0.3613123933333664 
384 423 0.3034517983750046 
385 327 0.3711297097160021 
386 270 0.8328237378215939 
386 339 0.6782916040015087 
386 338 0.05774769665881507 
387 278 0.810498885981255 
387 333 0.973206345288528 
387 347 0.804667442756402 
387 388 0.32979275164149624 
387 392 0.054228263527936416 
388 387 0.07274731437957127 
388 392 0.1269812154663016 
389 280 0.7246555602849266 
390 346 0.31337272603043365 
390 368 0.9387192011375026 
390 313 0.5847829529680642 
390 312 0.0907867918440951 
391 354 0.9424634002430167 
391 303 0.24270369540702874 
391 357 0.004579528335609484 
391 266 0.6105026915772839 
392 387 0.5445816013282733 
392 388 0.6913101717801099 
393 275 0.1074542067313492 
393 360 0.7121100564214892 
394 366 0.648873447434158 
395 311 0.97976027308995 
396 345 0.11880637410406247 
397 363 0.0568225344855553 
397 324 0.25616295489732877 
397 299 0.1737224862554061 
397 381 0.05884298614280614 
397 271 0.33178483631932565 
397 429 0.6279941941017896 
397 448 0.020429452444231 
397 455 0.7602799961196876 
398 298 0.5331690191655032 
398 284 0.7202145463824857 
398 371 0.11033409780700587 
399 314 0.4581388270235557 
400 288 0.7280758811207471 
401 336 0.545462855024698 
402 360 0.6397890750292785 
402 275 0.6418416645792878 
403 267 0.45776466067764743 
403 281 0.8519608400135849 
403 359 0.1305771195847515 
403 436 0.6462078756558935 
404 303 0.3125575810728747 
404 266 0.8339125221836587 
405 299 0.9476001614046577 
405 274 0.906677402015481 
405 304 0.5580447146613576 
405 271 0.9118424769353957 
406 281 0.07220876621319616 
406 267 0.256398369508401 
406 353 0.5017641847913271 
407 290 0.368774239688896 
407 283 0.7321442876345627 
408 325 0.4405189971664999 
409 305 0.08412034496079668 
409 325 0.6796742416602835 
409 419 0.6101059208533225 
409 421 0.65092196434138 
410 289 0.7703938087312042 
410 317 0.6513596647692476 
410 414 0.6825180168514031 
411 350 0.29991461605410596 
411 329 0.5048166132151326 
412 352 0.8970381301630229 
412 309 0.4307032103116879 
412 430 0.7443879071826296 
413 302 0.29007521817676496 
413 281 0.6447831100991886 
413 267 0.9763720786223639 
414 317 0.6200306654854737 
414 289 0.3357513359733806 
414 410 0.41362437114312556 
415 361 0.40570407448983603 
415 459 0.33571967748860665 
416 267 0.6027482420237029 
416 356 0.4687737208671672 
416 302 0.9514707552342646 
416 281 0.9442028451839791 
417 299 0.8215486167609664 
418 345 0.6690377979788725 
418 280 0.35843529743000113 
418 285 0.02956936075976313 
419 409 0.2269954488102941 
419 421 0.4254654778639918 
420 304 0.49912036429621887 
420 271 0.4866007705617166 
420 363 0.7847608079706057 
421 419 0.45670428188613477 
421 297 0.9458170659429089 
421 325 0.268884108347352 
421 409 0.9822037402113838 
421 324 0.787809973442049 
422 379 0.7749684274071119 
423 384 0.7498658330232759 
423 339 0.5794019784056704 
424 360 0.13088208583720595 
424 292 0.6808688088588047 
424 402 0.53531985806488 
424 355 0.6920999986856935 
424 377 0.46886725766516524 
424 441 0.4367163945950542 
425 337 0.46989882522810034 
426 321 0.3810641071556575 
427 314 0.3394171914034687 
427 399 0.23397673289183396 
428 378 0.3908054988688735 
429 397 0.32858635431766825 
429 448 0.3179722553269292 
429 455 0.09385223050526059 
430 412 0.5686951853496585 
430 309 0.0805240448509249 
431 345 0.06635835336780582 
432 365 0.9386579127238835 
432 315 0.8798650814766407 
433 379 0.9224722841423323 
434 285 0.6164859562319525 
435 345 0.8632983233908406 
435 279 0.5664288195380772 
435 356 0.7168359442906509 
435 436 0.5020099146505443 
436 403 0.3523535549394946 
436 359 0.7719144067008803 
436 356 0.4796405450722707 
436 435 0.3076414019483884 
436 437 0.2968865465092607 
437 380 0.22803623357077385 
437 436 0.322839503699338 
437 391 0.702180493318329 
438 313 0.9415893922036137 
438 312 0.9832961519791622 
438 346 0.40535642481234113 
439 337 0.27846643443881014 
439 425 0.7730938937314026 
440 391 0.28525350804558836 
440 350 0.05034920341324045 
441 424 0.021738083770533212 
442 362 0.3380005516964638 
442 376 0.742667714402213 
443 368 0.30548898044376627 
443 346 0.31565451685225265 
443 313 0.37161160193273834 
444 331 0.9008516870286851 
445 297 0.427871766436831 
445 265 0.02203201029425339 
446 330 0.7325416148174064 
446 311 0.9374322142721547 
447 299 0.27728872216542877 
448 429 0.02623579480468441 
448 397 0.6718105844221113 
449 270 0.15212664297992962 
450 266 0.12069368694775406 
451 410 0.9051390944587141 
451 289 0.36041665686911795 
452 370 0.05804964270672586 
453 344 0.956320677908525 
454 280 0.7262404878896863 
455 397 0.6619392355120948 
455 429 0.16304713857395448 
455 448 0.8056847914719144 
456 408 0.5264678475580573 
456 325 0.15834820768853874 
457 287 0.2502733515089346 
457 322 0.990874562052127 
457 370 0.7257409870428292 
457 449 0.29789836912621337 
458 294 0.0006665636399207919 
458 300 0.49964009327686043 
459 361 0.1461181903087856 
459 415 0.6560828686845089 
460 363 0.37893626880617104 
460 271 0.6835879155044946 
460 420 0.1872779667964113 
460 304 0.7580381804535644 
460 274 0.5586700490870599 
461 271 0.5629774313125001 
461 59 0.03824008409748303 
461 292 0.9236795433161021 
461 309 0.45034887329331497 
461 224 0.14554686132642125 
461 462 0.9865178473891937 
462 461 0.8931367390721313 
462 463 0.17239194303484362 
463 462 0.674989325804107 
464 267 0.8923162008769293 
464 118 0.6475317076645273 
464 29 0.5368428221310773 
464 129 0.02283253749587566 
464 235 0.40644374370332925 
464 465 0.1674621775404419 
464 466 0.6785426303497873 
464 467 0.11893400185123681 
464 468 0.08060157675663848 
465 464 0.9705747233020423 
465 469 0.312935596876577 
466 464 0.8952966378701739 
466 472 0.26257215853176086 
467 464 0.8866818168769194 
467 466 0.5735948471153621 
468 464 0.20479114112885322 
468 470 0.03588309111359367 
468 472 0.7680368780361165 
468 475 0.7479141231701096 
469 465 0.5671564442543549 
470 468 0.34926411978330896 
470 471 0.6791730322228027 
470 472 0.36504994924070044 
470 475 0.5860127736781274 
471 470 0.498844125585441 
471 473 0.30141777263087066 
472 470 0.08993829580360135 
472 468 0.11265494302174384 
472 466 0.8268511315520223 
472 474 0.8753294045551423 
472 475 0.1596127567848845 
473 471 0.6412216450421708 
474 472 0.3564307106289262 
474 476 0.527307361728647 
474 477 0.13253353383899813 
474 478 0.5643641245997545 
475 470 0.17572292515788424 
475 468 0.25911157966584497 
475 472 0.48529374910942935 
476 474 0.8814350894569324 
477 474 0.38504179416494977 
478 474 0.16236206294735922 
479 60 0.6570202980661092 
479 159 0.41019416193391744 
479 472 0.36206731695796734 
479 90 0.17185526462581835 
479 20 0.9923818420791554 
479 480 0.15520338077636398 
480 479 0.3020080815896071 
481 33 0.70115958191597 
481 12 0.3252815367703533 
481 20 0.4389937582055572 
481 383 0.8006643503528853 
481 24 0.015463994471783704 
481 482 0.7318764843488335 
481 488 0.03190643813344196 
482 481 0.561360396517651 
482 483 0.5203761266124081 
482 490 0.184251372253876 
483 482 0.38523780631453775 
483 484 0.33786715773035414 
483 486 0.20324164083478546 
483 488 0.947247531027496 
483 489 0.6303622739878532 
484 483 0.7016753326500688 
484 485 0.20520878393928654 
485 484 0.6632141469797431 
486 483 0.3668144640179307 
486 487 0.7188724338255995 
486 488 0.788793546546488 
487 486 0.22901589780303855 
487 488 0.05428519630998874 
488 486 0.7802471852668991 
488 483 0.8240493716553807 
488 487 0.36939590495122887 
488 481 0.0669417511557091 
489 483 0.07656095689683495 
489 484 0.678435381852006 
490 489 0.14343198073527663 
490 482 0.11985898896868064 
491 487 0.17841574978118147 
491 486 0.6038902045976504 
492 33 0.4547172318099365 
492 361 0.8675812210884509 
492 221 0.16051640149909707 
492 20 0.6852601647521116 
492 71 0.6221838454020683 
492 493 0.3673722820824068 
492 494 0.4768422313431202 
492 499 0.13249881406754183 
493 492 0.6828104708709961 
493 495 0.01718111745403439 
494 492 0.2889372026645599 
494 496 0.39063737492491124 
495 493 0.09867563042846705 
496 494 0.5138522914292986 
496 497 0.8240741573744788 
496 498 0.18977077113283503 
497 496 0.7354176120053337 
497 494 0.7751719678968194 
497 498 0.9682262605690735 
498 496 0.2700250850169802 
498 497 0.5407741628629308 
499 492 0.8787583615509051 
