500
0 1 0.6547543564909096 
0 2 0.18827978695023173 
0 3 0.8892418631528545 
1 0 0.38832778268717283 
1 3 0.8472756392200114 
1 12 0.8368170819107229 
2 0 0.6111839925107584 
3 0 0.15722739340490965 
3 1 0.8492131933223827 
3 4 0.8328685259738728 
3 5 0.9654603286339832 
3 479 0.043407133131418196 
4 3 0.347419105836714 
4 5 0.4278461191801125 
5 0 0.8029909810717484 
5 3 0.541087743126788 
5 4 0.45455237409436144 
5 6 0.9658479016428054 
5 7 0.1941789127989293 
5 8 0.451660377173021 
6 5 0.20576631496766407 
6 9 0.3277854763443383 
6 11 0.019340541432465552 
6 12 0.7220741515810436 
7 5 0.5000638117800961 
8 5 0.4178432286445597 
9 6 0.31989266696861274 
9 11 0.015012235284944886 
9 12 0.18775458795724553 
10 7 0.10384177742496914 
11 6 0.2119568043777964 
11 9 0.9573529995359645 
11 238 0.3295896908748589 
12 6 0.07905175868555381 
12 0 0.5178545045822379 
12 9 0.9514888456890995 
12 1 0.6435239420519292 
12 13 0.1932450951939083 
12 14 0.5087064504232571 
12 15 0.08694964649318049 
12 16 0.1375507325987555 
12 27 0.7860042301293453 
12 33 0.385381208350982 
12 45 0.43815211761831985 
12 71 0.021560102861998054 
12 75 0.8893961525666091 
12 104 0.34153814927758275 
12 145 0.6901486420990514 
12 195 0.1666341711013638 
12 211 0.868741905888217 
12 214 0.14828332181153525 
13 12 0.8650097898469278 
13 21 0.36443404565380355 
13 28 0.25025211515117174 
13 115 0.6090193676989342 
13 119 0.06716452344204682 
13 171 0.5032041128114972 
14 12 0.12477686492482387 
14 17 0.5197715093767455 
14 31 0.3562047644925972 
14 45 0.14998610170643933 
14 83 0.11382735096036545 
14 100 0.8586820860843343 
15 12 0.03494032374781453 
15 13 0.3121696673503832 
15 17 0.9236541951593168 
15 18 0.3431750135199303 
15 19 0.644612201650435 
15 22 0.9223361964567457 
15 26 0.513500663066533 
15 42 0.8449053174385959 
15 209 0.04946428252868573 
16 12 0.2580101352177019 
16 145 0.18794501111444506 
16 166 0.3042856077539817 
16 195 0.3623485862949033 
17 15 0.9152392387843618 
17 14 0.6375993778517236 
17 25 0.24160199252169612 
17 129 0.5332051434606534 
18 15 0.21164600602270622 
18 21 0.01569934851306387 
18 32 0.7546689833920799 
18 39 0.3267578936054043 
18 63 0.32337375727187245 
18 65 0.18140926506764 
18 90 0.3119241902701462 
18 95 0.8221687275357394 
18 106 0.2613802653545305 
18 156 0.8642091683920563 
18 184 0.9337094040160012 
19 15 0.5392234699590659 
19 20 0.2436973941881565 
19 23 0.660228426038617 
19 105 0.9028176470977015 
19 113 0.2733439255728465 
19 126 0.4248870298300865 
19 461 0.22334182660535884 
20 17 0.5507821019539525 
20 19 0.31258131727276883 
20 24 0.22617713068822465 
20 218 0.7914635387154932 
21 13 0.254874737275524 
21 18 0.3818051594863855 
21 23 0.5080187726692655 
21 29 0.9904614824370198 
21 32 0.32732265333314947 
21 38 0.5502993808489405 
21 48 0.7551841752054477 
21 68 0.8983045656983155 
21 78 0.5588112584166303 
21 96 0.09484200746192595 
21 106 0.10464118074064599 
21 140 0.7265616374504109 
21 183 0.8037586485260599 
21 210 0.7166558529978448 
21 212 0.21312956632442004 
22 15 0.2552255266585368 
22 40 0.6172462787954476 
22 52 0.5068615410535862 
22 77 0.12875053965028482 
22 88 0.7636214384073288 
22 127 0.2940902644800524 
22 175 0.8862785983526325 
22 182 0.3210903581711779 
23 19 0.9277203424026879 
23 21 0.762485355769202 
23 13 0.1978830899194498 
23 36 0.2925788056088112 
23 67 0.2979159610710779 
23 102 0.12072441216317764 
23 110 0.27721482964636635 
23 147 0.35357601659836935 
24 20 0.8486427977543652 
24 41 0.285268036801659 
24 90 0.526902888622439 
24 126 0.5674710599194281 
25 17 0.32897317603117415 
25 129 0.4400260421685024 
26 15 0.650408384740307 
26 42 0.5029387690964305 
26 56 0.6667921973726617 
26 73 0.12439793998289661 
26 101 0.8634321773618836 
26 134 0.2743743667621177 
26 209 0.28627272724933883 
27 12 0.4002793408224943 
27 33 0.29677386846261544 
27 35 0.30682429767762365 
27 89 0.11296752082983008 
27 117 0.500392880632594 
27 152 0.2117742582827704 
27 176 0.6288467907910711 
28 13 0.562574327074908 
28 29 0.42470183391162986 
28 30 0.6609475646868967 
29 28 0.7393593645681578 
29 21 0.1406173253350379 
29 43 0.323232181493994 
29 53 0.18326084373734042 
29 54 0.05436887048027306 
29 55 0.47496450342153806 
29 161 0.7631315309806506 
30 28 0.7221856118781979 
30 221 0.34600032004935355 
31 14 0.539072677210853 
31 58 0.03414432747314533 
31 60 0.47604111671118776 
31 108 0.7631754290988382 
31 218 0.26793029670020263 
32 21 0.8463552672294639 
32 22 0.15562584990361517 
32 18 0.8694100660070679 
32 35 0.14010340159720458 
32 49 0.20818104491205813 
32 64 0.07049815899547063 
32 72 0.7796015196919697 
32 142 0.020367152287529278 
32 162 0.007811617617464628 
32 191 0.06905353479046539 
33 27 0.7322105347806448 
33 12 0.9932431213316969 
33 44 0.7782791162279659 
33 125 0.7307992414465767 
33 170 0.907481403614425 
34 32 0.5670478908101505 
34 37 0.07278646003523581 
34 47 0.6046755592034752 
34 93 0.9476532554195388 
34 115 0.0772030350379257 
34 197 0.26486011281640776 
35 27 0.05722494548282964 
35 32 0.40649747630454547 
35 64 0.43596986059047405 
35 136 0.23579791043594522 
35 185 0.05967791073529782 
35 205 0.2950512460877881 
36 23 0.4920168492217264 
36 122 0.8222932967419496 
36 200 0.04118173360217914 
36 238 0.819450061246045 
37 34 0.22120320893661527 
37 139 0.6609756495060304 
38 21 0.38349447364350997 
38 61 0.8240788993518621 
38 173 0.05204540603181518 
38 190 0.3691683942723887 
39 18 0.13553851910641856 
40 22 0.4817041655626505 
40 52 0.7053789799850788 
40 77 0.17497331501837765 
40 87 0.8735620474720145 
40 88 0.06603832644223939 
40 175 0.9899364547344609 
40 182 0.20955438466664367 
40 479 0.6472256965104923 
40 481 0.234702309755635 
41 24 0.4834815290174336 
41 74 0.28635783159198636 
41 90 0.4065113495869306 
41 126 0.020115171415404975 
42 15 0.4332493422215712 
42 26 0.9100453622946372 
42 101 0.13529499950864277 
43 29 0.026788354938933945 
43 46 0.6675044298757666 
43 86 0.4531113346710859 
43 172 0.47982864821017357 
43 202 0.49290141182540215 
43 261 0.4138774567708552 
44 33 0.41263827947426945 
44 57 0.7168558382971049 
44 69 0.5742531518703412 
44 111 0.5480671677598422 
44 185 0.9036590364267684 
45 14 0.6851374422925802 
45 12 0.052345998718747344 
45 59 0.9608500765368689 
45 71 0.819226106531821 
45 139 0.3919355363345699 
45 157 0.6694430954950762 
46 43 0.056480726085362254 
46 50 0.6446083062637065 
46 94 0.8962965591833575 
46 163 0.5731870100556622 
46 223 0.5988231061869105 
47 18 0.264345630476885 
47 36 0.614174934393529 
47 34 0.3568803856062621 
47 76 0.8107267211007639 
47 84 0.6656527176402968 
47 155 0.4356935743655873 
47 168 0.59669900850752 
48 21 0.9016164921930901 
48 81 0.055696392157185026 
48 120 0.33660457555018564 
48 130 0.21331277204060672 
49 32 0.13049613709664432 
49 88 0.43033443467074517 
50 46 0.12959409615744577 
50 94 0.12971271514425797 
51 46 0.41645303940191714 
52 22 0.35103104875017166 
52 40 0.5119684947118656 
52 77 0.4742174652419092 
52 127 0.004245615659855817 
53 48 0.5902853515683949 
53 51 0.6618544585780368 
53 29 0.9764235936618996 
53 43 0.21786245711148233 
53 123 0.7446676591763977 
53 199 0.5121713988775642 
54 29 0.34441795481140625 
54 53 0.9813403657054388 
54 50 0.12142748240522783 
54 62 0.007270137583565983 
54 99 0.5107097590398155 
55 43 0.7201973473466267 
55 29 0.3791385876736352 
55 167 0.9450615281464514 
56 26 0.7260572244840852 
56 15 0.265850248857586 
56 42 0.5990771627163931 
56 101 0.22910382881862468 
56 134 0.5576985171136477 
57 33 0.9172861109593341 
57 44 0.44293862699609676 
57 69 0.5937359060850518 
57 111 0.7490846053687433 
58 31 0.2761786614412324 
59 45 0.30698428499451846 
59 71 0.8622520535559896 
59 157 0.23537100243455067 
60 57 0.658987157703627 
60 24 0.9292556114940793 
60 31 0.3672945242499639 
60 70 0.8407609657277753 
60 74 0.5310439271217985 
60 108 0.7906060312453123 
60 114 0.9446288162600406 
60 170 0.8937742804518448 
61 38 0.7884283409367304 
61 73 0.515001486436542 
61 107 0.48551323788623235 
61 118 0.7002047644296907 
61 178 0.6748444309407311 
62 46 0.6371414845761508 
62 54 0.8594821492184529 
62 66 0.9556234768598693 
62 80 0.07302417059062094 
62 143 0.89490617461408 
62 220 0.7357492800166339 
63 18 0.7889971064131942 
63 65 0.7074471379098843 
63 95 0.9890790248660989 
63 479 0.645865711740382 
64 32 0.640668601630727 
64 49 0.8124564167605642 
64 35 0.7051137663086766 
64 95 0.24033644446099411 
65 18 0.6020625374527738 
65 63 0.9837701365822075 
65 106 0.7485568225141446 
65 156 0.9358442563739705 
65 256 0.1656606685288715 
66 62 0.816317626176153 
66 223 0.577373147594753 
67 23 0.7900755512364729 
67 47 0.39633521394547366 
67 19 0.19974615484873803 
67 102 0.47294019211561866 
67 188 0.2830064274515871 
68 21 0.3103858048636323 
68 97 0.5762413257949835 
68 109 0.020421443497248393 
68 140 0.3834300488895589 
68 210 0.4963269159577923 
69 57 0.054315487852962696 
69 37 0.6125303784262925 
69 44 0.10924219927553502 
70 60 0.5917057565988953 
71 45 0.31871406963926374 
71 12 0.3909616808137987 
71 59 0.9295047596163334 
72 32 0.4157273050408069 
72 49 0.5414461426042829 
73 26 0.5868904568889973 
73 42 0.3030155821397119 
73 61 0.04986722004450661 
73 56 0.09343221914224553 
73 92 0.2694262446960256 
73 128 0.2281316654612836 
73 138 0.4264478336343872 
74 41 0.45222221390407635 
74 60 0.24600170680535394 
74 24 0.6955659240951503 
74 79 0.010367706731891357 
74 181 0.366331180627418 
74 187 0.25637031470287797 
75 12 0.6047431198015768 
75 104 0.23013398692264542 
75 136 0.5119579231501896 
75 166 0.9995026663574531 
76 47 0.8036119236431141 
76 36 0.8330499272573558 
76 82 0.09572631530859355 
76 132 0.41120415293722523 
76 153 0.17231513044884084 
76 203 0.10393446216011992 
76 204 0.19045797531792608 
77 22 0.15548665772857495 
77 52 0.8005608256931827 
77 40 0.6368496534727991 
77 175 0.28917225030173255 
78 21 0.793705487597092 
78 68 0.04047552672933452 
78 96 0.2943465470449175 
78 109 0.7906210066845172 
78 212 0.7566828120700483 
79 74 0.48236789968177907 
79 85 0.033558245346574145 
79 124 0.6457532784600355 
80 66 0.7230278811802836 
80 62 0.42042890069061145 
80 94 0.06740222546366514 
81 48 0.7658902379537463 
82 76 0.20518666278758335 
82 204 0.981931951472763 
83 14 0.12221342684830361 
84 47 0.5684408689951813 
84 36 0.11190745790332224 
84 148 0.3358953858407161 
85 79 0.05732187687102719 
85 124 0.6581426797932747 
85 149 0.41535939406541567 
86 43 0.7466204456851447 
86 112 0.7948122532631607 
86 167 0.8108684039221269 
87 22 0.5244277711958947 
87 77 0.07041977646735098 
87 40 0.3964281880520627 
87 88 0.3232777599720893 
87 127 0.865458786219054 
88 40 0.6530788944976491 
88 22 0.7555274784234444 
88 49 0.71553207501024 
88 87 0.21740477991831408 
88 131 0.10712007547747993 
88 135 0.1860347525698961 
89 27 0.41163533180717815 
89 176 0.3707235657749107 
90 18 0.1990343878003875 
90 41 0.05134075922519532 
90 24 0.7444561031864974 
90 116 0.06880000524268315 
91 69 0.36693598293585206 
92 73 0.5645030550121559 
92 128 0.5684536857868345 
92 138 0.8017658888348517 
93 47 0.4386013148343417 
93 34 0.72202000206206 
94 50 0.2503349704089237 
94 46 0.5955948555509107 
94 80 0.5117633643123076 
94 98 0.8712221525708237 
94 159 0.010848115287047433 
95 65 0.8420688425102836 
95 63 0.13918823929555058 
95 18 0.19389444215097285 
95 64 0.49408597115047537 
95 97 0.353215470097745 
95 208 0.04005911153151709 
95 219 0.4556556014224834 
96 78 0.9460139026146837 
96 21 0.9486946677439502 
96 109 0.05034513094711035 
97 95 0.404891142498804 
97 68 0.42043626575197723 
97 158 0.39665837893066613 
97 183 0.204156360304512 
97 196 0.2854246805043089 
98 94 0.5137658243975118 
98 189 0.2390976069318047 
98 223 0.24841268381052883 
99 54 0.6168500152346129 
99 103 0.14374534876373368 
99 121 0.08372675476847002 
99 206 0.24570112388785093 
100 14 0.6158006670187868 
101 42 0.1197689269208847 
101 26 0.3228597236647103 
101 56 0.12670771361618627 
101 151 0.7907508637655496 
102 67 0.1320907348592102 
102 23 0.9071449394009793 
102 153 0.8811077356946184 
103 99 0.3706865176522902 
104 12 0.9004996238432879 
104 75 0.3714555137071317 
104 211 0.4843386332912917 
105 19 0.33067642619182547 
105 144 0.8476938519871077 
106 21 0.7994902610805785 
106 18 0.9517860561853866 
106 65 0.5280861764635967 
106 63 0.23708385694666756 
106 154 0.43688634993029063 
106 164 0.21164470647824873 
106 186 0.12497211758507676 
107 61 0.17303629454012093 
107 178 0.35307405869100994 
108 60 0.18809767223486373 
108 31 0.5259335524340081 
108 58 0.8323746319428762 
109 68 0.6559517516414051 
109 78 0.05445234249396946 
109 96 0.6513657509436991 
109 21 0.7681825236370644 
109 140 0.5956674069452115 
110 23 0.06568523533639736 
111 44 0.30749695084818374 
111 57 0.3891213083328039 
111 33 0.2122095340404394 
111 125 0.05813250089923694 
111 133 0.5228255063928899 
111 170 0.6207721038629872 
111 185 0.003428854044251195 
112 86 0.5706837931324413 
112 123 0.09934265682086618 
112 137 0.8804561284574508 
113 19 0.15020953055458808 
114 60 0.05261212301944573 
115 34 0.604666665738638 
115 64 0.9304590164321533 
115 13 0.030079364485443794 
115 205 0.22007233208517163 
116 90 0.6739362718511861 
117 27 0.03438897051043277 
118 107 0.9854370749466631 
118 61 0.9466347105378892 
118 29 0.5412108376269466 
118 146 0.9653780884166353 
118 194 0.3632783469653842 
119 13 0.724391887854669 
120 48 0.8603735677122916 
121 99 0.9787194857154264 
121 221 0.02038926358279347 
122 36 0.7088948562218582 
123 112 0.48644673608255584 
123 86 0.6054806754076333 
123 53 0.5587852793085613 
123 130 0.40190384189459627 
123 198 0.18875989394124426 
123 492 0.958143507031065 
124 85 0.5027686837822345 
124 79 0.5382110988975178 
124 48 0.14465745407150454 
124 190 0.5041405246174971 
125 33 0.22092008518413409 
125 111 0.40223301387485655 
125 57 0.8471562168043667 
125 133 0.5046144549309526 
126 19 0.18838055615639127 
126 24 0.3814560644385392 
126 41 0.785481218900925 
126 181 0.5022134207437154 
127 87 0.052442277941613935 
127 52 0.8347924902149692 
127 22 0.8797552619142983 
128 73 0.5729956345464374 
128 92 0.31994234394297194 
128 138 0.17999356513384368 
129 101 0.09747544138288611 
129 47 0.15730847741262244 
129 17 0.8142295562456907 
129 25 0.2991460225482969 
129 141 0.457999723824293 
130 48 0.4438898878915869 
130 120 0.4943299561766794 
130 123 0.0027317991077009385 
130 196 0.30519128365829573 
131 88 0.6981707733282457 
132 76 0.44725942692905585 
132 82 0.35452286114298937 
132 153 0.9387843353904689 
132 203 0.6510848865078229 
132 204 0.5010112698231782 
132 216 0.6021187756416009 
133 33 0.17925515749134124 
133 111 0.819311419926418 
133 44 0.2313090587264568 
133 125 0.8088890899505825 
134 26 0.9972812792522594 
134 56 0.6296599516418417 
135 88 0.294625428810647 
136 35 0.5463055540919086 
136 75 0.520365346769849 
136 88 0.11587445722266143 
136 150 0.20019950891141858 
137 86 0.9713190188517729 
137 112 0.08387059297495603 
137 167 0.03392954458768749 
138 92 0.017993559781283697 
138 73 0.1528300835501898 
138 128 0.5260789470516302 
139 37 0.6172652608053091 
139 84 0.07794073599874018 
139 45 0.17547338478324292 
140 21 0.7150865745583384 
140 109 0.47295396795353084 
140 68 0.9474858473784598 
141 129 0.7969757902597967 
141 193 0.8384507374029043 
142 32 0.14519292382180882 
142 49 0.35868729737345606 
143 80 0.36134916659369587 
143 62 0.8340971395618996 
143 54 0.5687818097507776 
144 105 0.174651144502885 
145 16 0.7051020501526075 
145 12 0.8195400098112855 
145 104 0.6128052434471707 
145 180 0.15976644269049234 
146 118 0.4670157959418584 
147 23 0.47420740088589286 
147 110 0.5654646586022752 
148 84 0.11767818196884205 
148 461 0.07425160092943484 
149 85 0.9365322453069397 
150 136 0.3973092338016183 
151 101 0.16433797409640705 
152 27 0.06339371144737616 
153 76 0.19147970065055353 
153 102 0.2900662231766611 
153 132 0.36682370404812537 
153 160 0.6941408103038432 
154 106 0.6475714501415318 
154 174 0.717746443039885 
154 177 0.18651297121091126 
154 186 0.1591404860993102 
155 47 0.6043770672989016 
156 18 0.19018735901918038 
156 65 0.6967776904033753 
157 45 0.9214148994445667 
157 59 0.14799607944666726 
158 97 0.8061469694401971 
159 94 0.18286509822624386 
160 153 0.05049145715223902 
161 29 0.8350128191152875 
162 72 0.667677109744135 
162 32 0.4258310768425112 
162 191 0.640144309565819 
163 46 0.3662968895257068 
164 154 0.8466621608920163 
164 106 0.5618289359619998 
164 186 0.41851500729175883 
165 67 0.37212567358146176 
165 129 0.4636135092475093 
165 47 0.5084791876846444 
165 42 0.49952477177451293 
165 179 0.6246343299259385 
166 16 0.5344666638919865 
166 75 0.5265903534383871 
167 137 0.4287923717390012 
167 86 0.8397412215749035 
167 55 0.41574661028766524 
167 169 0.7457342136286874 
167 206 0.9397461835087542 
168 47 0.016338284241228518 
168 193 0.4112768323803593 
169 167 0.38678795134020394 
170 33 0.685961416887746 
170 111 0.9590557214308325 
170 60 0.7837935087947464 
170 57 0.18940800998327978 
171 13 0.16003320028380819 
171 28 0.48275727386663636 
172 43 0.4145594951461411 
173 38 0.6090155285078245 
174 154 0.816085175400541 
174 18 0.04515817668227329 
174 73 0.49003986137454014 
174 106 0.24840306194358241 
174 76 0.35610573698262404 
174 481 0.13381433047604852 
175 77 0.8225283735190019 
175 40 0.684733412745997 
175 22 0.3123586439390055 
176 89 0.027465960779705534 
176 27 0.9576528677332876 
177 154 0.899506487943286 
177 106 0.18342839557028323 
178 61 0.8661122175478002 
178 107 0.1930211070975476 
179 165 0.7150987613001427 
180 145 0.2716046396699213 
181 74 0.02562403739376129 
181 126 0.3057795643061604 
181 79 0.3593019167979663 
182 40 0.2925144110900806 
182 22 0.715707010577417 
182 256 0.9371658603508489 
183 68 0.663575607515311 
183 97 0.9549708067439743 
183 21 0.7237777696430429 
184 18 0.25955884638985294 
184 63 0.41524103374379706 
185 111 0.044253144879086825 
185 44 0.4062813955342358 
185 33 0.7007509876762099 
185 35 0.10896347086346536 
186 154 0.5618112933558681 
186 164 0.7677180634011147 
186 106 0.7829478842828258 
187 74 0.21773298224411075 
188 67 0.30970886255715946 
189 98 0.35224281583188033 
189 261 0.8704398384174203 
190 124 0.8070509751765915 
190 38 0.22907975099685762 
190 105 0.0062862624192649985 
191 162 0.6474844704247145 
191 32 0.5252929951939528 
192 130 0.5502615678739379 
193 168 0.4798416208407822 
193 47 0.8888156191556384 
193 139 0.6540186979513265 
193 141 0.14456459567471058 
194 118 0.6708457662906708 
194 146 0.29066941173496863 
195 12 0.9346926458125981 
195 16 0.4065104147596239 
196 97 0.41286690405636317 
196 130 0.08314463130141925 
196 201 0.9227310062292929 
196 207 0.682478093765482 
196 222 0.8620641053712264 
197 34 0.14642327570681313 
198 123 0.5190456414929538 
199 53 0.25971420846819904 
200 36 0.5127702976494867 
200 23 0.3939129964791479 
200 30 0.616584771022475 
200 122 0.1447455631693466 
201 196 0.6682508523655245 
202 43 0.07671569414746693 
203 76 0.7438930006186351 
203 132 0.32933373517792863 
203 204 0.16780949813597512 
204 82 0.6267125520100248 
204 203 0.2119084964132355 
204 76 0.37169974407487516 
204 132 0.9106920476871609 
205 115 0.9294426105468272 
205 35 0.6051512539961633 
206 99 0.6692283393415993 
206 167 0.4108009879813854 
206 213 0.6979922723650535 
207 196 0.2809032970961315 
207 201 0.8455540334763579 
208 95 0.8133158916989869 
208 219 0.2074205393060191 
209 134 0.6737039123091876 
209 26 0.8601295477385621 
209 15 0.8236092845051531 
209 56 0.026164959586845837 
210 68 0.938492210210332 
210 21 0.9785904200960062 
210 96 0.2761275164728856 
210 215 0.5560136966332943 
210 217 0.954229962341089 
211 12 0.5883488289657911 
211 104 0.3146462756183648 
211 75 0.08104251029305787 
212 138 0.6095177971358728 
212 78 0.366709440950879 
212 68 0.9885394430068948 
212 21 0.19368724695984996 
212 22 0.2970138150115196 
213 206 0.9494135738065282 
214 12 0.28206282730401866 
214 16 0.68279820499384 
214 211 0.7634939789423917 
214 104 0.7480780973834223 
215 78 0.1301249630899658 
215 68 0.9490055374379793 
215 96 0.27317045457402944 
215 210 0.03358651425209824 
215 109 0.4078993906073134 
216 76 0.7984508094622613 
216 204 0.018361953543205023 
216 132 0.9096419104650842 
217 68 0.5637521392376241 
217 210 0.6512757911527818 
217 21 0.7634595217357054 
218 77 0.6675618821141609 
218 20 0.5000642744609172 
218 134 0.40912565718067084 
218 31 0.4503873727281059 
219 208 0.7992005654563635 
219 95 0.522762342285678 
220 80 0.1824502811964499 
220 66 0.43578010439756965 
220 62 0.7262571863002123 
221 30 0.34390255024007843 
221 121 0.4946675596355451 
222 207 0.9612210006398494 
222 196 0.6178280480948948 
222 201 0.9850738781772391 
223 62 0.6430681475482878 
223 46 0.831976355811415 
223 66 0.6569125904940978 
223 98 0.21310141233949387 
223 224 0.27510129836722175 
223 231 0.13399478524967445 
224 223 0.5068374581127889 
224 225 0.8078010002598259 
224 232 0.8846881381472192 
224 233 0.8029543932192328 
225 224 0.6029012446252239 
225 226 0.583613961815657 
225 227 0.9972095996256566 
225 228 0.46525277535606924 
225 234 0.8284253217017974 
226 225 0.28980864867776523 
226 229 0.36706052408450296 
226 234 0.791009004273216 
227 225 0.3105589225379771 
227 237 0.27192906498801706 
228 225 0.6621320050136619 
228 233 0.8708883195747361 
229 226 0.8798837623361667 
229 230 0.797952091759416 
230 229 0.06279494098480587 
231 223 0.761732901340401 
231 236 0.39522062527966495 
232 224 0.6370293477540848 
232 226 0.277226306081809 
232 233 0.052299252062772306 
233 224 0.9492874319961122 
233 228 0.6349916211176142 
233 232 0.5064070605238044 
234 225 0.9273687019386786 
234 226 0.013992383112048756 
234 235 0.39806513207900396 
235 234 0.16940168470922434 
236 231 0.3436183578179608 
236 223 0.5377909866411815 
237 227 0.6860559781602728 
238 132 0.6675692502993448 
238 36 0.22750600442260083 
238 11 0.18043888298793487 
238 18 0.21503502967099608 
238 239 0.10613251401127943 
238 241 0.5340626185675068 
238 243 0.6687970493208915 
238 246 0.20183163945986482 
238 247 0.8811336655804004 
239 238 0.0717745959660745 
239 240 0.477974081808739 
239 253 0.2627176132304607 
240 239 0.6301607766191358 
240 242 0.6578221149497374 
240 244 0.7515400781082429 
241 238 0.009978423733802977 
241 240 0.13767935056259206 
241 249 0.06832608985718469 
241 254 0.6829574957278038 
242 240 0.20260081668878127 
242 245 0.5205899086971624 
243 238 0.1339463493718165 
243 250 0.23151219544274193 
244 240 0.6588325571577142 
245 242 0.5307388870166038 
246 238 0.7832451169505276 
246 248 0.32445446697074454 
246 252 0.6825164484813855 
246 255 0.6644051062267448 
247 238 0.7112808390007579 
247 251 0.6859673406550029 
248 246 0.32412155871504467 
248 250 0.5434553325404495 
248 464 0.11840994870311361 
249 241 0.40278078772955606 
249 246 0.682199664101001 
250 248 0.794513762517825 
250 243 0.6875577527039664 
250 246 0.9072791440207323 
251 247 0.6498362446286635 
252 246 0.25317484999410633 
253 239 0.6732517010722738 
254 241 0.6868572544184672 
255 246 0.4376333401771825 
255 248 0.26338833792002814 
256 182 0.0689187149467616 
256 65 0.09794831010160931 
256 76 0.5082784981802441 
256 32 0.39349807530060976 
256 257 0.26500743536521776 
256 259 0.13248326754260598 
257 256 0.5684803059618766 
257 258 0.46718587032981995 
257 260 0.9387541090512123 
258 257 0.8152198595568364 
259 256 0.4826312007442476 
260 257 0.5423225074259239 
261 66 0.18372632111475795 
261 43 0.31484043459868827 
261 62 0.38099078689640453 
261 189 0.06133358327005889 
261 262 0.1355025903500855 
262 261 0.03695100839465304 
263 67 0.21766968735674108 
263 247 0.957525286260384 
263 124 0.38462083050911855 
263 19 0.7220453047461576 
263 153 0.9727236825044586 
263 267 0.9354953144950137 
263 271 0.18301786715940616 
263 273 0.21024723520909994 
263 281 0.5323519014407418 
263 317 0.5361173511758959 
263 366 0.4481466454370553 
263 378 0.39888321744889454 
263 418 0.92659773208801 
263 430 0.8312882797754726 
264 263 0.12463979637576372 
264 265 0.8007753717314324 
264 266 0.795021543961577 
264 278 0.5441270273744048 
264 300 0.4900795818692565 
265 264 0.6820771441005637 
265 321 0.11270695915200013 
265 393 0.7609506637965441 
265 449 0.9323864583735207 
266 264 0.8323456301489357 
266 276 0.1626710930368691 
266 294 0.8649759084908739 
266 393 0.988685860323563 
266 413 0.9289599014721132 
266 438 0.40450081389978854 
267 263 0.07195063706098359 
267 268 0.45971512531316616 
267 269 0.44583827680205956 
267 270 0.9954545300146632 
267 274 0.1886459439437156 
267 275 0.5090314481530084 
267 292 0.2639721811349557 
267 301 0.9918749078816451 
267 303 0.3888814491844669 
267 307 0.1968999449731984 
267 318 0.8187221349330014 
267 348 0.5103580046727989 
267 406 0.05005072662579202 
267 443 0.8229055980403015 
268 267 0.6159335096335758 
268 272 0.16480426283701843 
268 275 0.5356047447051655 
268 286 0.8823872942737381 
268 287 0.8883336901738665 
268 291 0.9813920198508487 
268 293 0.2535167529945094 
268 302 0.06424845790579015 
268 330 0.9524866724939828 
268 402 0.27087726170124204 
268 481 0.36125323182389635 
269 267 0.665896722590274 
269 375 0.4098961231322693 
270 267 0.8700200521328788 
270 279 0.31876988901634007 
270 295 0.13060475907811897 
270 298 0.5736019343029531 
270 347 0.6515338745135805 
270 360 0.2273255578397143 
271 263 0.7813189123517119 
272 268 0.624776741637403 
272 280 0.9555775693767369 
273 263 0.39079270442734615 
273 277 0.018134491148731002 
273 282 0.7191989560150424 
273 299 0.8202421260112903 
273 338 0.0679894162562441 
274 267 0.694213861309608 
274 283 0.8497734224964402 
274 301 0.1326054297854966 
274 306 0.8167023806322815 
274 308 0.47464147460128414 
274 329 0.7415352599960456 
274 368 0.6808647236765536 
274 389 0.297252806635247 
274 390 0.9552593907066815 
274 412 0.6295472866398967 
274 464 0.8046606549706183 
275 267 0.6458726704066589 
275 268 0.6211699811454869 
275 287 0.4796809107815966 
275 291 0.575826530516881 
275 363 0.16639820185123844 
275 452 0.06702715350825661 
276 266 0.9141242394665032 
276 289 0.1501809702239425 
277 270 0.0949568574107903 
277 273 0.0809316801457185 
277 377 0.8980471409740927 
278 264 0.26940373611412605 
278 300 0.5645887393219157 
279 270 0.8668717732783403 
279 296 0.7466032372104144 
279 303 0.8827379632574652 
279 373 0.8796468661816338 
280 272 0.21337413153868368 
280 269 0.8976158944376713 
280 284 0.6286977917455966 
280 285 0.7342696265840725 
280 310 0.28373400678728655 
280 386 0.1334913067789808 
280 445 0.4237155265742474 
280 456 0.9958654487114509 
281 263 0.9011519895418195 
281 273 0.5121817883380623 
281 271 0.5102420839149958 
281 289 0.40524901497376975 
281 314 0.3847533551537524 
282 273 0.13405798285398696 
282 277 0.36553340690951797 
282 299 0.6641338660724937 
282 305 0.4779610610776919 
282 339 0.2078677687387236 
282 342 0.48526593612127755 
282 379 0.6435559721705235 
283 271 0.08456764522995397 
283 267 0.7009366807421764 
283 275 0.9454311227939795 
283 274 0.10629724975165511 
283 263 0.06224349114868932 
283 288 0.037965621614403866 
283 302 0.8110059457404545 
283 319 0.21323476292933596 
283 354 0.811241493081457 
283 355 0.02106264485316567 
283 371 0.9994615125563858 
283 388 0.22538893049239583 
283 447 0.7253011047972424 
284 280 0.7387744006730068 
284 285 0.18102272651947993 
284 310 0.4513901223112372 
284 445 0.6545894947364903 
284 456 0.003991470260526819 
285 280 0.1177268549560071 
285 284 0.9066066946029827 
285 286 0.5104957773237386 
285 334 0.6570642991763206 
285 337 0.4010648812978945 
285 357 0.6254914069378081 
285 410 0.3958974898560458 
285 422 0.27533803913515464 
285 428 0.6804488866509728 
285 456 0.4113627790530945 
286 268 0.7222465986765829 
286 285 0.2563294977951758 
286 293 0.572577662767937 
286 325 0.02007122562077901 
286 400 0.9599733901983263 
286 455 0.9605259607621703 
287 275 0.4210981119342496 
287 268 0.4718481850834335 
287 328 0.34490457871057423 
287 339 0.8669894829241783 
287 383 0.4352458174828694 
287 405 0.9149467155638134 
288 283 0.5488385249134984 
288 277 0.8979090980129195 
288 263 0.727659674007907 
288 306 0.7461738809181422 
288 377 0.058520372831008416 
289 276 0.5263582119832162 
289 281 0.8379700542603423 
289 290 0.578618893743663 
289 309 0.12204141342481001 
289 429 0.9826962094709392 
290 289 0.06289042274087486 
290 429 0.22506899369433309 
291 268 0.5542502574814853 
291 275 0.12403435571295296 
291 302 0.4941847808044896 
291 332 0.825676563032938 
291 380 0.9149254331508141 
292 267 0.1794543841272066 
292 297 0.6660365876464215 
292 298 0.20877585619309036 
292 335 0.7934926454513153 
292 347 0.8034444613312878 
292 351 0.0065188366013592125 
292 364 0.7650287341508795 
292 372 0.297617046042435 
292 446 0.1437738350533765 
293 268 0.970910000119386 
293 286 0.6769877118925238 
293 316 0.520924898769278 
293 320 0.8257398817987811 
293 434 0.5418762041822675 
294 266 0.10279064494158108 
294 324 0.9723994439150537 
294 336 0.07481246219359694 
294 457 0.42554975401238637 
295 270 0.5030132101452989 
296 279 0.6847678137110976 
296 313 0.8138453164227528 
296 340 0.15324107826745492 
296 404 0.5064073755280841 
297 292 0.7687129056133076 
297 335 0.12923139986526588 
297 372 0.06023680819822497 
297 396 0.3475850753510862 
298 292 0.32926155793979084 
298 270 0.6060724216612923 
298 303 0.915963415921012 
298 361 0.3382638677191646 
298 365 0.42253952222954494 
299 282 0.7478828448152542 
299 273 0.6311532565946014 
299 291 0.13592679453870726 
299 311 0.22271083905068367 
299 343 0.42992753730040434 
299 359 0.8571657434221922 
299 409 0.3904579579311124 
299 432 0.992703153947529 
300 278 0.7372557333378357 
300 264 0.02158872212719809 
301 267 0.04680527473093987 
301 274 0.6590298525222776 
301 331 0.867360374058861 
301 424 0.5495335872020157 
301 458 0.006681687410149517 
302 268 0.592294123078662 
302 291 0.1940254568385803 
302 283 0.3160809050503497 
302 275 0.04049745448338793 
302 421 0.3990701429588266 
303 298 0.011235771110632786 
303 279 0.6926055479205098 
303 267 0.2814140028717931 
304 281 0.5956285297312954 
305 282 0.46482887048100296 
305 328 0.9252934001747513 
305 342 0.022271970040144362 
305 379 0.604023092944073 
306 274 0.07315266523677755 
306 288 0.650907381833237 
307 267 0.16212559915046898 
307 312 0.8492244160085127 
307 315 0.6388158862779746 
307 327 0.9016592841981647 
307 331 0.40139747154790884 
308 274 0.9683528056432525 
308 329 0.05423611307344922 
308 390 0.40044396060481946 
308 412 0.30954772484554305 
308 464 0.829450622550941 
309 289 0.20107039266990123 
309 290 0.9690753667679387 
309 345 0.1666173462426599 
310 284 0.9330469091122021 
310 280 0.1991453020217947 
310 293 0.06241054282534919 
310 333 0.1447528710494531 
310 353 0.6738609549253021 
311 299 0.5279943566910805 
311 356 0.5788824235905771 
311 369 0.40810390782943295 
311 370 0.019983952105179448 
311 384 0.9220530200889736 
312 307 0.8327001228597406 
312 327 0.8646297441090727 
313 296 0.3476052704326277 
313 340 0.2884233927636677 
313 404 0.0018811197214384512 
314 281 0.923784970203957 
315 307 0.45248287895858297 
316 293 0.16514120407398314 
316 341 0.05415123040673819 
316 398 0.9352516331135428 
316 427 0.9616033202525865 
316 454 0.9419021139138739 
317 263 0.19288778972266063 
317 275 0.706509980012774 
317 299 0.6493610141793694 
317 322 0.9315910803892815 
317 323 0.9920932340533966 
317 326 0.8052152247581533 
317 346 0.42639530115117963 
317 425 0.05591728957638131 
318 267 0.3395216709081269 
318 423 0.33016905815290365 
319 283 0.6882228482137253 
319 387 0.2905167493130516 
319 397 0.8408209704311316 
320 293 0.31507874556313553 
320 399 0.34829364051653044 
320 434 0.40838267262737427 
321 265 0.7107979432710354 
322 317 0.7337191731853986 
322 326 0.5855906461056165 
322 425 0.49847057531763317 
323 317 0.06326548287759903 
323 275 0.3330047462019047 
323 350 0.6601444144894366 
323 363 0.4812863345407399 
323 433 0.7838765968931487 
323 436 0.02438526833046606 
324 294 0.8566487063646778 
324 416 0.7835795604149387 
324 457 0.2315425539730257 
325 286 0.987783800296514 
325 382 0.653901241741335 
325 401 0.4809401198021608 
325 455 0.9646134102934769 
326 317 0.28598987530540265 
326 322 0.7521016416136017 
327 307 0.4614782483409441 
327 312 0.2693896967022349 
328 282 0.03901698113181906 
328 287 0.9911635575395594 
328 317 0.537002149820546 
328 305 0.6373711747559273 
328 440 0.9330763863178083 
329 308 0.7377195489287459 
329 274 0.5677178733413958 
329 347 0.6676549414301585 
329 352 0.1202630998062455 
329 381 0.1283222190769292 
330 268 0.48572311281117286 
330 286 0.8348860309744436 
331 301 0.4571333147112898 
331 327 0.7330707343155985 
331 307 0.5948812373432959 
332 291 0.08761860390869147 
332 339 0.13696762168119703 
333 310 0.38529218615098004 
333 353 0.7983834205798156 
334 285 0.07191647550361324 
334 280 0.9615218232964754 
334 284 0.689799870599339 
334 362 0.22490801363578095 
335 292 0.49206603720890596 
335 297 0.7076218223445194 
335 396 0.00267626537343002 
336 324 0.899484366909507 
336 294 0.28829014584309565 
336 438 0.7374313159923167 
337 285 0.998682143050986 
338 273 0.710775358149936 
338 426 0.7352174982491588 
339 287 0.2631065064378285 
339 332 0.2456540512864811 
339 291 0.36783269612485436 
339 282 0.8913305572972281 
339 349 0.7230846775606964 
339 411 0.7110194228638114 
339 419 0.054220763226855095 
340 313 0.46176300596417064 
340 296 0.43490199671372987 
340 344 0.3063394347109566 
340 376 0.3523315217658538 
340 388 0.803080330967911 
341 316 0.358847352376754 
341 427 0.17739077981401719 
341 451 0.6484367689870106 
342 282 0.6829416703101099 
342 305 0.7337694014914538 
343 299 0.7005586805708373 
343 359 0.4468231553383062 
343 385 0.672062529522348 
343 432 0.6816089371738127 
344 340 0.5469074487723051 
345 309 0.1918181444616167 
346 322 0.14264545107284665 
346 326 0.05064757553733623 
346 317 0.09870643629772513 
346 358 0.027897953982874535 
347 270 0.7006252235037679 
347 292 0.21140566104725855 
347 329 0.7725833402854457 
347 367 0.26141517201469233 
347 431 0.4102621608118291 
348 267 0.19912258337724498 
349 339 0.21397161805663578 
349 411 0.03072164160503854 
349 419 0.6593984715948772 
350 323 0.4756992649563414 
351 292 0.8274587385284938 
351 391 0.7256394101610858 
352 329 0.6901086676402604 
352 374 0.9110661499893636 
352 381 0.8068363731533581 
353 333 0.18585465766136866 
353 310 0.1693260761931208 
353 406 0.47842472176204665 
354 283 0.02834819010382328 
355 283 0.733255192596817 
356 311 0.8652325955451784 
356 369 0.32395024659798977 
356 380 0.2900802472593452 
357 285 0.9629892373473131 
357 401 0.8874664594804254 
357 410 0.02961068852949711 
357 422 0.6348233480110685 
357 428 0.2077321081421878 
358 346 0.6988051059173731 
358 322 0.39945247229375525 
358 317 0.4816632121999589 
359 299 0.14926816475912652 
359 343 0.0020491891587107736 
359 385 0.33237427135753095 
360 270 0.613296965093739 
361 298 0.33765162786628444 
361 270 0.4076837824521784 
362 334 0.575240265671476 
363 275 0.6685292545642514 
363 323 0.07034231457041606 
363 392 0.8255161840575849 
363 442 0.8125772202696194 
363 459 0.5530154372016609 
364 292 0.9326094469806036 
364 297 0.217922080929849 
364 391 0.9890867073004018 
364 446 0.7951590096851454 
365 298 0.31577093699242664 
366 263 0.2497693661484215 
367 347 0.1864555565123156 
367 431 0.4824176000208086 
368 274 0.5052054439682508 
368 439 0.7507687272110363 
369 311 0.8806211611416965 
369 356 0.6700672122945428 
369 370 0.4582759784359115 
369 384 0.7746161959211069 
369 415 0.30235890237705987 
370 311 0.9057539273533404 
370 369 0.8644099676688304 
370 380 0.9034263568487124 
370 384 0.209176182471576 
371 283 0.7646932618508966 
371 365 0.08118181424876503 
372 297 0.21064100401460717 
372 292 0.4180905277304371 
372 446 0.7825148688513021 
373 279 0.05602031702101107 
374 352 0.7456958254750455 
374 368 0.9028712229515963 
374 329 0.7609039890047481 
375 269 0.13093123969644171 
375 344 0.46530262029550684 
375 340 0.434355510040507 
375 275 0.06378911127326647 
375 376 0.29789268531730206 
376 340 0.32738681675366244 
376 344 0.1912309304273585 
376 375 0.9448452162958941 
377 277 0.6056656933505274 
377 288 0.56705728590897 
377 395 0.17218347102494802 
378 273 0.11229034138210436 
378 271 0.8795920272170791 
378 263 0.9637167186869364 
379 305 0.3036368826442182 
379 282 0.847343008827312 
380 370 0.8618897073705636 
380 291 0.09819036747014742 
380 356 0.061246564287570915 
380 407 0.06076911966240506 
380 417 0.2524993259634317 
380 450 0.37961274259361244 
381 329 0.7104931365546328 
381 352 0.021859607209545495 
382 325 0.7857711683031264 
382 286 0.10343110614181172 
382 400 0.6453830668817178 
383 287 0.231016535350831 
384 370 0.43247400215961107 
384 369 0.8231122979341547 
384 311 0.19736504929898002 
385 343 0.5277600211292742 
385 299 0.6845212432612439 
385 359 0.919057484665828 
385 432 0.45366182831358726 
386 280 0.7795556998908545 
386 284 0.33903016726412705 
386 445 0.8542167003774322 
387 319 0.33928399193058567 
387 384 0.660430756718476 
387 403 0.6000792155650595 
388 340 0.8498922348923973 
388 318 0.1771514184570424 
388 283 0.5089530797892204 
389 274 0.1990495618053928 
389 308 0.5929158819566361 
389 412 0.5803430562144637 
390 274 0.6085777641083847 
390 308 0.9342341468030837 
391 335 0.19189337835490494 
391 351 0.9629989936008916 
391 364 0.9932570482968786 
392 363 0.3457568497805684 
392 442 0.7665416341180767 
392 459 0.18824207343521426 
393 266 0.4404672239822759 
393 265 0.05918089381996383 
393 321 0.5756871537436624 
393 448 0.7140909562395304 
394 285 0.14603439779863991 
395 377 0.11195782364417683 
396 335 0.8889774776183089 
396 297 0.1322967393130069 
396 372 0.1129787471603626 
397 319 0.22650743349385039 
398 316 0.25610191281868233 
399 293 0.19430814683888786 
399 320 0.7153305639605365 
400 382 0.07381731246653933 
400 286 0.7339760151441636 
400 451 0.7596581116555862 
400 455 0.8379514549550917 
401 285 0.6323841688520561 
401 325 0.3226899637776812 
401 357 0.13543834513983477 
401 382 0.9625028431178251 
401 453 0.7354762657546905 
401 460 0.8453274940307308 
402 268 0.14984144722389225 
402 275 0.5273797269984405 
402 341 0.4837769194930559 
402 316 0.04781425474626411 
403 387 0.11667757297304482 
404 340 0.16948871497196794 
404 313 0.5080042745247769 
404 296 0.3720940185520967 
404 447 0.8505252411127542 
405 287 0.839404091543515 
405 383 0.16847623218466812 
406 267 0.05913806725776971 
406 353 0.7303323534483636 
406 301 0.6668198509144624 
406 414 0.9331415494624073 
406 420 0.4311932907724976 
407 380 0.822602345118589 
407 450 0.1575714937496957 
408 309 0.8364093923214979 
408 345 0.8898181792304065 
409 299 0.3336981709826893 
409 385 0.7401860487954642 
410 285 0.38986849376365007 
410 357 0.07316059043990042 
410 435 0.2851429972126027 
411 339 0.9861355919670584 
411 349 0.9761702580936836 
411 419 0.6012215499737608 
412 308 0.025307839276096478 
412 389 0.5386491361414232 
412 274 0.7498064191735434 
413 266 0.4803069060228863 
413 438 0.7649126220129407 
414 406 0.5270732695499976 
414 420 0.30963668041390124 
415 311 0.18879203554875434 
415 369 0.18880468081380075 
415 370 0.47225927866218276 
416 294 0.6318301097641807 
416 324 0.09632908521072636 
417 331 0.7969800555734446 
417 380 0.008922447426063407 
417 407 0.45634993732539353 
417 441 0.099677420175451 
418 263 0.8778140361136462 
418 384 0.07069640567192437 
418 366 0.7253898244594931 
419 411 0.384071565424534 
419 339 0.9476303354400981 
419 349 0.6347930665402325 
420 406 0.8847447399637817 
420 414 0.997541452192324 
421 302 0.8191510838982985 
422 357 0.927201142125171 
422 285 0.16678397794131727 
422 456 0.6926820031786526 
423 267 0.28483499593392647 
423 284 0.35316254744654285 
423 318 0.12176874106882607 
423 437 0.5243906550137094 
424 301 0.7857525623318815 
425 317 0.11247970750888103 
425 326 0.14352294390405107 
425 358 0.1638213068546608 
425 322 0.17328169034792928 
425 446 0.18063022900739534 
426 338 0.43520973269903285 
426 273 0.6285205952309835 
426 314 0.8407269456554158 
426 444 0.2622842499005088 
427 341 0.3131139478234295 
427 316 0.07301406594297755 
427 451 0.6713692680769673 
427 454 0.7435221912960921 
428 357 0.013226453451583908 
428 285 0.09052834675275023 
428 394 0.6142687589264532 
429 289 0.9312710924140806 
429 290 0.04286126729865203 
430 263 0.8167462542665251 
431 367 0.4162345440497529 
431 347 0.694300638539209 
432 343 0.21744572527562667 
432 385 0.6613587630822834 
432 299 0.4671028254671188 
433 323 0.8415162261122238 
433 436 0.29184449337206686 
434 293 0.8987962145945657 
434 320 0.3392145795178102 
435 279 0.5002825953594501 
435 410 0.8123932074223988 
435 394 0.8373167097636371 
435 357 0.43979449282520944 
436 433 0.6320932255214817 
436 323 0.010788882425214141 
437 423 0.9642662592614833 
438 266 0.06569804550992164 
438 413 0.1412464783381382 
438 336 0.7014400913221085 
438 448 0.5622889482525069 
439 368 0.4487574356421341 
440 328 0.2870144727145304 
441 417 0.7845914881915315 
442 363 0.4613527170309859 
442 392 0.41706323339366524 
443 267 0.21919356167884818 
444 426 0.6183423493997928 
445 280 0.4692575223522948 
445 284 0.5249300336936421 
445 386 0.35149089102647757 
446 372 0.8052470865429229 
446 425 0.006492896594475606 
446 364 0.6801078610392174 
446 391 0.56129260204946 
446 292 0.7963690841670449 
447 404 0.9591832993803484 
447 385 0.09106312307131281 
447 283 0.17776353206590145 
448 438 0.1920756235108445 
448 393 0.7263614959944099 
449 294 0.7756328748231422 
449 324 0.4517394885688766 
449 265 0.5545423563511785 
449 416 0.34400211408610615 
450 407 0.4542441463061454 
450 380 0.8442349908381322 
451 400 0.005556861516881284 
451 382 0.5990268301181556 
451 427 0.3144116775488234 
451 341 0.7186966891032962 
451 286 0.04334875535266436 
452 275 0.047498445469899675 
453 401 0.40700609142542543 
453 460 0.4479258459673121 
454 341 0.9452237103414756 
454 316 0.6522350253664816 
454 427 0.09089647423287017 
455 382 0.8625942146653232 
455 400 0.13425943639326832 
455 325 0.6788093160604314 
455 286 0.894649780525283 
456 284 0.8160137531549406 
456 285 0.6656852062286579 
456 334 0.6432332061493754 
456 280 0.42303167437082523 
456 422 0.09765202098620307 
457 324 0.19866880736999293 
457 294 0.07055162622320976 
458 301 0.549315289191185 
458 424 0.6819980105566891 
459 392 0.6914913567119926 
459 363 0.4434194126911214 
459 442 0.31370097122523144 
460 453 0.14318182029030058 
460 401 0.7093242214562969 
461 436 0.19764077010425252 
461 308 0.5680623952292588 
461 19 0.38394721481869043 
461 299 0.9969846694991614 
461 148 0.779935409635374 
461 462 0.7673477771199331 
461 463 0.18069668000205652 
462 461 0.851780885117459 
463 461 0.310001442527724 
464 15 0.0293511848657243 
464 390 0.7650511799665483 
464 308 0.6978997445863151 
464 248 0.9115746510332566 
464 274 0.9133151013804204 
464 465 0.02257571916033463 
464 467 0.13703797133337314 
464 471 0.4549813677012947 
464 473 0.10805145288999862 
465 464 0.6269877786814534 
465 466 0.25609148226055467 
465 468 0.44565726678326945 
465 470 0.19544259196518088 
465 471 0.8500719053364485 
465 474 0.8460654602395586 
465 476 0.8761443647542596 
465 477 0.9787649656108759 
466 465 0.5008972196750032 
467 464 0.3474950548911391 
467 469 0.9076842798961445 
467 472 0.14656351047375282 
467 478 0.7838601453110411 
468 465 0.4815192793387536 
468 466 0.35538421311513624 
469 467 0.8108411657073273 
469 464 0.29840049330677576 
470 465 0.8986181851368676 
470 474 0.8201739403702751 
471 470 0.4866505690417626 
471 464 0.4886048355830156 
471 465 0.25183790316375787 
471 475 0.8860858190036892 
472 467 0.5533482007855989 
473 464 0.8249226759671336 
473 469 0.7818324457578655 
474 470 0.01082746777875998 
474 465 0.4117414661356723 
474 477 0.17806290035615935 
475 471 0.9280857352652475 
476 465 0.6663423806619599 
476 470 0.022748308470600054 
476 481 0.030763973473704964 
477 465 0.3255882515891373 
477 470 0.9142866518055224 
477 474 0.7661363645757006 
478 467 0.012367733985120255 
479 347 0.10929645676226563 
479 63 0.3558993118138706 
479 47 0.773497972850485 
479 3 0.5732656738824308 
479 40 0.7783715157778862 
479 480 0.7229060855808871 
480 479 0.7829657309637261 
481 476 0.44169748606639425 
481 40 0.5328365350687162 
481 15 0.981694037541424 
481 268 0.6556251990232388 
481 174 0.1798549170370457 
481 482 0.06605238254440471 
481 483 0.01594207608173359 
482 481 0.05999990723658133 
482 484 0.6344431612407296 
482 487 0.15188106236890675 
483 481 0.9466550916196647 
484 482 0.7450111660338482 
485 481 0.8751294350652202 
485 486 0.196884544467961 
485 489 0.6631216611644285 
485 491 0.3875954188467293 
486 485 0.8390165445704377 
486 488 0.059524071358573294 
487 482 0.5348981496776934 
487 490 0.34867583721697837 
488 485 0.21693922344263106 
488 486 0.04733438650717747 
488 491 0.26463929837626365 
489 485 0.7236771945386598 
489 486 0.8615070054141581 
489 491 0.35073358822321965 
490 487 0.18456243838627406 
491 489 0.7248551338678452 
491 488 0.23906359502169516 
491 485 0.9681103065138683 
492 103 0.48587329321295636 
492 123 0.7152205434747745 
492 281 0.32541790788226455 
492 278 0.043789569434215636 
492 426 0.12158850448513692 
492 493 0.37679344960402195 
492 495 0.47716327454186724 
493 492 0.8220350100250815 
493 494 0.735396584650222 
493 498 0.8674666202354872 
494 493 0.8003744096197272 
494 499 0.8396606969511875 
495 492 0.41102451603889134 
495 494 0.9944059438601676 
495 496 0.9393686951628376 
496 495 0.9389880772523379 
496 497 0.8446813691359538 
497 496 0.9597615965924995 
498 493 0.6018262021655407 
499 494 0.7545447146115575 
