500
0 1 0.0625 
0 2 0.0625 
0 492 0.25 
1 0 0.015625 
1 2 0.0625 
1 5 0.0625 
2 0 0.25 
2 1 0.0625 
2 3 0.0625 
2 4 0.0625 
2 12 0.015625 
3 2 0.25 
4 2 0.0625 
5 1 0.0625 
5 6 0.0625 
5 8 0.0625 
5 10 0.0625 
5 11 0.0625 
6 5 0.25 
6 7 0.015625 
7 6 0.0625 
7 9 0.015625 
8 5 0.0625 
8 11 0.25 
9 7 0.0625 
10 5 0.0625 
11 5 0.0625 
11 8 0.25 
12 0 0.015625 
12 2 0.0625 
12 8 0.0625 
12 6 0.015625 
12 13 0.0625 
12 21 0.015625 
12 30 0.0625 
12 44 0.015625 
12 45 0.25 
12 50 0.0625 
12 70 0.0625 
12 82 0.25 
12 89 0.0625 
12 108 0.015625 
12 138 0.015625 
12 185 0.0625 
12 223 0.0625 
13 12 0.25 
13 14 0.0625 
13 15 0.0625 
13 22 0.015625 
13 74 0.25 
13 93 0.25 
13 122 0.25 
13 125 0.0625 
13 189 0.0625 
13 205 0.25 
14 13 0.25 
14 16 0.25 
14 17 0.25 
14 19 0.015625 
14 24 0.25 
14 25 0.25 
14 39 0.25 
14 86 0.25 
14 151 0.0625 
14 177 0.015625 
14 188 0.015625 
14 206 0.0625 
14 210 0.25 
14 220 0.0625 
15 13 0.0625 
15 17 0.015625 
15 63 0.015625 
15 92 0.25 
15 94 0.015625 
15 99 0.25 
15 141 0.015625 
15 261 0.0625 
16 14 0.25 
16 24 0.0625 
16 26 0.015625 
16 48 0.015625 
16 51 0.015625 
16 177 0.25 
16 206 0.25 
16 220 0.25 
16 238 0.25 
17 14 0.015625 
17 15 0.25 
17 18 0.0625 
17 20 0.0625 
17 26 0.015625 
17 38 0.015625 
17 41 0.015625 
17 147 0.0625 
18 17 0.0625 
18 20 0.25 
18 27 0.015625 
18 31 0.015625 
18 37 0.015625 
18 61 0.0625 
18 69 0.0625 
18 154 0.015625 
19 14 0.015625 
19 24 0.0625 
19 76 0.0625 
19 88 0.25 
20 17 0.25 
20 18 0.25 
20 31 0.015625 
20 38 0.0625 
20 52 0.015625 
20 101 0.25 
20 106 0.015625 
20 110 0.25 
20 147 0.25 
20 176 0.0625 
21 13 0.015625 
21 12 0.0625 
21 23 0.015625 
21 90 0.015625 
21 118 0.25 
21 126 0.25 
21 151 0.25 
22 13 0.0625 
22 34 0.0625 
22 70 0.015625 
22 95 0.015625 
22 167 0.25 
22 219 0.25 
23 21 0.25 
23 68 0.0625 
23 78 0.25 
23 139 0.015625 
24 16 0.0625 
24 19 0.015625 
24 14 0.015625 
24 36 0.25 
24 42 0.015625 
24 97 0.25 
24 102 0.25 
24 117 0.25 
24 157 0.25 
25 14 0.25 
25 16 0.0625 
25 26 0.0625 
25 41 0.015625 
25 59 0.25 
25 151 0.015625 
25 194 0.015625 
26 17 0.015625 
26 16 0.0625 
26 25 0.25 
26 29 0.25 
26 35 0.25 
26 98 0.0625 
26 116 0.25 
27 18 0.25 
27 28 0.0625 
27 31 0.0625 
27 66 0.25 
27 85 0.25 
27 186 0.0625 
27 187 0.015625 
27 207 0.015625 
27 481 0.015625 
28 27 0.0625 
28 54 0.015625 
28 56 0.0625 
28 61 0.25 
28 169 0.0625 
28 481 0.0625 
29 26 0.015625 
29 53 0.015625 
29 116 0.0625 
29 158 0.015625 
30 12 0.015625 
30 36 0.0625 
30 44 0.015625 
30 46 0.25 
30 72 0.0625 
30 78 0.015625 
30 79 0.015625 
30 129 0.0625 
31 27 0.25 
31 20 0.25 
31 18 0.015625 
31 32 0.0625 
31 33 0.015625 
31 110 0.25 
31 131 0.015625 
32 31 0.0625 
32 43 0.015625 
32 91 0.015625 
32 120 0.25 
33 31 0.0625 
33 55 0.25 
34 22 0.25 
34 159 0.015625 
35 26 0.25 
35 171 0.015625 
36 24 0.015625 
36 30 0.25 
36 62 0.0625 
36 97 0.0625 
36 129 0.0625 
36 132 0.015625 
37 18 0.0625 
37 69 0.25 
38 20 0.0625 
38 17 0.015625 
38 40 0.015625 
38 57 0.0625 
38 111 0.0625 
39 14 0.25 
39 25 0.015625 
39 19 0.015625 
39 50 0.0625 
39 71 0.015625 
39 73 0.0625 
39 81 0.0625 
39 82 0.0625 
40 38 0.0625 
41 17 0.25 
41 25 0.0625 
41 153 0.25 
41 194 0.015625 
42 24 0.015625 
42 111 0.25 
42 117 0.015625 
42 127 0.25 
42 148 0.015625 
42 238 0.25 
43 32 0.0625 
43 18 0.0625 
44 30 0.25 
44 12 0.015625 
44 21 0.25 
44 58 0.015625 
45 12 0.25 
46 23 0.015625 
46 30 0.25 
46 47 0.0625 
46 114 0.015625 
46 124 0.015625 
46 130 0.25 
47 46 0.015625 
47 114 0.015625 
48 16 0.015625 
48 25 0.0625 
48 14 0.0625 
49 22 0.015625 
49 95 0.0625 
50 39 0.0625 
50 12 0.0625 
51 14 0.25 
51 26 0.015625 
51 25 0.015625 
51 16 0.015625 
51 59 0.0625 
51 142 0.015625 
51 143 0.0625 
51 152 0.0625 
51 166 0.0625 
51 204 0.25 
51 479 0.25 
52 20 0.25 
53 29 0.0625 
53 158 0.25 
54 28 0.25 
54 154 0.0625 
54 169 0.25 
54 191 0.25 
54 207 0.015625 
55 33 0.25 
55 100 0.25 
55 164 0.25 
55 195 0.0625 
56 54 0.25 
56 28 0.0625 
56 34 0.25 
56 135 0.0625 
56 140 0.0625 
57 20 0.25 
57 38 0.015625 
57 28 0.015625 
57 17 0.015625 
57 67 0.25 
57 141 0.015625 
57 180 0.25 
58 44 0.25 
58 64 0.015625 
59 51 0.25 
59 25 0.25 
60 16 0.25 
60 25 0.25 
60 14 0.015625 
60 210 0.0625 
61 18 0.25 
61 28 0.0625 
61 34 0.015625 
61 173 0.015625 
61 199 0.015625 
62 36 0.015625 
62 97 0.015625 
62 132 0.0625 
63 15 0.015625 
63 65 0.25 
63 75 0.0625 
63 103 0.0625 
64 58 0.25 
65 63 0.0625 
65 16 0.25 
65 150 0.015625 
66 27 0.0625 
66 119 0.015625 
66 154 0.25 
66 162 0.25 
66 183 0.015625 
67 57 0.015625 
67 147 0.0625 
67 149 0.25 
68 23 0.015625 
68 104 0.0625 
69 18 0.015625 
69 37 0.0625 
69 83 0.25 
69 461 0.25 
70 12 0.25 
70 22 0.0625 
70 13 0.0625 
70 138 0.015625 
70 174 0.25 
71 39 0.25 
72 30 0.0625 
72 44 0.015625 
72 50 0.015625 
72 21 0.25 
72 84 0.25 
72 96 0.015625 
72 112 0.25 
73 39 0.015625 
73 82 0.0625 
74 13 0.0625 
75 63 0.015625 
76 19 0.25 
76 80 0.0625 
76 182 0.015625 
77 12 0.0625 
78 30 0.0625 
78 23 0.25 
78 72 0.0625 
78 84 0.25 
78 222 0.0625 
79 78 0.25 
79 30 0.25 
79 172 0.25 
80 18 0.25 
80 76 0.0625 
80 59 0.25 
80 19 0.015625 
80 123 0.25 
80 178 0.25 
80 221 0.0625 
81 39 0.25 
81 73 0.0625 
82 12 0.0625 
82 73 0.25 
82 39 0.0625 
82 165 0.25 
82 211 0.25 
83 69 0.015625 
83 91 0.015625 
83 144 0.015625 
84 72 0.0625 
84 78 0.015625 
84 87 0.0625 
85 27 0.25 
86 14 0.0625 
86 16 0.015625 
86 216 0.015625 
87 84 0.0625 
87 129 0.015625 
88 19 0.015625 
88 238 0.015625 
89 12 0.25 
90 21 0.25 
90 151 0.015625 
90 263 0.015625 
91 32 0.0625 
91 69 0.0625 
91 83 0.0625 
92 15 0.015625 
92 214 0.015625 
93 74 0.0625 
93 13 0.25 
93 223 0.0625 
94 17 0.25 
94 15 0.0625 
94 128 0.0625 
94 218 0.25 
95 22 0.0625 
95 49 0.0625 
95 107 0.25 
96 72 0.0625 
96 112 0.25 
97 24 0.25 
97 36 0.25 
97 62 0.015625 
97 102 0.25 
97 157 0.015625 
97 161 0.25 
98 26 0.015625 
98 181 0.015625 
99 15 0.25 
100 55 0.0625 
100 107 0.0625 
101 20 0.0625 
101 52 0.25 
101 176 0.015625 
102 24 0.25 
102 84 0.25 
102 97 0.015625 
102 109 0.015625 
103 75 0.0625 
103 63 0.0625 
104 68 0.0625 
104 44 0.25 
104 24 0.0625 
104 146 0.25 
105 91 0.0625 
106 43 0.0625 
106 20 0.25 
106 35 0.0625 
106 209 0.015625 
107 100 0.25 
107 95 0.015625 
107 171 0.0625 
108 12 0.015625 
109 102 0.25 
109 213 0.015625 
110 20 0.25 
110 31 0.25 
110 180 0.0625 
111 40 0.0625 
111 38 0.015625 
111 42 0.25 
111 121 0.25 
111 168 0.0625 
111 212 0.015625 
112 72 0.0625 
112 96 0.25 
113 38 0.0625 
113 94 0.0625 
114 46 0.015625 
114 47 0.0625 
114 124 0.015625 
115 26 0.0625 
115 16 0.0625 
115 53 0.015625 
115 217 0.25 
116 29 0.25 
116 26 0.25 
116 53 0.015625 
116 156 0.015625 
116 181 0.0625 
117 24 0.0625 
117 42 0.25 
117 198 0.25 
118 21 0.015625 
118 126 0.0625 
119 66 0.0625 
119 162 0.015625 
120 32 0.0625 
121 111 0.015625 
121 38 0.015625 
121 65 0.25 
121 160 0.25 
121 175 0.0625 
121 479 0.25 
122 13 0.0625 
122 93 0.0625 
122 74 0.0625 
123 80 0.0625 
123 178 0.0625 
123 221 0.0625 
124 114 0.0625 
124 46 0.0625 
124 170 0.25 
124 196 0.015625 
125 95 0.25 
125 22 0.0625 
125 13 0.0625 
125 49 0.0625 
125 133 0.015625 
125 134 0.0625 
126 21 0.0625 
126 118 0.25 
127 42 0.015625 
127 163 0.0625 
128 94 0.0625 
128 218 0.0625 
129 36 0.0625 
129 30 0.0625 
129 87 0.015625 
129 84 0.015625 
130 114 0.015625 
130 46 0.25 
131 31 0.25 
131 145 0.25 
131 202 0.0625 
132 36 0.015625 
132 62 0.25 
132 136 0.0625 
133 125 0.0625 
133 134 0.015625 
134 125 0.015625 
134 133 0.015625 
135 56 0.015625 
136 132 0.015625 
136 36 0.0625 
136 44 0.25 
136 62 0.015625 
137 32 0.015625 
138 12 0.0625 
138 70 0.25 
138 263 0.0625 
139 23 0.015625 
140 56 0.25 
141 15 0.015625 
141 57 0.25 
141 190 0.015625 
142 51 0.0625 
143 51 0.25 
144 91 0.015625 
144 32 0.0625 
144 69 0.0625 
144 83 0.0625 
144 202 0.25 
145 131 0.25 
146 104 0.0625 
147 17 0.015625 
147 20 0.0625 
147 67 0.25 
147 57 0.015625 
147 179 0.0625 
147 256 0.25 
148 42 0.25 
149 67 0.25 
149 57 0.015625 
150 65 0.0625 
151 21 0.015625 
151 90 0.015625 
151 14 0.0625 
151 25 0.0625 
152 151 0.25 
152 51 0.015625 
153 41 0.0625 
153 155 0.015625 
153 188 0.25 
154 54 0.25 
154 119 0.0625 
154 66 0.25 
154 18 0.0625 
155 153 0.25 
155 92 0.25 
156 116 0.0625 
157 24 0.015625 
157 97 0.015625 
158 53 0.0625 
158 29 0.25 
159 34 0.0625 
159 27 0.25 
160 121 0.0625 
160 175 0.0625 
161 97 0.25 
162 119 0.25 
162 66 0.0625 
162 183 0.015625 
163 127 0.25 
164 55 0.25 
164 208 0.0625 
165 82 0.015625 
165 200 0.0625 
166 51 0.25 
166 204 0.25 
167 22 0.015625 
167 219 0.25 
168 111 0.25 
169 28 0.25 
169 54 0.25 
170 124 0.0625 
170 46 0.25 
171 35 0.25 
171 107 0.015625 
172 79 0.25 
173 61 0.0625 
173 199 0.015625 
174 70 0.25 
175 15 0.015625 
175 121 0.0625 
175 160 0.25 
175 103 0.25 
176 110 0.015625 
176 20 0.0625 
176 101 0.015625 
177 14 0.0625 
177 16 0.25 
178 123 0.0625 
178 80 0.0625 
179 176 0.015625 
179 147 0.015625 
180 57 0.015625 
180 179 0.25 
180 110 0.015625 
180 184 0.015625 
180 464 0.25 
181 26 0.0625 
181 98 0.015625 
181 116 0.0625 
181 158 0.25 
181 193 0.25 
182 76 0.25 
182 88 0.015625 
182 19 0.015625 
183 66 0.0625 
183 119 0.0625 
183 162 0.0625 
184 180 0.015625 
185 12 0.25 
186 27 0.015625 
187 27 0.25 
187 207 0.015625 
188 153 0.25 
188 14 0.25 
188 194 0.25 
189 13 0.25 
189 74 0.0625 
189 93 0.25 
189 263 0.015625 
190 141 0.015625 
191 54 0.015625 
191 28 0.25 
191 169 0.25 
192 135 0.0625 
192 56 0.0625 
193 181 0.0625 
194 41 0.0625 
194 188 0.25 
194 25 0.015625 
194 197 0.0625 
195 55 0.0625 
195 208 0.25 
196 124 0.015625 
197 194 0.0625 
198 117 0.0625 
199 61 0.0625 
199 173 0.25 
200 82 0.015625 
200 165 0.0625 
200 211 0.0625 
201 71 0.0625 
201 39 0.25 
201 81 0.0625 
201 73 0.0625 
202 144 0.0625 
202 131 0.0625 
202 186 0.25 
202 27 0.25 
203 153 0.0625 
204 166 0.25 
204 51 0.0625 
205 13 0.015625 
205 74 0.015625 
206 16 0.0625 
206 14 0.0625 
206 210 0.015625 
207 187 0.015625 
207 54 0.25 
207 83 0.0625 
207 27 0.25 
208 55 0.25 
208 195 0.015625 
208 164 0.25 
209 106 0.0625 
210 16 0.25 
210 14 0.015625 
210 60 0.25 
210 206 0.015625 
210 223 0.0625 
211 200 0.25 
211 82 0.0625 
212 111 0.0625 
213 109 0.015625 
213 24 0.015625 
213 151 0.015625 
214 92 0.015625 
215 89 0.25 
215 12 0.25 
216 86 0.015625 
217 98 0.25 
217 158 0.015625 
217 115 0.25 
218 128 0.0625 
218 94 0.015625 
219 22 0.0625 
219 95 0.0625 
219 167 0.015625 
220 14 0.25 
220 16 0.25 
220 59 0.0625 
220 210 0.015625 
221 80 0.25 
221 123 0.015625 
221 256 0.25 
222 78 0.0625 
223 210 0.0625 
223 96 0.015625 
223 12 0.25 
223 93 0.25 
223 217 0.0625 
223 224 0.25 
223 225 0.015625 
223 232 0.25 
223 263 0.0625 
224 223 0.25 
224 226 0.015625 
224 228 0.0625 
224 229 0.0625 
224 233 0.015625 
225 223 0.25 
225 227 0.0625 
225 231 0.015625 
225 234 0.015625 
226 224 0.015625 
226 228 0.015625 
226 229 0.25 
227 225 0.0625 
228 224 0.0625 
228 226 0.015625 
228 229 0.25 
228 230 0.0625 
228 236 0.015625 
229 228 0.015625 
229 226 0.015625 
229 224 0.0625 
229 235 0.015625 
230 228 0.0625 
231 225 0.25 
232 223 0.25 
232 225 0.0625 
233 224 0.015625 
234 225 0.25 
235 229 0.015625 
236 228 0.015625 
236 237 0.0625 
237 236 0.25 
238 42 0.015625 
238 16 0.015625 
238 76 0.015625 
238 88 0.25 
238 239 0.0625 
238 240 0.0625 
238 244 0.25 
239 238 0.0625 
239 241 0.0625 
239 245 0.0625 
239 248 0.0625 
239 254 0.015625 
240 238 0.015625 
240 242 0.25 
240 243 0.015625 
240 246 0.015625 
240 249 0.015625 
241 239 0.25 
241 245 0.0625 
241 248 0.0625 
242 240 0.25 
243 240 0.0625 
244 238 0.25 
244 247 0.015625 
245 241 0.015625 
245 239 0.25 
246 240 0.0625 
247 244 0.25 
248 239 0.015625 
248 241 0.25 
248 464 0.0625 
249 240 0.015625 
249 250 0.015625 
249 252 0.015625 
249 253 0.25 
250 249 0.015625 
250 251 0.25 
250 461 0.25 
251 250 0.015625 
251 253 0.25 
252 249 0.25 
253 249 0.25 
253 251 0.015625 
254 239 0.0625 
254 253 0.25 
255 249 0.0625 
255 240 0.25 
256 221 0.25 
256 147 0.25 
256 54 0.0625 
256 94 0.25 
256 14 0.015625 
256 257 0.25 
256 258 0.015625 
256 259 0.25 
256 260 0.015625 
256 261 0.015625 
257 256 0.25 
258 256 0.0625 
258 259 0.015625 
258 260 0.015625 
258 261 0.25 
259 256 0.015625 
259 258 0.015625 
260 256 0.25 
260 258 0.0625 
261 134 0.0625 
261 178 0.25 
261 15 0.25 
261 258 0.0625 
261 256 0.25 
261 262 0.25 
262 261 0.25 
263 223 0.25 
263 90 0.0625 
263 138 0.015625 
263 189 0.0625 
263 244 0.25 
263 264 0.0625 
263 275 0.25 
263 278 0.0625 
263 322 0.015625 
263 326 0.25 
263 428 0.25 
264 263 0.25 
264 266 0.015625 
264 300 0.0625 
264 330 0.0625 
264 335 0.015625 
264 420 0.015625 
265 263 0.015625 
265 264 0.015625 
265 267 0.0625 
265 272 0.0625 
265 275 0.25 
265 283 0.015625 
265 288 0.015625 
265 305 0.0625 
265 317 0.25 
265 331 0.015625 
265 375 0.0625 
265 445 0.015625 
266 264 0.25 
266 303 0.25 
266 330 0.015625 
266 335 0.0625 
266 420 0.0625 
267 265 0.0625 
267 268 0.25 
267 269 0.015625 
267 271 0.25 
267 274 0.0625 
267 332 0.015625 
267 337 0.0625 
267 343 0.0625 
267 356 0.015625 
267 364 0.25 
268 267 0.0625 
269 267 0.015625 
269 268 0.015625 
269 270 0.0625 
269 280 0.25 
269 403 0.0625 
270 269 0.015625 
270 331 0.015625 
270 437 0.015625 
271 267 0.0625 
271 302 0.25 
271 350 0.25 
271 412 0.25 
272 265 0.015625 
272 273 0.0625 
272 277 0.015625 
272 280 0.25 
272 284 0.0625 
272 309 0.015625 
272 312 0.25 
272 407 0.0625 
272 423 0.25 
272 446 0.015625 
272 481 0.015625 
273 272 0.015625 
273 277 0.015625 
273 284 0.25 
273 403 0.0625 
273 481 0.015625 
274 267 0.0625 
274 268 0.015625 
274 294 0.0625 
274 440 0.015625 
274 453 0.25 
275 263 0.25 
275 265 0.25 
275 276 0.015625 
275 286 0.015625 
275 429 0.015625 
276 275 0.015625 
276 263 0.25 
276 297 0.0625 
276 318 0.25 
276 324 0.25 
277 273 0.015625 
277 272 0.015625 
278 263 0.015625 
278 275 0.25 
278 276 0.0625 
278 361 0.015625 
278 393 0.0625 
279 269 0.015625 
279 280 0.015625 
279 293 0.0625 
279 295 0.25 
279 319 0.015625 
279 320 0.25 
279 370 0.0625 
279 395 0.015625 
280 272 0.25 
280 277 0.0625 
280 279 0.015625 
280 269 0.25 
280 281 0.0625 
280 282 0.0625 
280 285 0.015625 
280 307 0.0625 
281 280 0.0625 
281 285 0.015625 
281 287 0.25 
282 280 0.0625 
282 442 0.015625 
282 451 0.0625 
283 265 0.0625 
283 288 0.015625 
283 304 0.0625 
283 338 0.0625 
283 396 0.25 
284 272 0.0625 
284 273 0.25 
284 290 0.25 
284 291 0.25 
284 313 0.0625 
284 335 0.25 
284 376 0.015625 
284 383 0.015625 
285 280 0.0625 
285 281 0.0625 
285 332 0.015625 
285 431 0.25 
286 275 0.015625 
286 373 0.25 
287 281 0.0625 
287 272 0.0625 
287 263 0.0625 
287 311 0.015625 
287 327 0.0625 
287 349 0.25 
287 389 0.25 
287 397 0.0625 
287 404 0.25 
288 283 0.25 
288 265 0.015625 
288 292 0.0625 
288 296 0.015625 
288 311 0.25 
288 351 0.0625 
288 377 0.25 
288 406 0.25 
289 275 0.0625 
289 265 0.25 
289 314 0.25 
289 363 0.0625 
289 401 0.0625 
290 284 0.25 
290 291 0.25 
290 301 0.015625 
290 376 0.0625 
290 383 0.25 
291 284 0.0625 
291 290 0.25 
291 298 0.0625 
291 299 0.0625 
291 308 0.25 
291 312 0.25 
291 347 0.25 
292 288 0.25 
292 321 0.0625 
292 344 0.015625 
292 353 0.25 
292 367 0.0625 
292 390 0.25 
292 398 0.015625 
293 279 0.25 
293 323 0.015625 
293 458 0.0625 
294 274 0.0625 
295 279 0.0625 
295 370 0.015625 
296 288 0.015625 
296 310 0.0625 
297 276 0.25 
297 316 0.25 
297 318 0.0625 
297 346 0.0625 
297 369 0.25 
297 372 0.25 
297 399 0.015625 
297 426 0.25 
297 448 0.25 
298 291 0.015625 
298 299 0.25 
298 312 0.25 
298 355 0.015625 
298 405 0.015625 
299 298 0.015625 
299 291 0.0625 
299 308 0.015625 
299 347 0.015625 
300 264 0.25 
300 315 0.015625 
300 329 0.015625 
300 341 0.0625 
300 413 0.25 
300 417 0.25 
300 430 0.0625 
301 290 0.25 
301 284 0.0625 
301 306 0.0625 
301 345 0.0625 
301 438 0.015625 
301 447 0.015625 
302 271 0.0625 
302 350 0.0625 
302 385 0.25 
302 412 0.0625 
302 425 0.0625 
303 266 0.25 
303 264 0.25 
303 353 0.25 
303 433 0.0625 
304 283 0.25 
304 338 0.0625 
304 410 0.0625 
305 265 0.0625 
305 331 0.25 
305 333 0.015625 
306 301 0.25 
306 347 0.0625 
306 438 0.0625 
307 280 0.0625 
307 281 0.25 
307 325 0.015625 
307 388 0.25 
307 409 0.015625 
308 291 0.25 
308 299 0.015625 
308 347 0.0625 
308 405 0.25 
309 272 0.25 
309 382 0.25 
309 391 0.0625 
309 432 0.0625 
310 296 0.015625 
310 332 0.0625 
311 288 0.0625 
311 281 0.015625 
311 287 0.015625 
311 349 0.015625 
311 415 0.0625 
312 272 0.015625 
312 308 0.25 
312 298 0.0625 
312 291 0.015625 
312 334 0.0625 
312 339 0.25 
312 371 0.015625 
312 384 0.0625 
312 402 0.0625 
312 461 0.0625 
313 284 0.25 
313 290 0.25 
313 383 0.25 
314 289 0.25 
314 342 0.0625 
315 300 0.015625 
315 329 0.25 
315 430 0.0625 
315 449 0.015625 
316 297 0.0625 
316 372 0.0625 
316 426 0.25 
317 265 0.25 
317 375 0.0625 
318 297 0.0625 
318 276 0.0625 
318 386 0.25 
319 279 0.015625 
319 270 0.015625 
319 328 0.25 
319 352 0.0625 
320 279 0.25 
320 295 0.015625 
320 395 0.0625 
321 292 0.25 
322 263 0.0625 
322 359 0.0625 
322 372 0.0625 
323 293 0.25 
324 276 0.25 
324 340 0.0625 
324 358 0.0625 
324 368 0.015625 
325 307 0.0625 
325 327 0.25 
325 422 0.0625 
326 263 0.0625 
326 300 0.015625 
327 325 0.0625 
327 287 0.0625 
327 354 0.015625 
327 444 0.0625 
328 319 0.0625 
329 300 0.015625 
329 315 0.25 
329 341 0.0625 
329 417 0.015625 
330 264 0.0625 
330 266 0.015625 
330 420 0.25 
330 433 0.25 
331 272 0.015625 
331 265 0.015625 
331 305 0.25 
331 270 0.0625 
331 309 0.25 
331 366 0.25 
331 381 0.015625 
331 394 0.25 
332 267 0.0625 
332 285 0.015625 
332 310 0.0625 
332 336 0.0625 
333 305 0.25 
334 312 0.015625 
334 371 0.0625 
334 384 0.25 
335 264 0.0625 
335 266 0.0625 
335 284 0.25 
335 424 0.0625 
335 451 0.015625 
336 332 0.0625 
336 348 0.25 
336 350 0.0625 
336 385 0.015625 
337 267 0.015625 
338 304 0.0625 
338 283 0.0625 
339 334 0.015625 
339 312 0.015625 
339 342 0.0625 
339 365 0.25 
339 371 0.25 
339 384 0.0625 
339 402 0.015625 
340 324 0.0625 
341 300 0.0625 
341 315 0.015625 
341 329 0.25 
341 413 0.25 
341 430 0.015625 
342 314 0.015625 
342 339 0.0625 
342 312 0.0625 
342 305 0.25 
342 411 0.25 
343 267 0.0625 
343 332 0.25 
343 427 0.0625 
344 292 0.0625 
344 296 0.25 
344 387 0.0625 
345 301 0.25 
345 306 0.25 
345 447 0.25 
346 297 0.25 
346 314 0.0625 
346 289 0.015625 
346 361 0.25 
346 369 0.015625 
347 308 0.25 
347 291 0.25 
347 306 0.0625 
347 299 0.0625 
347 379 0.0625 
347 435 0.25 
347 492 0.015625 
348 336 0.0625 
349 287 0.0625 
349 311 0.25 
349 281 0.015625 
349 360 0.015625 
349 443 0.015625 
350 302 0.0625 
350 271 0.25 
350 336 0.0625 
350 380 0.0625 
351 288 0.0625 
351 377 0.015625 
352 269 0.25 
352 319 0.25 
353 292 0.25 
353 347 0.0625 
353 303 0.015625 
353 264 0.25 
353 396 0.0625 
353 414 0.0625 
353 442 0.25 
354 327 0.015625 
354 444 0.015625 
354 479 0.0625 
355 308 0.25 
355 291 0.25 
355 298 0.015625 
356 267 0.0625 
356 337 0.015625 
357 347 0.015625 
357 379 0.0625 
358 324 0.25 
358 340 0.015625 
358 363 0.0625 
359 322 0.015625 
360 349 0.25 
360 378 0.015625 
360 404 0.015625 
360 415 0.015625 
361 278 0.015625 
361 346 0.25 
361 418 0.0625 
362 339 0.015625 
362 334 0.0625 
362 312 0.25 
363 289 0.25 
363 314 0.015625 
363 358 0.015625 
363 374 0.015625 
363 419 0.0625 
364 267 0.015625 
364 337 0.015625 
365 339 0.015625 
365 362 0.25 
365 334 0.015625 
365 312 0.25 
365 371 0.015625 
366 331 0.25 
366 381 0.015625 
366 394 0.015625 
367 292 0.015625 
367 321 0.25 
368 324 0.25 
369 358 0.25 
369 297 0.0625 
369 346 0.0625 
369 455 0.0625 
370 295 0.0625 
370 279 0.0625 
371 339 0.25 
371 365 0.0625 
371 334 0.015625 
371 312 0.25 
371 402 0.0625 
372 316 0.25 
372 322 0.25 
372 297 0.25 
372 400 0.0625 
373 286 0.015625 
373 346 0.015625 
373 426 0.25 
374 363 0.015625 
374 378 0.25 
374 419 0.015625 
374 434 0.015625 
374 452 0.25 
375 265 0.0625 
375 317 0.0625 
375 446 0.0625 
376 284 0.0625 
376 290 0.0625 
377 288 0.015625 
377 351 0.015625 
377 406 0.015625 
378 361 0.015625 
378 360 0.25 
378 374 0.25 
379 347 0.015625 
379 357 0.015625 
379 421 0.015625 
380 268 0.25 
380 350 0.0625 
380 296 0.015625 
381 366 0.25 
381 331 0.015625 
382 309 0.015625 
382 439 0.0625 
383 284 0.25 
383 313 0.25 
383 290 0.015625 
384 314 0.25 
384 312 0.0625 
384 365 0.0625 
384 339 0.0625 
384 334 0.25 
384 441 0.0625 
385 302 0.25 
385 336 0.0625 
386 318 0.015625 
386 368 0.25 
387 344 0.015625 
387 392 0.015625 
388 307 0.25 
388 409 0.25 
389 287 0.25 
390 292 0.0625 
390 398 0.25 
391 382 0.25 
391 309 0.25 
391 432 0.0625 
392 387 0.0625 
392 344 0.0625 
393 278 0.015625 
393 361 0.015625 
393 378 0.015625 
394 331 0.25 
394 366 0.25 
395 279 0.015625 
395 320 0.015625 
395 295 0.015625 
396 338 0.015625 
396 353 0.015625 
396 283 0.0625 
396 410 0.015625 
397 287 0.25 
398 372 0.25 
398 292 0.015625 
398 390 0.25 
398 367 0.0625 
399 297 0.25 
399 316 0.25 
399 448 0.015625 
400 316 0.015625 
400 372 0.015625 
400 297 0.25 
400 276 0.015625 
400 459 0.25 
401 305 0.25 
401 289 0.25 
401 314 0.015625 
401 333 0.0625 
401 415 0.25 
401 434 0.0625 
401 445 0.0625 
401 479 0.015625 
402 312 0.0625 
402 371 0.25 
402 339 0.015625 
402 365 0.25 
403 273 0.015625 
403 269 0.015625 
403 290 0.25 
403 272 0.25 
403 454 0.25 
404 378 0.25 
404 287 0.0625 
404 360 0.0625 
404 397 0.25 
405 308 0.015625 
405 298 0.015625 
405 291 0.015625 
405 355 0.25 
405 408 0.0625 
406 377 0.25 
406 288 0.25 
406 398 0.25 
407 272 0.015625 
407 273 0.015625 
407 423 0.25 
408 405 0.0625 
409 307 0.015625 
409 388 0.25 
410 396 0.015625 
410 304 0.0625 
410 283 0.0625 
410 334 0.0625 
411 342 0.0625 
412 271 0.015625 
412 302 0.25 
413 341 0.015625 
413 300 0.25 
413 329 0.0625 
414 353 0.0625 
415 360 0.25 
415 311 0.0625 
415 401 0.0625 
416 327 0.25 
416 354 0.015625 
417 329 0.25 
417 341 0.015625 
417 300 0.25 
417 315 0.0625 
417 449 0.25 
418 361 0.015625 
419 374 0.25 
419 363 0.015625 
420 264 0.015625 
420 303 0.0625 
420 330 0.25 
420 266 0.25 
420 433 0.25 
421 347 0.015625 
421 379 0.0625 
422 325 0.015625 
423 410 0.25 
423 407 0.015625 
423 272 0.015625 
424 335 0.0625 
425 302 0.015625 
425 271 0.015625 
426 316 0.015625 
426 373 0.25 
426 297 0.0625 
427 343 0.25 
428 263 0.25 
429 275 0.25 
430 341 0.0625 
430 300 0.0625 
430 315 0.25 
430 456 0.0625 
431 285 0.015625 
432 309 0.0625 
432 391 0.25 
432 439 0.015625 
433 420 0.0625 
433 330 0.015625 
433 264 0.015625 
433 303 0.015625 
434 374 0.25 
434 340 0.0625 
434 324 0.25 
434 401 0.015625 
435 347 0.015625 
435 421 0.015625 
436 302 0.0625 
436 425 0.0625 
436 271 0.0625 
436 412 0.0625 
437 270 0.0625 
438 345 0.25 
438 306 0.015625 
438 301 0.015625 
438 447 0.25 
439 382 0.25 
439 309 0.0625 
439 432 0.015625 
440 274 0.015625 
440 453 0.25 
441 384 0.0625 
442 282 0.015625 
442 353 0.015625 
442 430 0.25 
443 349 0.0625 
444 327 0.015625 
444 354 0.25 
445 265 0.015625 
445 401 0.25 
446 265 0.015625 
446 272 0.015625 
446 375 0.015625 
446 331 0.0625 
447 438 0.0625 
447 345 0.0625 
447 301 0.0625 
448 316 0.0625 
448 399 0.25 
448 297 0.25 
449 417 0.015625 
449 341 0.015625 
449 315 0.0625 
450 280 0.0625 
451 335 0.25 
451 282 0.25 
451 332 0.015625 
451 457 0.015625 
452 363 0.25 
452 374 0.0625 
453 440 0.0625 
453 274 0.015625 
454 403 0.015625 
454 481 0.0625 
455 369 0.015625 
456 430 0.25 
457 451 0.25 
458 293 0.25 
458 412 0.25 
459 400 0.015625 
460 288 0.0625 
460 377 0.25 
461 69 0.015625 
461 312 0.0625 
461 315 0.015625 
461 250 0.25 
461 73 0.0625 
461 462 0.0625 
461 463 0.015625 
462 461 0.015625 
462 463 0.0625 
463 462 0.25 
463 461 0.25 
464 180 0.015625 
464 248 0.015625 
464 343 0.25 
464 332 0.0625 
464 465 0.0625 
464 466 0.0625 
465 464 0.25 
465 467 0.0625 
466 464 0.0625 
466 468 0.015625 
466 470 0.0625 
466 471 0.0625 
466 472 0.0625 
466 475 0.0625 
466 476 0.0625 
467 465 0.015625 
468 466 0.25 
468 470 0.25 
468 474 0.0625 
469 464 0.0625 
470 466 0.0625 
470 468 0.015625 
470 477 0.25 
471 466 0.0625 
471 478 0.0625 
472 466 0.0625 
472 473 0.0625 
472 475 0.0625 
473 472 0.25 
474 470 0.25 
474 468 0.015625 
475 466 0.25 
475 472 0.015625 
476 466 0.015625 
477 470 0.25 
478 471 0.25 
479 354 0.015625 
479 401 0.0625 
479 121 0.015625 
479 51 0.015625 
479 42 0.25 
479 480 0.25 
480 479 0.25 
481 272 0.25 
481 28 0.015625 
481 27 0.015625 
481 454 0.0625 
481 273 0.25 
481 482 0.25 
481 489 0.0625 
482 481 0.25 
482 483 0.0625 
483 482 0.25 
483 484 0.015625 
483 485 0.25 
483 486 0.0625 
483 487 0.25 
483 489 0.015625 
484 483 0.015625 
484 488 0.25 
485 483 0.25 
485 491 0.0625 
486 483 0.0625 
486 485 0.25 
486 488 0.25 
486 490 0.0625 
486 492 0.015625 
487 483 0.015625 
488 486 0.0625 
488 484 0.015625 
489 481 0.25 
489 483 0.25 
489 490 0.0625 
490 486 0.015625 
490 489 0.0625 
491 485 0.0625 
492 347 0.015625 
492 486 0.25 
492 39 0.0625 
492 0 0.25 
492 487 0.015625 
492 493 0.015625 
492 494 0.015625 
492 497 0.0625 
493 492 0.015625 
494 492 0.25 
494 495 0.015625 
494 496 0.0625 
494 498 0.015625 
495 494 0.25 
495 499 0.25 
496 494 0.25 
496 497 0.015625 
497 496 0.0625 
497 492 0.015625 
497 494 0.015625 
498 496 0.25 
498 494 0.25 
498 499 0.25 
499 495 0.015625 
499 498 0.25 
