500
0 1 0.015625 
0 3 0.015625 
0 4 0.015625 
1 0 0.015625 
1 2 0.015625 
1 3 0.5 
1 5 0.5 
2 1 0.5 
2 5 0.5 
3 1 0.5 
3 0 0.5 
4 0 0.125 
4 12 0.5 
5 1 0.125 
5 2 0.015625 
5 6 0.125 
5 7 0.125 
5 8 0.5 
6 5 0.5 
6 9 0.5 
7 5 0.125 
8 5 0.5 
8 11 0.015625 
9 6 0.125 
9 10 0.5 
9 12 0.015625 
10 9 0.5 
10 11 0.015625 
11 10 0.015625 
11 8 0.015625 
12 9 0.015625 
12 4 0.125 
12 1 0.5 
12 13 0.015625 
12 15 0.015625 
12 19 0.015625 
12 26 0.125 
12 27 0.5 
12 53 0.015625 
12 69 0.015625 
12 81 0.015625 
12 114 0.125 
12 164 0.125 
12 184 0.125 
12 223 0.125 
13 12 0.5 
13 17 0.125 
13 21 0.5 
13 24 0.015625 
13 28 0.125 
13 37 0.5 
13 43 0.015625 
13 59 0.015625 
13 214 0.125 
13 464 0.5 
14 13 0.015625 
14 16 0.5 
14 20 0.5 
14 22 0.125 
14 25 0.015625 
14 29 0.015625 
14 31 0.125 
14 36 0.5 
14 38 0.015625 
14 39 0.015625 
14 49 0.015625 
14 117 0.125 
14 178 0.015625 
15 12 0.015625 
16 14 0.125 
16 18 0.125 
16 36 0.015625 
16 40 0.015625 
16 54 0.015625 
16 91 0.015625 
17 13 0.5 
17 22 0.5 
17 28 0.125 
17 57 0.125 
18 16 0.125 
19 12 0.5 
19 128 0.125 
20 14 0.5 
20 22 0.015625 
20 23 0.125 
20 44 0.015625 
20 117 0.125 
21 13 0.5 
21 34 0.015625 
21 68 0.015625 
21 95 0.125 
21 124 0.125 
21 190 0.015625 
21 205 0.015625 
22 17 0.5 
22 20 0.5 
22 14 0.125 
22 29 0.125 
22 38 0.125 
22 111 0.5 
22 127 0.015625 
22 146 0.015625 
23 20 0.5 
23 48 0.125 
23 85 0.5 
23 175 0.125 
24 21 0.125 
24 13 0.015625 
24 74 0.015625 
24 84 0.125 
24 96 0.5 
24 149 0.5 
24 153 0.015625 
25 14 0.125 
25 31 0.015625 
25 32 0.5 
25 39 0.125 
25 178 0.125 
26 12 0.015625 
26 15 0.5 
26 86 0.015625 
26 100 0.5 
27 12 0.015625 
27 101 0.015625 
27 176 0.5 
27 481 0.015625 
28 13 0.015625 
28 17 0.125 
28 35 0.015625 
28 58 0.015625 
28 77 0.015625 
28 78 0.125 
28 83 0.125 
28 94 0.5 
28 187 0.125 
28 211 0.125 
29 22 0.015625 
29 14 0.015625 
29 30 0.5 
29 38 0.5 
29 80 0.015625 
29 104 0.015625 
30 29 0.015625 
30 71 0.015625 
30 97 0.015625 
30 139 0.5 
31 25 0.5 
31 14 0.125 
31 178 0.015625 
32 25 0.125 
32 14 0.5 
32 31 0.125 
32 36 0.015625 
32 40 0.5 
32 49 0.5 
32 54 0.125 
32 60 0.5 
33 28 0.125 
33 52 0.015625 
33 152 0.015625 
34 21 0.5 
34 29 0.015625 
34 41 0.5 
34 88 0.125 
34 124 0.015625 
35 28 0.125 
35 77 0.125 
35 78 0.125 
35 187 0.5 
35 211 0.125 
36 16 0.015625 
36 32 0.125 
36 18 0.125 
36 14 0.015625 
36 49 0.5 
36 76 0.5 
36 207 0.015625 
36 217 0.015625 
37 13 0.5 
37 59 0.125 
37 261 0.5 
38 14 0.125 
38 22 0.125 
38 29 0.5 
38 218 0.5 
39 14 0.125 
39 25 0.5 
39 90 0.015625 
39 107 0.5 
40 16 0.5 
40 14 0.015625 
40 32 0.125 
40 64 0.015625 
40 73 0.015625 
41 34 0.5 
41 42 0.5 
41 88 0.125 
41 95 0.125 
42 41 0.015625 
42 34 0.125 
42 13 0.015625 
42 46 0.5 
42 47 0.5 
42 56 0.5 
42 58 0.5 
42 63 0.015625 
42 66 0.125 
42 67 0.5 
42 73 0.5 
42 106 0.5 
42 126 0.125 
42 144 0.5 
42 148 0.015625 
42 213 0.5 
43 13 0.5 
43 51 0.015625 
43 55 0.015625 
43 62 0.125 
43 70 0.015625 
43 92 0.125 
43 103 0.015625 
43 125 0.125 
43 130 0.125 
43 166 0.5 
44 20 0.5 
45 42 0.015625 
45 57 0.125 
45 106 0.5 
45 144 0.125 
45 148 0.015625 
45 163 0.015625 
45 213 0.125 
45 221 0.125 
45 479 0.125 
46 42 0.015625 
46 106 0.015625 
47 42 0.125 
47 46 0.015625 
47 63 0.5 
48 23 0.125 
48 85 0.5 
48 136 0.5 
48 175 0.015625 
49 32 0.125 
49 36 0.5 
49 39 0.125 
49 14 0.015625 
49 50 0.015625 
49 98 0.015625 
49 131 0.125 
49 182 0.125 
50 38 0.015625 
50 49 0.5 
50 22 0.125 
50 146 0.125 
50 182 0.015625 
50 218 0.015625 
51 43 0.015625 
51 108 0.125 
51 130 0.015625 
51 156 0.125 
52 33 0.125 
52 29 0.015625 
52 30 0.015625 
53 12 0.015625 
53 69 0.015625 
54 16 0.5 
54 32 0.125 
54 39 0.015625 
54 61 0.5 
54 109 0.015625 
55 43 0.125 
55 16 0.5 
55 110 0.125 
55 133 0.5 
55 161 0.015625 
55 162 0.015625 
56 14 0.015625 
56 40 0.015625 
56 42 0.5 
56 63 0.015625 
56 118 0.015625 
56 159 0.5 
56 171 0.015625 
57 17 0.5 
57 45 0.5 
57 65 0.5 
57 79 0.125 
58 28 0.015625 
58 45 0.015625 
58 36 0.125 
58 42 0.015625 
58 93 0.125 
58 94 0.015625 
58 99 0.5 
58 123 0.125 
58 151 0.125 
58 173 0.015625 
59 13 0.5 
59 37 0.125 
59 66 0.125 
59 94 0.125 
59 214 0.015625 
60 49 0.125 
60 32 0.015625 
60 145 0.015625 
61 54 0.015625 
61 131 0.5 
61 143 0.5 
62 43 0.125 
62 92 0.015625 
62 103 0.5 
62 122 0.125 
62 130 0.015625 
63 56 0.015625 
63 42 0.125 
63 46 0.125 
63 47 0.5 
63 80 0.125 
64 40 0.125 
65 57 0.125 
66 59 0.015625 
66 47 0.125 
66 42 0.015625 
66 119 0.5 
66 134 0.125 
66 210 0.015625 
66 215 0.015625 
67 42 0.015625 
67 45 0.015625 
67 47 0.015625 
68 21 0.5 
69 12 0.125 
69 53 0.5 
70 43 0.015625 
70 66 0.5 
70 62 0.125 
70 72 0.5 
70 73 0.015625 
70 120 0.125 
70 170 0.5 
70 177 0.5 
71 30 0.015625 
71 75 0.125 
71 121 0.5 
72 70 0.015625 
72 170 0.125 
73 40 0.015625 
73 47 0.015625 
73 70 0.5 
73 42 0.125 
73 165 0.015625 
73 193 0.5 
73 203 0.125 
74 24 0.125 
74 43 0.125 
74 84 0.5 
74 116 0.5 
75 71 0.5 
75 82 0.5 
76 36 0.125 
76 181 0.015625 
77 28 0.125 
77 35 0.015625 
77 83 0.5 
77 123 0.015625 
78 35 0.5 
78 28 0.125 
78 52 0.015625 
78 89 0.015625 
78 93 0.5 
78 104 0.015625 
78 138 0.125 
78 140 0.015625 
78 461 0.125 
79 57 0.5 
80 29 0.125 
80 63 0.015625 
81 12 0.5 
81 53 0.015625 
81 167 0.5 
81 184 0.5 
81 263 0.125 
82 75 0.015625 
82 71 0.5 
82 152 0.015625 
82 158 0.015625 
82 202 0.5 
83 35 0.5 
83 28 0.015625 
83 77 0.015625 
83 123 0.015625 
83 187 0.125 
83 211 0.015625 
84 24 0.125 
84 74 0.125 
84 168 0.125 
84 209 0.125 
85 23 0.015625 
85 48 0.5 
86 26 0.5 
86 12 0.015625 
86 119 0.015625 
86 128 0.5 
87 69 0.5 
87 81 0.015625 
87 12 0.5 
88 41 0.5 
88 34 0.125 
89 78 0.5 
89 140 0.125 
89 256 0.5 
90 39 0.015625 
90 107 0.5 
91 16 0.5 
92 62 0.5 
92 43 0.015625 
92 51 0.125 
92 108 0.125 
93 78 0.5 
93 30 0.125 
93 58 0.5 
93 189 0.015625 
93 212 0.015625 
94 43 0.015625 
94 28 0.5 
94 93 0.015625 
94 59 0.5 
94 58 0.015625 
94 121 0.125 
94 132 0.5 
94 198 0.015625 
95 21 0.015625 
95 41 0.5 
95 42 0.125 
95 102 0.125 
95 105 0.125 
95 106 0.125 
95 174 0.5 
96 24 0.5 
96 111 0.125 
96 155 0.5 
97 30 0.125 
98 49 0.5 
99 58 0.015625 
100 26 0.5 
101 27 0.125 
101 164 0.5 
101 176 0.015625 
101 185 0.5 
101 204 0.015625 
102 95 0.015625 
102 195 0.015625 
102 206 0.015625 
103 43 0.125 
103 62 0.125 
103 125 0.5 
104 29 0.5 
104 78 0.5 
104 180 0.5 
104 183 0.5 
104 188 0.015625 
105 95 0.015625 
106 95 0.015625 
106 45 0.5 
106 42 0.125 
106 46 0.5 
106 112 0.5 
106 135 0.5 
106 172 0.5 
106 179 0.015625 
107 90 0.5 
107 39 0.5 
108 43 0.125 
108 92 0.015625 
108 103 0.125 
108 51 0.125 
108 166 0.125 
109 90 0.5 
109 54 0.125 
109 39 0.125 
110 55 0.125 
110 141 0.5 
111 96 0.015625 
111 22 0.5 
112 106 0.015625 
112 172 0.5 
112 179 0.125 
113 24 0.015625 
113 137 0.015625 
113 192 0.125 
114 12 0.125 
114 101 0.125 
114 27 0.125 
115 78 0.015625 
116 74 0.125 
117 14 0.5 
117 20 0.5 
117 142 0.5 
118 56 0.125 
118 171 0.125 
119 66 0.5 
119 86 0.125 
119 157 0.125 
120 70 0.015625 
121 83 0.125 
121 71 0.015625 
121 28 0.125 
121 94 0.015625 
121 147 0.5 
121 154 0.5 
122 62 0.5 
122 43 0.015625 
122 92 0.015625 
122 51 0.5 
123 83 0.015625 
123 58 0.015625 
123 94 0.015625 
123 77 0.015625 
123 170 0.125 
124 21 0.125 
124 34 0.125 
124 114 0.015625 
124 150 0.5 
124 160 0.5 
124 196 0.125 
125 43 0.015625 
125 103 0.5 
126 42 0.5 
126 148 0.125 
127 22 0.015625 
127 38 0.125 
127 50 0.125 
127 129 0.5 
127 136 0.125 
128 19 0.125 
128 86 0.125 
129 127 0.015625 
130 43 0.015625 
130 51 0.015625 
130 62 0.5 
130 200 0.5 
131 49 0.125 
131 61 0.5 
132 94 0.5 
133 110 0.015625 
133 55 0.125 
133 161 0.015625 
134 66 0.5 
135 106 0.015625 
136 48 0.5 
136 127 0.125 
137 113 0.125 
137 192 0.5 
138 78 0.015625 
139 30 0.015625 
140 78 0.015625 
140 89 0.5 
141 110 0.125 
141 133 0.125 
141 55 0.5 
141 162 0.015625 
142 117 0.5 
143 61 0.125 
144 45 0.125 
144 42 0.125 
144 163 0.015625 
145 60 0.015625 
146 22 0.015625 
146 50 0.125 
147 121 0.125 
147 158 0.5 
148 45 0.015625 
148 42 0.015625 
148 144 0.015625 
148 126 0.015625 
148 163 0.5 
149 24 0.015625 
150 124 0.015625 
150 160 0.5 
150 196 0.125 
151 58 0.125 
151 94 0.015625 
151 132 0.015625 
152 82 0.015625 
152 33 0.5 
152 197 0.5 
153 24 0.015625 
154 121 0.125 
154 256 0.125 
155 96 0.125 
155 153 0.015625 
155 167 0.015625 
155 169 0.015625 
156 62 0.015625 
156 51 0.5 
156 92 0.125 
157 119 0.015625 
158 154 0.015625 
158 147 0.125 
158 82 0.5 
158 121 0.5 
158 194 0.015625 
158 201 0.125 
159 56 0.5 
159 118 0.125 
159 171 0.5 
160 124 0.5 
160 150 0.015625 
160 196 0.125 
161 55 0.5 
161 133 0.015625 
161 110 0.015625 
161 141 0.125 
161 186 0.125 
162 141 0.015625 
162 55 0.015625 
163 144 0.015625 
163 45 0.015625 
163 47 0.5 
163 148 0.015625 
164 101 0.015625 
164 12 0.5 
164 27 0.125 
164 222 0.015625 
165 73 0.125 
165 193 0.125 
165 203 0.5 
166 43 0.015625 
166 62 0.125 
166 108 0.5 
167 81 0.015625 
167 155 0.015625 
168 84 0.125 
169 155 0.5 
170 70 0.015625 
170 72 0.5 
170 123 0.015625 
171 56 0.125 
171 118 0.125 
171 159 0.125 
172 106 0.125 
172 112 0.015625 
173 58 0.015625 
174 95 0.015625 
175 48 0.5 
175 23 0.5 
175 208 0.5 
176 101 0.015625 
176 27 0.125 
176 216 0.015625 
177 70 0.5 
178 25 0.015625 
178 31 0.015625 
178 14 0.125 
179 135 0.5 
179 112 0.125 
179 106 0.125 
180 104 0.5 
180 183 0.125 
181 76 0.125 
182 49 0.5 
182 50 0.5 
183 104 0.015625 
183 180 0.5 
183 188 0.5 
184 12 0.125 
184 81 0.5 
185 101 0.5 
185 176 0.015625 
186 110 0.015625 
186 133 0.5 
186 161 0.5 
187 28 0.5 
187 83 0.5 
187 35 0.125 
188 104 0.5 
188 183 0.015625 
188 180 0.5 
189 93 0.015625 
190 21 0.125 
190 219 0.5 
190 481 0.125 
191 47 0.5 
191 45 0.015625 
191 42 0.125 
192 113 0.5 
192 137 0.5 
193 73 0.015625 
193 165 0.5 
193 203 0.125 
194 158 0.015625 
195 102 0.015625 
195 206 0.5 
196 124 0.5 
196 160 0.125 
196 150 0.015625 
197 152 0.5 
198 94 0.5 
199 159 0.015625 
199 171 0.015625 
199 56 0.5 
200 130 0.5 
200 153 0.125 
200 43 0.015625 
201 158 0.015625 
201 94 0.015625 
202 82 0.5 
203 73 0.015625 
203 165 0.015625 
203 193 0.015625 
204 27 0.125 
204 101 0.125 
204 176 0.015625 
204 216 0.5 
204 223 0.015625 
205 21 0.5 
205 219 0.5 
206 102 0.5 
206 195 0.5 
207 36 0.015625 
207 146 0.5 
208 175 0.125 
209 84 0.015625 
210 66 0.015625 
210 134 0.125 
210 464 0.5 
211 35 0.015625 
211 28 0.125 
211 83 0.125 
212 93 0.015625 
213 42 0.125 
213 45 0.015625 
213 47 0.125 
213 46 0.125 
214 13 0.015625 
214 59 0.5 
214 37 0.015625 
215 134 0.015625 
215 66 0.015625 
216 176 0.5 
216 101 0.015625 
216 204 0.5 
217 36 0.5 
217 146 0.125 
217 218 0.5 
217 220 0.5 
218 50 0.015625 
218 38 0.5 
218 217 0.125 
219 21 0.125 
219 205 0.015625 
219 190 0.5 
220 217 0.015625 
221 213 0.125 
221 148 0.125 
221 47 0.5 
221 45 0.015625 
222 164 0.5 
222 223 0.015625 
223 9 0.015625 
223 204 0.125 
223 12 0.125 
223 53 0.015625 
223 222 0.125 
223 224 0.125 
223 226 0.125 
224 223 0.015625 
224 225 0.125 
224 229 0.5 
225 224 0.5 
225 223 0.015625 
226 223 0.015625 
226 225 0.125 
226 227 0.125 
226 235 0.125 
227 226 0.015625 
227 235 0.5 
228 224 0.125 
228 229 0.5 
229 224 0.125 
229 228 0.125 
229 232 0.125 
229 234 0.5 
230 224 0.5 
230 231 0.125 
230 236 0.125 
231 230 0.125 
231 233 0.015625 
231 237 0.125 
232 229 0.015625 
233 231 0.5 
234 229 0.5 
235 226 0.5 
235 223 0.015625 
235 227 0.5 
236 230 0.5 
237 231 0.125 
238 20 0.125 
238 231 0.015625 
238 31 0.125 
238 54 0.015625 
238 237 0.125 
238 239 0.015625 
238 240 0.015625 
238 248 0.125 
239 238 0.125 
239 242 0.125 
240 238 0.125 
240 241 0.125 
240 243 0.125 
240 246 0.015625 
241 240 0.015625 
241 244 0.5 
241 251 0.015625 
242 239 0.5 
242 245 0.015625 
242 252 0.125 
243 240 0.015625 
243 244 0.5 
243 255 0.125 
244 243 0.015625 
244 241 0.5 
244 247 0.5 
244 249 0.015625 
244 251 0.015625 
244 255 0.015625 
245 242 0.015625 
245 246 0.5 
245 253 0.125 
246 240 0.125 
246 245 0.125 
246 249 0.125 
246 253 0.125 
247 244 0.015625 
248 238 0.015625 
249 244 0.125 
249 247 0.5 
249 246 0.125 
249 250 0.125 
249 251 0.015625 
250 249 0.5 
251 244 0.125 
251 249 0.5 
251 241 0.015625 
251 481 0.015625 
252 242 0.015625 
253 246 0.015625 
253 245 0.125 
254 249 0.015625 
255 244 0.5 
255 243 0.125 
256 89 0.5 
256 83 0.5 
256 154 0.125 
256 63 0.015625 
256 193 0.5 
256 257 0.015625 
256 258 0.5 
256 259 0.5 
257 256 0.125 
257 259 0.015625 
257 260 0.125 
258 256 0.5 
259 257 0.015625 
259 256 0.015625 
260 257 0.015625 
261 37 0.015625 
261 73 0.125 
261 125 0.5 
261 51 0.015625 
261 262 0.5 
262 261 0.5 
263 108 0.125 
263 156 0.5 
263 81 0.015625 
263 94 0.015625 
263 128 0.5 
263 264 0.015625 
263 267 0.015625 
263 273 0.015625 
263 287 0.5 
263 330 0.5 
263 332 0.125 
263 375 0.125 
264 263 0.015625 
264 265 0.5 
264 274 0.125 
264 278 0.5 
264 295 0.015625 
264 302 0.125 
264 304 0.125 
264 314 0.125 
264 324 0.5 
264 326 0.015625 
264 334 0.125 
264 341 0.125 
264 366 0.125 
264 368 0.015625 
264 433 0.125 
265 264 0.5 
265 266 0.015625 
265 268 0.015625 
265 313 0.5 
265 358 0.015625 
266 265 0.5 
266 270 0.015625 
266 285 0.5 
266 306 0.5 
266 321 0.125 
266 322 0.125 
266 459 0.5 
267 263 0.125 
267 269 0.125 
267 272 0.125 
267 288 0.015625 
267 351 0.5 
267 367 0.015625 
268 265 0.125 
268 271 0.125 
268 277 0.5 
268 289 0.015625 
268 303 0.125 
268 328 0.5 
268 331 0.5 
268 361 0.5 
268 399 0.125 
268 424 0.015625 
269 267 0.125 
269 283 0.125 
269 288 0.015625 
269 309 0.125 
269 373 0.015625 
269 388 0.5 
270 266 0.125 
270 284 0.015625 
270 310 0.125 
271 268 0.125 
271 264 0.015625 
271 275 0.125 
271 290 0.125 
271 307 0.125 
271 318 0.125 
271 344 0.5 
271 387 0.125 
272 267 0.5 
272 276 0.125 
272 279 0.015625 
272 377 0.125 
272 430 0.5 
272 439 0.015625 
273 263 0.015625 
273 280 0.125 
274 264 0.015625 
274 357 0.015625 
274 369 0.125 
275 271 0.015625 
275 307 0.125 
275 318 0.5 
275 350 0.015625 
275 353 0.125 
275 384 0.015625 
275 387 0.015625 
276 272 0.5 
276 279 0.015625 
276 281 0.5 
276 294 0.015625 
276 316 0.5 
276 365 0.125 
276 374 0.5 
276 378 0.125 
277 268 0.015625 
277 293 0.5 
277 296 0.125 
278 264 0.015625 
278 298 0.015625 
278 343 0.015625 
278 356 0.015625 
279 276 0.015625 
279 272 0.015625 
279 263 0.015625 
279 450 0.015625 
280 273 0.125 
280 263 0.015625 
280 291 0.5 
280 315 0.125 
280 330 0.5 
280 352 0.5 
280 376 0.5 
280 441 0.125 
281 276 0.5 
281 272 0.5 
281 301 0.125 
281 317 0.125 
281 351 0.125 
281 449 0.125 
282 263 0.015625 
282 274 0.5 
282 333 0.125 
282 347 0.015625 
282 412 0.125 
282 420 0.015625 
283 269 0.5 
283 309 0.5 
284 270 0.125 
284 327 0.015625 
284 372 0.125 
285 266 0.5 
285 270 0.125 
285 348 0.015625 
286 275 0.015625 
286 278 0.5 
286 271 0.125 
286 312 0.5 
286 381 0.015625 
286 393 0.5 
287 263 0.015625 
287 299 0.5 
287 392 0.015625 
287 436 0.5 
288 269 0.015625 
288 267 0.125 
288 377 0.5 
288 407 0.5 
288 431 0.015625 
289 268 0.015625 
289 297 0.015625 
289 308 0.5 
289 358 0.125 
289 404 0.015625 
290 263 0.015625 
290 278 0.5 
290 271 0.5 
290 276 0.015625 
290 325 0.5 
290 370 0.015625 
291 280 0.5 
291 315 0.015625 
291 330 0.5 
291 352 0.5 
291 441 0.5 
292 264 0.5 
292 286 0.015625 
292 337 0.5 
292 338 0.5 
292 416 0.125 
293 277 0.125 
293 318 0.015625 
293 335 0.5 
293 353 0.015625 
294 276 0.015625 
295 264 0.125 
295 300 0.015625 
295 305 0.125 
295 413 0.5 
296 277 0.5 
296 293 0.015625 
296 335 0.125 
297 289 0.125 
297 342 0.015625 
297 391 0.125 
298 278 0.015625 
298 312 0.5 
298 371 0.125 
298 444 0.015625 
299 263 0.5 
299 287 0.125 
299 403 0.5 
300 295 0.5 
300 305 0.015625 
300 362 0.5 
300 394 0.5 
300 413 0.125 
300 422 0.015625 
301 281 0.125 
301 317 0.5 
301 396 0.5 
302 264 0.5 
302 278 0.5 
302 339 0.5 
302 425 0.015625 
303 268 0.125 
303 331 0.5 
304 264 0.5 
304 314 0.5 
304 341 0.5 
304 451 0.5 
305 300 0.5 
305 295 0.5 
305 413 0.015625 
306 266 0.5 
306 459 0.015625 
307 271 0.5 
307 275 0.5 
307 350 0.015625 
307 353 0.015625 
307 384 0.5 
308 289 0.015625 
308 402 0.015625 
308 420 0.5 
308 460 0.125 
309 269 0.125 
309 283 0.015625 
309 311 0.5 
309 363 0.125 
310 270 0.125 
311 309 0.125 
312 298 0.015625 
312 270 0.5 
312 286 0.125 
312 381 0.5 
313 265 0.5 
314 264 0.125 
314 304 0.5 
314 324 0.125 
314 326 0.5 
314 334 0.015625 
314 341 0.015625 
314 433 0.125 
315 280 0.125 
315 278 0.015625 
315 291 0.015625 
315 324 0.015625 
315 356 0.015625 
316 276 0.125 
316 294 0.125 
317 301 0.5 
317 281 0.125 
317 351 0.015625 
317 386 0.015625 
317 396 0.5 
317 449 0.5 
318 293 0.015625 
318 271 0.015625 
318 295 0.125 
318 275 0.5 
318 319 0.125 
318 320 0.125 
318 323 0.5 
319 318 0.5 
319 320 0.015625 
319 323 0.5 
319 337 0.015625 
319 434 0.015625 
320 318 0.5 
320 319 0.125 
320 286 0.125 
320 340 0.125 
320 348 0.015625 
320 409 0.015625 
320 421 0.125 
321 306 0.125 
321 266 0.5 
321 438 0.5 
322 266 0.5 
322 285 0.015625 
322 321 0.015625 
322 362 0.125 
323 318 0.015625 
323 286 0.125 
323 319 0.125 
323 447 0.5 
324 304 0.5 
324 264 0.5 
324 314 0.125 
324 315 0.5 
324 329 0.125 
324 332 0.5 
324 346 0.015625 
324 454 0.015625 
325 290 0.5 
326 264 0.125 
326 314 0.125 
326 433 0.015625 
327 320 0.015625 
327 284 0.125 
327 336 0.015625 
327 397 0.015625 
328 268 0.015625 
329 324 0.125 
329 443 0.5 
330 263 0.125 
330 291 0.125 
330 280 0.125 
330 349 0.125 
330 428 0.125 
331 268 0.125 
331 281 0.125 
331 303 0.5 
331 408 0.5 
331 446 0.125 
331 455 0.5 
332 324 0.015625 
332 263 0.015625 
333 282 0.015625 
334 264 0.125 
334 314 0.015625 
334 341 0.125 
334 366 0.015625 
335 293 0.125 
335 296 0.125 
336 289 0.015625 
336 327 0.5 
336 265 0.5 
337 305 0.015625 
337 318 0.125 
337 319 0.5 
337 292 0.125 
337 342 0.015625 
337 381 0.015625 
338 292 0.015625 
338 325 0.015625 
338 264 0.125 
338 418 0.125 
339 302 0.5 
339 425 0.015625 
340 320 0.125 
340 348 0.5 
340 409 0.5 
340 421 0.125 
341 304 0.125 
341 264 0.015625 
341 334 0.015625 
341 314 0.015625 
341 385 0.015625 
341 433 0.125 
342 297 0.015625 
342 264 0.125 
342 337 0.015625 
342 360 0.125 
342 404 0.125 
342 410 0.015625 
343 278 0.125 
344 271 0.125 
344 275 0.015625 
344 345 0.5 
345 344 0.015625 
346 324 0.125 
346 454 0.015625 
347 282 0.015625 
347 406 0.015625 
347 412 0.5 
348 340 0.015625 
348 270 0.5 
348 320 0.015625 
348 285 0.125 
348 383 0.125 
348 432 0.5 
349 272 0.015625 
349 273 0.015625 
349 330 0.015625 
349 269 0.015625 
350 271 0.015625 
350 307 0.015625 
350 275 0.015625 
351 267 0.015625 
351 281 0.015625 
351 317 0.5 
351 427 0.125 
352 280 0.125 
352 291 0.125 
352 376 0.5 
352 411 0.5 
353 271 0.015625 
353 307 0.015625 
353 293 0.015625 
353 275 0.015625 
353 382 0.015625 
353 401 0.5 
354 264 0.015625 
354 341 0.5 
354 314 0.015625 
354 304 0.125 
354 385 0.5 
355 276 0.125 
355 379 0.5 
355 400 0.5 
355 435 0.125 
356 343 0.5 
356 315 0.5 
356 278 0.125 
356 379 0.015625 
356 390 0.015625 
356 452 0.015625 
357 274 0.5 
357 330 0.5 
357 392 0.125 
357 458 0.5 
358 282 0.015625 
358 265 0.125 
358 289 0.015625 
358 333 0.015625 
359 353 0.5 
360 342 0.5 
360 410 0.5 
361 268 0.125 
361 303 0.5 
361 405 0.125 
361 453 0.125 
362 322 0.125 
362 320 0.015625 
362 300 0.5 
362 429 0.015625 
362 438 0.015625 
363 309 0.125 
363 279 0.125 
363 415 0.5 
364 343 0.015625 
364 278 0.015625 
365 276 0.015625 
366 264 0.015625 
366 341 0.5 
366 334 0.015625 
366 368 0.015625 
366 385 0.125 
367 267 0.125 
368 264 0.125 
368 366 0.015625 
368 341 0.015625 
369 274 0.015625 
370 338 0.5 
370 290 0.015625 
371 298 0.015625 
372 284 0.125 
372 442 0.5 
373 269 0.5 
373 283 0.125 
373 481 0.5 
374 272 0.015625 
374 276 0.015625 
375 263 0.015625 
376 280 0.125 
376 352 0.015625 
376 291 0.125 
377 279 0.015625 
377 272 0.015625 
377 288 0.015625 
377 419 0.5 
378 276 0.015625 
378 365 0.015625 
379 356 0.5 
379 343 0.015625 
379 355 0.125 
379 395 0.125 
379 398 0.5 
379 414 0.5 
380 271 0.125 
380 355 0.125 
380 331 0.5 
380 307 0.5 
380 301 0.125 
381 312 0.015625 
381 286 0.125 
381 337 0.5 
381 437 0.5 
382 353 0.015625 
383 348 0.5 
383 389 0.125 
383 421 0.125 
383 423 0.125 
383 445 0.015625 
384 307 0.125 
384 275 0.015625 
385 264 0.015625 
385 341 0.5 
385 366 0.015625 
385 354 0.5 
386 317 0.125 
386 281 0.125 
386 301 0.5 
386 396 0.5 
387 275 0.125 
387 271 0.5 
387 307 0.5 
388 373 0.5 
388 269 0.125 
389 383 0.5 
390 356 0.5 
391 297 0.015625 
392 357 0.015625 
392 287 0.5 
392 426 0.125 
393 286 0.5 
394 295 0.125 
394 300 0.5 
395 379 0.015625 
395 448 0.5 
396 317 0.015625 
396 386 0.125 
396 301 0.5 
396 449 0.5 
397 327 0.125 
398 379 0.125 
399 268 0.5 
400 355 0.5 
400 435 0.125 
401 353 0.015625 
401 382 0.125 
401 456 0.015625 
402 308 0.5 
402 436 0.125 
403 299 0.125 
403 450 0.015625 
404 289 0.125 
404 342 0.125 
405 361 0.015625 
405 453 0.125 
406 282 0.125 
406 333 0.015625 
406 347 0.5 
407 288 0.015625 
408 331 0.015625 
408 446 0.5 
409 320 0.125 
409 340 0.5 
410 342 0.015625 
410 360 0.015625 
411 352 0.125 
411 356 0.125 
411 390 0.125 
411 376 0.125 
411 280 0.5 
412 347 0.5 
412 282 0.125 
413 295 0.015625 
413 300 0.125 
413 305 0.015625 
414 379 0.5 
414 294 0.015625 
414 448 0.015625 
415 363 0.015625 
416 292 0.015625 
417 287 0.015625 
418 338 0.5 
419 377 0.5 
420 282 0.5 
420 308 0.015625 
421 383 0.125 
421 320 0.5 
421 340 0.125 
422 305 0.015625 
422 413 0.5 
422 300 0.015625 
422 429 0.5 
422 479 0.5 
423 383 0.125 
423 389 0.015625 
424 268 0.5 
425 302 0.015625 
425 339 0.5 
426 392 0.125 
427 351 0.015625 
428 330 0.125 
429 422 0.125 
429 305 0.125 
429 300 0.5 
429 362 0.125 
430 272 0.125 
431 288 0.125 
432 348 0.125 
433 326 0.015625 
433 314 0.5 
433 341 0.125 
433 264 0.125 
433 451 0.015625 
434 318 0.5 
434 405 0.125 
434 361 0.125 
434 319 0.015625 
434 440 0.125 
435 355 0.5 
435 400 0.015625 
436 402 0.5 
436 287 0.5 
436 457 0.015625 
437 337 0.015625 
437 381 0.015625 
438 362 0.015625 
438 321 0.5 
438 266 0.125 
439 272 0.015625 
439 415 0.5 
439 363 0.125 
440 434 0.5 
441 291 0.125 
441 280 0.125 
441 450 0.125 
442 372 0.015625 
443 324 0.015625 
443 329 0.125 
444 298 0.015625 
444 371 0.125 
445 383 0.125 
445 389 0.015625 
445 423 0.5 
446 331 0.015625 
446 408 0.015625 
447 323 0.125 
448 414 0.015625 
448 395 0.015625 
449 317 0.015625 
449 281 0.125 
449 396 0.015625 
450 279 0.5 
450 441 0.015625 
450 291 0.015625 
450 403 0.125 
451 366 0.5 
451 264 0.015625 
451 433 0.5 
451 354 0.015625 
451 304 0.5 
452 356 0.015625 
453 361 0.015625 
453 405 0.015625 
454 329 0.015625 
454 324 0.5 
454 346 0.5 
454 443 0.125 
455 331 0.5 
455 408 0.5 
456 353 0.015625 
456 401 0.5 
456 382 0.125 
457 436 0.5 
458 357 0.015625 
459 266 0.125 
459 306 0.5 
460 308 0.015625 
461 414 0.125 
461 342 0.125 
461 78 0.015625 
461 278 0.125 
461 42 0.125 
461 462 0.5 
462 461 0.125 
462 463 0.125 
463 462 0.125 
464 13 0.015625 
464 43 0.5 
464 210 0.015625 
464 163 0.125 
464 376 0.125 
464 465 0.015625 
464 473 0.125 
464 474 0.015625 
465 464 0.015625 
465 466 0.125 
465 471 0.125 
465 475 0.125 
465 478 0.5 
466 464 0.015625 
466 465 0.125 
466 467 0.125 
466 476 0.125 
467 466 0.015625 
467 468 0.015625 
467 470 0.5 
467 472 0.015625 
468 467 0.125 
469 465 0.015625 
469 464 0.5 
469 466 0.125 
469 475 0.015625 
470 467 0.5 
471 465 0.5 
472 467 0.125 
472 469 0.015625 
473 464 0.5 
473 466 0.5 
474 464 0.125 
474 473 0.125 
475 465 0.125 
475 469 0.5 
475 477 0.5 
475 478 0.125 
476 466 0.5 
477 475 0.015625 
478 475 0.125 
478 465 0.125 
479 0 0.5 
479 45 0.015625 
479 370 0.015625 
479 422 0.125 
479 161 0.015625 
479 480 0.125 
480 479 0.5 
481 251 0.125 
481 373 0.125 
481 347 0.5 
481 27 0.5 
481 190 0.125 
481 482 0.5 
481 484 0.125 
481 485 0.125 
482 481 0.015625 
482 483 0.5 
482 489 0.015625 
483 482 0.125 
483 490 0.015625 
484 481 0.125 
484 486 0.5 
484 487 0.125 
484 488 0.5 
484 492 0.125 
485 481 0.015625 
485 491 0.5 
486 484 0.5 
487 484 0.015625 
487 488 0.125 
488 484 0.5 
488 487 0.015625 
488 486 0.015625 
489 483 0.125 
489 482 0.125 
490 483 0.5 
491 485 0.015625 
491 486 0.5 
492 484 0.5 
492 433 0.015625 
492 21 0.015625 
492 70 0.5 
492 264 0.5 
492 493 0.125 
492 496 0.125 
492 497 0.125 
493 492 0.5 
493 494 0.015625 
494 493 0.5 
494 498 0.5 
495 494 0.015625 
496 492 0.015625 
496 497 0.125 
496 499 0.5 
497 492 0.5 
497 496 0.125 
498 494 0.125 
499 496 0.125 
