500
0 1 0.0625 
0 12 0.0625 
1 0 0.0625 
1 2 0.015625 
1 3 0.0625 
1 5 0.0625 
2 1 0.0625 
2 4 0.25 
3 1 0.015625 
4 2 0.25 
5 1 0.25 
5 2 0.015625 
5 6 0.0625 
5 8 0.0625 
5 9 0.015625 
6 5 0.0625 
6 7 0.0625 
6 10 0.25 
6 261 0.015625 
7 6 0.25 
7 11 0.0625 
8 5 0.0625 
8 12 0.25 
8 464 0.25 
9 5 0.0625 
10 6 0.015625 
11 7 0.25 
12 8 0.015625 
12 0 0.015625 
12 13 0.25 
12 20 0.015625 
12 21 0.015625 
12 37 0.015625 
12 55 0.25 
12 78 0.0625 
12 81 0.015625 
12 128 0.0625 
12 158 0.015625 
12 185 0.25 
12 215 0.0625 
13 12 0.015625 
13 14 0.015625 
13 16 0.0625 
13 45 0.0625 
13 141 0.0625 
13 181 0.015625 
13 222 0.015625 
14 13 0.0625 
14 15 0.25 
14 17 0.25 
14 22 0.015625 
14 24 0.015625 
14 59 0.25 
14 102 0.015625 
14 145 0.0625 
14 214 0.25 
15 14 0.25 
15 26 0.0625 
15 30 0.015625 
15 131 0.015625 
15 134 0.25 
15 201 0.0625 
15 223 0.0625 
16 13 0.015625 
16 17 0.015625 
16 18 0.0625 
16 87 0.25 
16 181 0.015625 
16 216 0.25 
17 16 0.015625 
17 14 0.015625 
17 18 0.0625 
17 29 0.0625 
17 51 0.25 
17 72 0.0625 
17 98 0.015625 
18 17 0.25 
18 16 0.25 
18 19 0.0625 
18 28 0.0625 
18 33 0.0625 
18 34 0.015625 
18 35 0.0625 
18 40 0.0625 
18 44 0.0625 
18 200 0.0625 
19 18 0.015625 
20 12 0.0625 
20 23 0.0625 
20 46 0.25 
20 67 0.25 
20 81 0.0625 
20 88 0.015625 
20 172 0.015625 
21 12 0.0625 
21 26 0.0625 
21 37 0.0625 
21 54 0.25 
21 131 0.015625 
22 14 0.25 
22 30 0.25 
22 206 0.25 
23 20 0.015625 
23 25 0.0625 
24 14 0.25 
24 41 0.015625 
24 65 0.015625 
24 83 0.25 
24 104 0.015625 
24 115 0.015625 
24 120 0.0625 
24 176 0.25 
24 188 0.015625 
24 492 0.25 
25 23 0.25 
26 24 0.015625 
26 15 0.0625 
26 21 0.0625 
26 27 0.015625 
26 31 0.0625 
26 36 0.0625 
26 38 0.015625 
26 56 0.25 
26 71 0.015625 
26 89 0.0625 
26 202 0.25 
26 208 0.0625 
27 26 0.015625 
27 39 0.0625 
27 51 0.015625 
27 154 0.0625 
27 179 0.0625 
27 263 0.015625 
28 17 0.015625 
28 18 0.0625 
28 19 0.015625 
28 65 0.0625 
28 189 0.25 
29 17 0.015625 
29 27 0.0625 
29 32 0.015625 
29 72 0.015625 
29 82 0.0625 
29 96 0.0625 
29 112 0.0625 
29 132 0.25 
29 156 0.015625 
29 186 0.015625 
30 15 0.0625 
30 22 0.015625 
30 42 0.0625 
30 52 0.015625 
30 58 0.015625 
30 62 0.015625 
30 107 0.25 
31 26 0.0625 
31 32 0.015625 
31 76 0.25 
31 82 0.25 
31 97 0.015625 
31 144 0.0625 
31 157 0.25 
31 168 0.015625 
31 221 0.015625 
31 223 0.25 
32 29 0.25 
32 31 0.015625 
32 48 0.015625 
32 111 0.0625 
32 117 0.0625 
32 146 0.25 
32 151 0.25 
32 191 0.015625 
33 18 0.0625 
33 19 0.0625 
33 94 0.25 
33 200 0.0625 
34 17 0.25 
34 18 0.015625 
34 121 0.015625 
34 129 0.0625 
35 18 0.0625 
36 26 0.015625 
36 89 0.25 
37 12 0.0625 
37 21 0.25 
37 42 0.25 
37 49 0.0625 
37 60 0.0625 
37 86 0.0625 
37 137 0.0625 
38 26 0.25 
38 71 0.0625 
38 202 0.015625 
38 492 0.25 
39 27 0.015625 
39 82 0.0625 
39 154 0.015625 
40 18 0.0625 
40 63 0.015625 
40 218 0.0625 
41 24 0.0625 
41 43 0.0625 
41 46 0.25 
41 57 0.015625 
41 101 0.0625 
41 142 0.015625 
41 203 0.25 
42 31 0.015625 
42 32 0.0625 
42 37 0.0625 
42 30 0.015625 
42 47 0.0625 
42 74 0.0625 
42 86 0.25 
42 95 0.0625 
42 152 0.015625 
43 41 0.25 
43 57 0.0625 
43 142 0.015625 
43 203 0.015625 
44 18 0.0625 
44 33 0.015625 
44 19 0.0625 
44 163 0.015625 
44 209 0.0625 
44 219 0.25 
45 13 0.0625 
45 114 0.015625 
46 20 0.015625 
46 41 0.25 
46 66 0.25 
46 118 0.25 
47 42 0.0625 
47 95 0.25 
48 32 0.015625 
48 111 0.0625 
48 117 0.015625 
48 146 0.25 
48 151 0.015625 
48 155 0.015625 
48 192 0.25 
49 37 0.015625 
49 50 0.0625 
49 56 0.25 
49 75 0.015625 
50 12 0.0625 
50 49 0.015625 
50 25 0.25 
50 20 0.015625 
50 61 0.0625 
50 75 0.015625 
50 150 0.25 
50 481 0.015625 
51 29 0.015625 
51 17 0.0625 
51 27 0.0625 
51 106 0.0625 
51 122 0.0625 
51 193 0.25 
52 30 0.015625 
52 116 0.25 
52 145 0.0625 
53 45 0.0625 
53 13 0.0625 
53 17 0.015625 
53 73 0.0625 
53 85 0.25 
53 99 0.25 
53 108 0.25 
53 126 0.25 
53 135 0.25 
54 21 0.25 
54 116 0.25 
54 162 0.0625 
55 12 0.0625 
55 84 0.015625 
55 118 0.0625 
55 171 0.015625 
55 173 0.015625 
55 479 0.015625 
56 49 0.0625 
56 26 0.015625 
56 69 0.0625 
56 74 0.015625 
56 207 0.015625 
57 41 0.015625 
57 43 0.0625 
57 32 0.0625 
57 60 0.0625 
57 116 0.25 
58 30 0.0625 
58 79 0.25 
58 107 0.25 
58 169 0.015625 
58 177 0.25 
59 14 0.25 
59 145 0.0625 
59 214 0.015625 
60 32 0.0625 
60 37 0.015625 
60 30 0.25 
60 57 0.25 
60 43 0.015625 
60 64 0.015625 
61 41 0.25 
61 50 0.0625 
61 68 0.0625 
61 138 0.0625 
61 148 0.015625 
61 205 0.25 
62 30 0.0625 
63 40 0.015625 
64 21 0.0625 
64 60 0.015625 
64 31 0.25 
64 211 0.0625 
65 24 0.015625 
65 28 0.015625 
65 70 0.015625 
65 161 0.0625 
65 195 0.0625 
66 46 0.0625 
67 20 0.015625 
67 93 0.25 
67 194 0.25 
68 61 0.0625 
68 92 0.25 
68 152 0.0625 
68 164 0.25 
69 42 0.0625 
69 68 0.25 
69 56 0.0625 
69 47 0.25 
70 65 0.0625 
71 38 0.015625 
71 57 0.0625 
71 26 0.015625 
71 77 0.0625 
71 143 0.015625 
72 29 0.25 
72 17 0.25 
72 91 0.015625 
72 103 0.015625 
72 140 0.015625 
73 53 0.015625 
73 126 0.015625 
73 135 0.0625 
74 42 0.015625 
74 15 0.0625 
74 56 0.25 
74 80 0.25 
74 109 0.015625 
74 113 0.0625 
74 199 0.015625 
75 49 0.015625 
75 50 0.0625 
75 90 0.015625 
75 130 0.015625 
75 215 0.0625 
76 31 0.25 
76 97 0.25 
76 144 0.0625 
76 157 0.0625 
76 168 0.0625 
76 221 0.0625 
77 71 0.015625 
77 143 0.0625 
78 12 0.015625 
78 110 0.0625 
78 123 0.25 
79 30 0.015625 
79 58 0.0625 
79 62 0.25 
79 175 0.015625 
80 15 0.25 
80 74 0.25 
81 12 0.0625 
81 78 0.25 
81 20 0.0625 
81 149 0.25 
82 29 0.0625 
82 39 0.0625 
82 31 0.015625 
82 91 0.015625 
82 166 0.015625 
82 223 0.015625 
83 24 0.0625 
84 55 0.0625 
84 118 0.25 
85 53 0.0625 
86 37 0.015625 
86 42 0.015625 
86 150 0.0625 
87 16 0.0625 
87 181 0.0625 
88 20 0.25 
89 38 0.015625 
89 26 0.015625 
89 29 0.015625 
89 36 0.25 
89 24 0.25 
89 124 0.0625 
89 125 0.015625 
89 159 0.25 
90 75 0.25 
91 82 0.0625 
91 72 0.0625 
91 98 0.015625 
91 100 0.015625 
91 119 0.25 
91 210 0.0625 
91 223 0.25 
92 68 0.015625 
93 67 0.0625 
93 169 0.25 
93 194 0.015625 
94 33 0.25 
94 18 0.25 
94 200 0.25 
95 42 0.015625 
95 47 0.015625 
96 65 0.0625 
96 29 0.25 
96 165 0.015625 
96 189 0.0625 
96 218 0.0625 
97 76 0.015625 
97 31 0.25 
97 221 0.0625 
98 17 0.25 
98 91 0.0625 
98 105 0.0625 
99 53 0.25 
99 73 0.015625 
99 85 0.25 
99 212 0.015625 
100 91 0.25 
101 61 0.015625 
101 43 0.0625 
101 41 0.0625 
101 160 0.0625 
102 14 0.25 
102 59 0.25 
102 214 0.0625 
102 261 0.0625 
103 72 0.0625 
103 140 0.25 
104 24 0.015625 
104 115 0.015625 
104 188 0.0625 
105 98 0.0625 
106 51 0.015625 
107 30 0.25 
107 58 0.25 
107 131 0.25 
107 206 0.015625 
108 53 0.015625 
108 73 0.015625 
109 74 0.0625 
110 78 0.0625 
110 123 0.0625 
111 48 0.25 
111 32 0.25 
111 151 0.015625 
111 155 0.25 
112 29 0.25 
112 180 0.25 
113 74 0.0625 
113 42 0.015625 
113 126 0.015625 
114 45 0.25 
114 147 0.0625 
115 24 0.25 
115 104 0.25 
116 57 0.25 
116 52 0.015625 
116 58 0.25 
116 54 0.0625 
116 170 0.0625 
116 196 0.0625 
117 32 0.015625 
117 48 0.25 
117 111 0.25 
118 84 0.25 
118 55 0.0625 
118 46 0.015625 
118 190 0.0625 
119 91 0.25 
119 183 0.0625 
119 210 0.015625 
119 220 0.25 
120 24 0.015625 
120 115 0.25 
121 34 0.25 
122 51 0.25 
123 110 0.25 
123 78 0.25 
124 89 0.0625 
124 159 0.015625 
125 89 0.0625 
125 124 0.25 
125 159 0.015625 
125 492 0.0625 
126 73 0.0625 
126 53 0.25 
126 113 0.0625 
127 113 0.25 
127 69 0.25 
128 81 0.0625 
128 12 0.0625 
128 190 0.015625 
129 121 0.25 
129 34 0.015625 
130 75 0.0625 
130 37 0.0625 
131 15 0.015625 
131 58 0.015625 
131 107 0.015625 
131 21 0.015625 
131 139 0.015625 
132 29 0.25 
132 156 0.0625 
132 180 0.25 
132 186 0.0625 
133 20 0.015625 
133 23 0.0625 
133 138 0.015625 
133 174 0.0625 
134 15 0.0625 
134 136 0.0625 
134 198 0.015625 
135 73 0.0625 
135 108 0.25 
135 53 0.015625 
135 212 0.0625 
136 134 0.015625 
136 139 0.015625 
136 178 0.0625 
136 198 0.015625 
137 37 0.0625 
138 61 0.015625 
138 133 0.015625 
138 50 0.0625 
138 93 0.0625 
138 167 0.25 
139 136 0.015625 
139 131 0.015625 
139 54 0.0625 
139 153 0.25 
139 187 0.015625 
140 103 0.0625 
140 72 0.25 
140 256 0.0625 
141 13 0.25 
142 41 0.015625 
142 43 0.015625 
142 203 0.015625 
143 71 0.25 
143 77 0.25 
144 76 0.0625 
144 31 0.015625 
144 12 0.25 
145 59 0.0625 
145 14 0.25 
145 52 0.015625 
145 184 0.015625 
146 111 0.0625 
146 32 0.015625 
146 48 0.0625 
146 155 0.0625 
146 191 0.0625 
147 114 0.0625 
148 61 0.0625 
149 81 0.015625 
150 50 0.015625 
150 86 0.015625 
150 205 0.0625 
151 32 0.0625 
151 48 0.25 
151 146 0.0625 
151 111 0.015625 
152 47 0.0625 
152 68 0.0625 
152 42 0.25 
153 139 0.015625 
154 27 0.0625 
154 39 0.25 
154 179 0.0625 
155 48 0.015625 
155 146 0.25 
155 111 0.0625 
155 192 0.25 
156 29 0.25 
156 132 0.015625 
156 180 0.25 
157 76 0.25 
157 31 0.0625 
158 12 0.0625 
158 185 0.0625 
159 89 0.015625 
159 124 0.015625 
159 125 0.25 
160 101 0.015625 
161 65 0.25 
161 195 0.25 
162 54 0.015625 
163 44 0.015625 
163 209 0.015625 
164 92 0.25 
164 68 0.0625 
165 96 0.0625 
166 82 0.0625 
167 138 0.0625 
168 76 0.25 
168 31 0.0625 
168 97 0.015625 
169 58 0.25 
169 116 0.25 
169 21 0.0625 
169 93 0.25 
169 30 0.25 
169 197 0.015625 
170 116 0.015625 
171 55 0.25 
171 84 0.015625 
172 20 0.015625 
173 55 0.25 
173 171 0.0625 
173 84 0.0625 
174 133 0.25 
175 79 0.015625 
176 24 0.015625 
176 115 0.015625 
177 107 0.015625 
177 58 0.25 
177 30 0.0625 
178 136 0.015625 
178 134 0.0625 
178 198 0.25 
179 154 0.0625 
179 27 0.015625 
180 112 0.015625 
180 29 0.25 
180 132 0.25 
180 156 0.25 
181 13 0.25 
181 16 0.015625 
181 87 0.0625 
182 129 0.0625 
182 72 0.0625 
182 44 0.015625 
183 91 0.25 
183 100 0.25 
183 119 0.015625 
184 145 0.015625 
185 12 0.015625 
185 158 0.25 
186 156 0.25 
186 132 0.0625 
186 180 0.015625 
186 29 0.25 
187 139 0.015625 
187 153 0.0625 
188 32 0.25 
188 155 0.25 
188 24 0.25 
188 104 0.015625 
188 217 0.015625 
189 28 0.25 
189 72 0.25 
189 96 0.0625 
189 140 0.0625 
189 204 0.015625 
189 218 0.0625 
190 128 0.0625 
190 118 0.25 
190 57 0.0625 
191 32 0.0625 
191 146 0.015625 
191 48 0.015625 
192 48 0.25 
192 155 0.25 
192 32 0.0625 
192 111 0.015625 
193 51 0.015625 
194 93 0.015625 
194 67 0.0625 
195 161 0.25 
195 65 0.0625 
196 116 0.0625 
196 170 0.015625 
197 169 0.015625 
198 134 0.015625 
198 178 0.0625 
198 136 0.0625 
199 74 0.0625 
200 94 0.015625 
200 18 0.25 
200 33 0.0625 
201 15 0.0625 
202 26 0.015625 
202 38 0.0625 
203 43 0.0625 
203 142 0.25 
203 41 0.0625 
204 189 0.25 
204 218 0.015625 
205 150 0.0625 
205 61 0.0625 
206 107 0.0625 
206 58 0.0625 
206 22 0.015625 
206 213 0.0625 
207 56 0.0625 
208 38 0.0625 
208 26 0.25 
209 44 0.015625 
209 163 0.25 
210 91 0.015625 
210 119 0.0625 
210 100 0.015625 
210 220 0.0625 
211 64 0.25 
212 135 0.0625 
212 99 0.015625 
213 206 0.015625 
214 14 0.25 
214 59 0.015625 
214 102 0.015625 
215 12 0.25 
215 90 0.0625 
215 75 0.0625 
216 16 0.015625 
217 188 0.015625 
218 40 0.015625 
218 96 0.0625 
218 189 0.25 
218 204 0.0625 
219 13 0.015625 
219 44 0.015625 
219 73 0.25 
220 119 0.25 
220 91 0.0625 
220 210 0.015625 
221 76 0.25 
221 31 0.0625 
221 97 0.0625 
222 13 0.015625 
223 91 0.0625 
223 15 0.25 
223 26 0.015625 
223 31 0.015625 
223 82 0.0625 
223 224 0.0625 
223 225 0.0625 
223 226 0.015625 
223 229 0.015625 
224 223 0.25 
224 227 0.0625 
224 232 0.015625 
225 223 0.0625 
226 223 0.015625 
226 228 0.0625 
226 230 0.25 
226 231 0.25 
226 263 0.015625 
227 224 0.0625 
227 233 0.0625 
227 235 0.015625 
228 226 0.25 
228 230 0.25 
228 231 0.25 
229 223 0.015625 
229 230 0.0625 
229 234 0.0625 
230 228 0.015625 
230 229 0.0625 
230 226 0.25 
231 228 0.25 
231 226 0.015625 
232 224 0.015625 
232 225 0.0625 
233 227 0.25 
233 236 0.25 
234 229 0.015625 
234 237 0.015625 
235 227 0.25 
236 233 0.015625 
237 234 0.0625 
238 46 0.015625 
238 171 0.25 
238 233 0.015625 
238 55 0.0625 
238 190 0.015625 
238 239 0.0625 
239 238 0.015625 
239 240 0.015625 
239 241 0.25 
239 242 0.0625 
239 243 0.0625 
239 248 0.015625 
239 255 0.015625 
240 239 0.0625 
240 245 0.25 
240 246 0.0625 
241 239 0.25 
241 248 0.015625 
241 249 0.25 
241 250 0.0625 
242 239 0.015625 
242 244 0.015625 
242 252 0.015625 
243 238 0.015625 
243 239 0.015625 
243 254 0.25 
244 242 0.015625 
244 247 0.0625 
245 240 0.25 
246 240 0.25 
247 244 0.015625 
248 239 0.0625 
248 241 0.25 
248 251 0.015625 
249 239 0.25 
249 241 0.015625 
249 253 0.0625 
250 241 0.015625 
251 248 0.0625 
252 242 0.25 
253 249 0.015625 
253 252 0.25 
253 247 0.015625 
254 243 0.25 
254 238 0.015625 
255 239 0.0625 
256 7 0.25 
256 147 0.0625 
256 98 0.0625 
256 17 0.015625 
256 140 0.0625 
256 257 0.015625 
256 263 0.0625 
257 256 0.015625 
257 258 0.25 
257 259 0.015625 
257 260 0.0625 
258 257 0.25 
258 260 0.25 
259 257 0.25 
260 257 0.0625 
260 258 0.25 
261 59 0.0625 
261 242 0.0625 
261 102 0.015625 
261 6 0.015625 
261 262 0.015625 
262 261 0.25 
263 27 0.015625 
263 98 0.0625 
263 91 0.015625 
263 226 0.0625 
263 256 0.25 
263 264 0.25 
263 266 0.25 
263 304 0.25 
263 322 0.0625 
263 324 0.015625 
264 263 0.015625 
264 265 0.0625 
264 270 0.0625 
264 284 0.015625 
264 288 0.0625 
264 291 0.015625 
264 294 0.0625 
264 297 0.0625 
264 299 0.0625 
264 311 0.015625 
264 315 0.25 
264 316 0.0625 
264 330 0.015625 
264 344 0.015625 
264 392 0.015625 
264 411 0.25 
264 457 0.0625 
265 264 0.25 
265 268 0.25 
265 276 0.0625 
265 346 0.015625 
265 382 0.0625 
265 396 0.015625 
265 414 0.25 
266 263 0.015625 
266 267 0.015625 
266 272 0.015625 
266 309 0.25 
266 324 0.0625 
266 325 0.0625 
266 388 0.25 
267 266 0.0625 
267 274 0.25 
267 308 0.25 
268 265 0.0625 
268 264 0.25 
268 269 0.25 
268 271 0.0625 
268 278 0.0625 
268 294 0.25 
268 303 0.015625 
268 321 0.0625 
268 329 0.015625 
269 268 0.0625 
269 271 0.0625 
269 278 0.0625 
269 288 0.015625 
269 297 0.0625 
269 303 0.25 
269 306 0.015625 
269 329 0.25 
269 346 0.015625 
270 264 0.25 
270 275 0.015625 
270 277 0.015625 
270 284 0.25 
270 287 0.25 
270 429 0.015625 
271 269 0.015625 
271 268 0.015625 
271 279 0.25 
271 283 0.25 
271 310 0.0625 
271 347 0.0625 
271 373 0.015625 
272 266 0.25 
272 298 0.25 
272 325 0.015625 
272 355 0.0625 
272 357 0.015625 
272 447 0.25 
273 263 0.25 
273 272 0.25 
273 281 0.25 
273 296 0.015625 
273 300 0.25 
273 331 0.015625 
273 341 0.25 
274 267 0.015625 
274 293 0.015625 
274 323 0.015625 
274 359 0.0625 
274 393 0.25 
275 270 0.015625 
275 285 0.25 
275 292 0.015625 
275 368 0.25 
275 450 0.25 
276 268 0.0625 
276 264 0.0625 
276 265 0.25 
276 267 0.0625 
276 286 0.015625 
276 290 0.0625 
276 292 0.25 
276 304 0.25 
276 333 0.25 
276 349 0.25 
276 370 0.0625 
276 374 0.0625 
276 389 0.0625 
276 391 0.015625 
277 270 0.0625 
277 293 0.25 
277 440 0.25 
278 269 0.015625 
278 268 0.25 
278 280 0.015625 
278 282 0.0625 
278 303 0.25 
278 328 0.015625 
278 329 0.25 
278 334 0.25 
278 353 0.0625 
278 420 0.0625 
279 271 0.0625 
279 282 0.015625 
279 283 0.25 
279 301 0.25 
279 365 0.0625 
279 433 0.0625 
280 278 0.015625 
280 284 0.0625 
280 285 0.0625 
280 307 0.015625 
280 328 0.0625 
280 334 0.015625 
280 479 0.0625 
281 273 0.015625 
281 344 0.0625 
281 372 0.015625 
281 439 0.25 
282 271 0.015625 
282 278 0.015625 
282 279 0.0625 
282 301 0.0625 
282 332 0.25 
282 402 0.0625 
282 418 0.015625 
283 271 0.25 
283 279 0.0625 
283 347 0.015625 
283 378 0.0625 
283 409 0.0625 
284 270 0.0625 
284 264 0.0625 
284 280 0.0625 
284 289 0.015625 
284 320 0.015625 
284 380 0.25 
284 412 0.0625 
284 428 0.015625 
284 430 0.015625 
284 442 0.0625 
284 448 0.25 
284 449 0.25 
285 280 0.0625 
285 275 0.015625 
285 307 0.0625 
286 276 0.0625 
286 335 0.25 
286 338 0.0625 
286 385 0.0625 
286 460 0.25 
287 270 0.25 
287 429 0.25 
288 268 0.25 
288 269 0.25 
288 264 0.0625 
288 312 0.25 
288 417 0.015625 
289 287 0.015625 
289 284 0.25 
289 314 0.25 
289 381 0.0625 
290 274 0.0625 
290 276 0.25 
290 359 0.25 
290 375 0.25 
291 264 0.0625 
291 265 0.015625 
291 317 0.25 
291 336 0.25 
291 398 0.015625 
291 438 0.0625 
292 275 0.25 
292 276 0.0625 
292 267 0.0625 
292 295 0.25 
292 307 0.015625 
292 339 0.25 
292 397 0.25 
292 427 0.0625 
293 277 0.0625 
293 274 0.0625 
293 305 0.25 
293 429 0.25 
294 264 0.0625 
294 268 0.0625 
294 302 0.0625 
294 336 0.0625 
294 350 0.0625 
294 363 0.015625 
294 380 0.25 
294 434 0.25 
295 292 0.015625 
295 285 0.25 
295 308 0.0625 
295 441 0.25 
295 451 0.0625 
296 273 0.015625 
296 281 0.015625 
296 318 0.25 
297 268 0.015625 
297 269 0.015625 
297 264 0.25 
297 319 0.25 
297 361 0.25 
297 367 0.25 
298 272 0.0625 
298 447 0.015625 
299 264 0.25 
299 311 0.015625 
300 273 0.25 
301 279 0.0625 
301 282 0.0625 
302 294 0.015625 
302 350 0.015625 
302 363 0.0625 
302 380 0.015625 
302 416 0.25 
302 434 0.25 
303 278 0.25 
303 269 0.015625 
303 268 0.0625 
303 343 0.0625 
303 348 0.015625 
303 356 0.25 
304 263 0.0625 
304 276 0.0625 
304 400 0.0625 
305 293 0.015625 
306 269 0.015625 
307 285 0.015625 
307 280 0.015625 
307 292 0.25 
307 313 0.25 
307 376 0.25 
307 377 0.25 
307 435 0.015625 
307 492 0.015625 
308 267 0.25 
308 295 0.0625 
308 325 0.0625 
309 266 0.0625 
309 324 0.0625 
310 271 0.0625 
310 283 0.0625 
310 340 0.25 
310 386 0.015625 
310 399 0.015625 
310 406 0.25 
311 264 0.25 
311 299 0.25 
311 316 0.25 
311 330 0.0625 
311 457 0.0625 
312 288 0.0625 
312 277 0.015625 
313 307 0.25 
314 289 0.0625 
314 459 0.015625 
315 264 0.0625 
315 330 0.25 
316 311 0.0625 
316 264 0.25 
316 341 0.0625 
316 344 0.25 
316 423 0.015625 
317 291 0.25 
317 336 0.25 
317 352 0.0625 
317 438 0.25 
318 296 0.25 
318 316 0.015625 
318 341 0.25 
318 424 0.25 
319 297 0.25 
320 284 0.0625 
320 442 0.25 
320 449 0.015625 
321 268 0.25 
321 269 0.25 
322 263 0.0625 
323 274 0.0625 
324 272 0.25 
324 266 0.015625 
324 263 0.015625 
324 309 0.25 
324 326 0.0625 
324 351 0.0625 
325 272 0.25 
325 266 0.25 
325 308 0.015625 
326 324 0.25 
326 351 0.015625 
327 272 0.015625 
327 273 0.015625 
327 296 0.0625 
327 458 0.25 
328 278 0.0625 
328 280 0.015625 
328 366 0.015625 
328 401 0.0625 
328 404 0.25 
329 278 0.0625 
329 269 0.015625 
329 268 0.0625 
329 419 0.25 
330 315 0.015625 
330 311 0.015625 
330 284 0.25 
330 264 0.0625 
330 422 0.25 
331 273 0.0625 
331 316 0.015625 
331 337 0.015625 
331 360 0.25 
331 408 0.25 
332 282 0.0625 
333 276 0.0625 
333 349 0.25 
333 370 0.25 
333 389 0.015625 
334 278 0.25 
334 280 0.0625 
334 358 0.0625 
334 362 0.0625 
334 387 0.25 
334 390 0.0625 
334 436 0.0625 
334 443 0.25 
335 286 0.25 
336 294 0.25 
336 317 0.0625 
336 291 0.015625 
336 302 0.015625 
336 346 0.25 
336 413 0.0625 
336 453 0.0625 
337 331 0.25 
337 360 0.0625 
337 388 0.015625 
337 408 0.25 
338 286 0.0625 
338 335 0.0625 
338 395 0.0625 
338 460 0.0625 
339 292 0.25 
339 397 0.25 
340 310 0.015625 
340 347 0.25 
340 399 0.015625 
341 273 0.0625 
341 318 0.25 
341 316 0.0625 
342 302 0.015625 
342 284 0.0625 
342 332 0.015625 
342 345 0.0625 
343 303 0.015625 
343 356 0.015625 
344 281 0.015625 
344 264 0.0625 
344 318 0.0625 
344 316 0.0625 
344 455 0.25 
345 342 0.0625 
346 303 0.25 
346 265 0.015625 
346 336 0.0625 
346 269 0.015625 
346 421 0.0625 
347 271 0.25 
347 283 0.25 
347 340 0.0625 
348 303 0.015625 
348 343 0.0625 
349 276 0.015625 
349 333 0.0625 
350 294 0.0625 
350 302 0.015625 
351 324 0.015625 
351 326 0.25 
352 317 0.25 
352 291 0.0625 
352 398 0.0625 
353 278 0.0625 
354 267 0.0625 
354 444 0.25 
355 272 0.0625 
355 298 0.015625 
355 357 0.015625 
355 379 0.015625 
356 303 0.25 
356 343 0.015625 
356 364 0.25 
356 369 0.015625 
356 437 0.015625 
357 272 0.25 
357 355 0.015625 
358 334 0.25 
358 384 0.0625 
359 274 0.25 
359 290 0.0625 
359 371 0.0625 
359 405 0.015625 
360 331 0.0625 
360 337 0.25 
361 297 0.0625 
362 334 0.0625 
362 279 0.25 
362 425 0.25 
362 479 0.015625 
363 302 0.015625 
363 294 0.25 
363 416 0.0625 
363 434 0.015625 
364 356 0.25 
364 369 0.0625 
365 279 0.25 
366 328 0.25 
366 401 0.0625 
367 319 0.25 
367 297 0.015625 
367 391 0.0625 
368 275 0.25 
369 340 0.0625 
369 364 0.015625 
369 356 0.25 
370 276 0.015625 
370 333 0.015625 
370 389 0.25 
371 359 0.0625 
371 375 0.015625 
371 410 0.015625 
371 431 0.0625 
372 281 0.25 
373 271 0.25 
374 328 0.015625 
374 276 0.015625 
374 333 0.25 
374 407 0.015625 
374 454 0.015625 
375 290 0.015625 
375 371 0.015625 
375 403 0.0625 
376 307 0.015625 
376 313 0.0625 
376 377 0.015625 
377 307 0.015625 
377 376 0.0625 
377 313 0.015625 
377 435 0.015625 
378 283 0.0625 
379 355 0.0625 
379 298 0.0625 
379 275 0.0625 
379 272 0.015625 
380 302 0.0625 
380 363 0.015625 
380 330 0.0625 
380 284 0.25 
380 294 0.0625 
381 289 0.0625 
381 336 0.25 
381 284 0.25 
381 288 0.015625 
382 265 0.25 
382 396 0.25 
383 294 0.015625 
383 302 0.015625 
383 350 0.015625 
384 358 0.015625 
385 286 0.25 
385 338 0.015625 
385 335 0.015625 
385 395 0.015625 
385 415 0.0625 
386 310 0.25 
387 334 0.015625 
387 390 0.25 
387 436 0.0625 
387 443 0.0625 
388 337 0.25 
388 331 0.25 
388 266 0.25 
389 276 0.0625 
389 333 0.0625 
389 370 0.25 
389 391 0.25 
390 387 0.015625 
390 334 0.0625 
390 307 0.015625 
390 426 0.0625 
391 333 0.015625 
391 276 0.0625 
391 389 0.015625 
391 367 0.25 
392 264 0.25 
393 274 0.015625 
393 394 0.25 
394 393 0.015625 
395 385 0.015625 
395 338 0.25 
395 460 0.25 
396 265 0.015625 
396 382 0.015625 
397 292 0.015625 
397 339 0.015625 
398 291 0.0625 
398 352 0.25 
399 340 0.0625 
399 310 0.015625 
400 304 0.0625 
401 366 0.25 
401 328 0.015625 
401 404 0.015625 
402 282 0.015625 
403 375 0.0625 
404 328 0.25 
404 401 0.25 
404 366 0.25 
405 359 0.015625 
406 310 0.015625 
406 386 0.25 
406 340 0.25 
407 374 0.0625 
407 454 0.015625 
408 337 0.0625 
408 331 0.0625 
409 283 0.0625 
410 371 0.015625 
410 375 0.0625 
411 392 0.25 
411 264 0.25 
411 311 0.25 
412 284 0.25 
413 336 0.015625 
414 265 0.015625 
415 385 0.015625 
415 395 0.0625 
415 286 0.25 
416 294 0.015625 
416 302 0.015625 
416 363 0.25 
417 288 0.0625 
417 381 0.25 
417 456 0.0625 
418 282 0.0625 
419 303 0.25 
419 347 0.25 
419 329 0.0625 
420 278 0.0625 
421 346 0.0625 
422 330 0.25 
423 316 0.015625 
424 318 0.0625 
425 362 0.25 
426 390 0.015625 
427 339 0.0625 
427 292 0.0625 
428 284 0.0625 
429 287 0.25 
429 270 0.25 
429 293 0.0625 
430 284 0.015625 
430 412 0.25 
430 320 0.0625 
430 428 0.25 
431 371 0.0625 
431 452 0.0625 
432 342 0.015625 
432 369 0.0625 
432 363 0.015625 
432 294 0.015625 
433 279 0.015625 
434 302 0.015625 
434 363 0.015625 
434 294 0.015625 
435 307 0.25 
435 377 0.25 
436 387 0.25 
436 334 0.25 
437 356 0.015625 
438 291 0.25 
438 398 0.25 
438 317 0.0625 
439 372 0.0625 
439 281 0.25 
440 277 0.0625 
441 295 0.0625 
441 461 0.015625 
442 320 0.25 
442 284 0.25 
443 334 0.25 
443 387 0.25 
443 436 0.25 
444 354 0.25 
444 267 0.25 
445 331 0.0625 
446 318 0.015625 
446 424 0.0625 
447 272 0.0625 
447 298 0.25 
448 285 0.25 
448 275 0.0625 
448 284 0.25 
448 334 0.015625 
448 280 0.015625 
449 284 0.0625 
449 320 0.25 
450 275 0.0625 
451 295 0.0625 
452 371 0.015625 
452 431 0.015625 
452 277 0.0625 
453 336 0.015625 
454 374 0.015625 
454 407 0.0625 
455 344 0.25 
456 417 0.0625 
457 264 0.015625 
457 311 0.015625 
458 327 0.25 
459 314 0.0625 
460 395 0.015625 
460 385 0.25 
460 415 0.0625 
460 338 0.015625 
460 286 0.25 
461 267 0.25 
461 286 0.0625 
461 270 0.015625 
461 441 0.25 
461 98 0.015625 
461 462 0.015625 
461 463 0.25 
462 461 0.25 
463 461 0.25 
464 180 0.015625 
464 319 0.25 
464 58 0.015625 
464 8 0.25 
464 17 0.25 
464 465 0.25 
464 467 0.25 
464 468 0.25 
464 472 0.25 
464 474 0.0625 
465 464 0.25 
465 466 0.25 
465 469 0.25 
465 477 0.015625 
466 465 0.25 
467 464 0.0625 
467 473 0.015625 
467 475 0.015625 
468 464 0.015625 
468 470 0.25 
468 471 0.015625 
468 476 0.015625 
469 465 0.0625 
470 468 0.0625 
470 476 0.015625 
471 468 0.015625 
471 470 0.015625 
471 473 0.0625 
472 470 0.015625 
472 464 0.25 
472 471 0.25 
472 478 0.015625 
473 471 0.25 
473 464 0.0625 
473 467 0.0625 
473 474 0.015625 
474 473 0.015625 
474 464 0.0625 
475 467 0.0625 
476 470 0.25 
476 472 0.25 
476 468 0.25 
477 465 0.015625 
477 469 0.015625 
478 472 0.0625 
479 280 0.015625 
479 55 0.015625 
479 362 0.015625 
479 32 0.015625 
479 329 0.015625 
479 480 0.0625 
480 479 0.0625 
481 32 0.25 
481 390 0.0625 
481 377 0.015625 
481 221 0.25 
481 50 0.0625 
481 482 0.25 
481 483 0.25 
481 484 0.25 
481 485 0.015625 
481 491 0.25 
482 481 0.0625 
482 483 0.25 
482 484 0.015625 
483 481 0.0625 
483 482 0.0625 
484 481 0.015625 
484 482 0.0625 
484 486 0.25 
484 487 0.25 
484 488 0.0625 
485 481 0.25 
485 482 0.0625 
485 490 0.25 
486 484 0.0625 
487 484 0.015625 
487 488 0.015625 
488 484 0.25 
488 487 0.25 
489 487 0.015625 
489 484 0.0625 
490 485 0.25 
491 481 0.0625 
492 38 0.015625 
492 142 0.0625 
492 24 0.25 
492 125 0.25 
492 307 0.25 
492 493 0.015625 
492 494 0.015625 
492 495 0.25 
492 498 0.0625 
493 492 0.0625 
494 492 0.25 
495 492 0.015625 
495 496 0.015625 
495 497 0.25 
496 495 0.015625 
496 499 0.015625 
497 495 0.25 
498 492 0.25 
499 496 0.25 
