500
0 1 0.25 
0 2 0.25 
0 3 0.25 
1 0 0.25 
1 3 0.125 
1 12 0.5 
2 0 0.125 
3 0 0.25 
3 1 0.125 
3 4 0.5 
3 5 0.125 
3 479 0.25 
4 3 0.5 
4 5 0.125 
5 0 0.25 
5 3 0.25 
5 4 0.25 
5 6 0.125 
5 7 0.25 
5 8 0.5 
6 5 0.25 
6 9 0.5 
6 11 0.5 
6 12 0.25 
7 5 0.5 
8 5 0.125 
9 6 0.25 
9 11 0.5 
9 12 0.5 
10 7 0.5 
11 6 0.5 
11 9 0.125 
11 238 0.5 
12 6 0.125 
12 0 0.125 
12 9 0.5 
12 1 0.125 
12 13 0.5 
12 14 0.25 
12 15 0.5 
12 16 0.125 
12 27 0.25 
12 33 0.5 
12 45 0.125 
12 71 0.5 
12 75 0.5 
12 104 0.25 
12 145 0.25 
12 195 0.5 
12 211 0.25 
12 214 0.5 
13 12 0.25 
13 21 0.125 
13 28 0.125 
13 115 0.25 
13 119 0.5 
13 171 0.25 
14 12 0.25 
14 17 0.125 
14 31 0.5 
14 45 0.125 
14 83 0.125 
14 100 0.5 
15 12 0.25 
15 13 0.25 
15 17 0.125 
15 18 0.5 
15 19 0.25 
15 22 0.125 
15 26 0.5 
15 42 0.25 
15 209 0.125 
16 12 0.125 
16 145 0.125 
16 166 0.5 
16 195 0.5 
17 15 0.25 
17 14 0.125 
17 25 0.25 
17 129 0.125 
18 15 0.5 
18 21 0.125 
18 32 0.125 
18 39 0.125 
18 63 0.25 
18 65 0.25 
18 90 0.25 
18 95 0.125 
18 106 0.25 
18 156 0.25 
18 184 0.125 
19 15 0.125 
19 20 0.125 
19 23 0.5 
19 105 0.5 
19 113 0.125 
19 126 0.25 
19 461 0.25 
20 17 0.5 
20 19 0.5 
20 24 0.5 
20 218 0.25 
21 13 0.5 
21 18 0.125 
21 23 0.25 
21 29 0.5 
21 32 0.5 
21 38 0.5 
21 48 0.5 
21 68 0.25 
21 78 0.5 
21 96 0.25 
21 106 0.25 
21 140 0.5 
21 183 0.5 
21 210 0.5 
21 212 0.5 
22 15 0.5 
22 40 0.125 
22 52 0.25 
22 77 0.25 
22 88 0.5 
22 127 0.125 
22 175 0.5 
22 182 0.25 
23 19 0.125 
23 21 0.25 
23 13 0.25 
23 36 0.125 
23 67 0.125 
23 102 0.5 
23 110 0.5 
23 147 0.5 
24 20 0.125 
24 41 0.25 
24 90 0.25 
24 126 0.5 
25 17 0.25 
25 129 0.5 
26 15 0.125 
26 42 0.25 
26 56 0.25 
26 73 0.125 
26 101 0.25 
26 134 0.25 
26 209 0.125 
27 12 0.25 
27 33 0.5 
27 35 0.5 
27 89 0.5 
27 117 0.125 
27 152 0.5 
27 176 0.25 
28 13 0.125 
28 29 0.125 
28 30 0.5 
29 28 0.125 
29 21 0.125 
29 43 0.25 
29 53 0.5 
29 54 0.125 
29 55 0.125 
29 161 0.5 
30 28 0.25 
30 221 0.125 
31 14 0.125 
31 58 0.5 
31 60 0.125 
31 108 0.125 
31 218 0.5 
32 21 0.5 
32 22 0.125 
32 18 0.5 
32 35 0.25 
32 49 0.5 
32 64 0.5 
32 72 0.5 
32 142 0.25 
32 162 0.125 
32 191 0.25 
33 27 0.25 
33 12 0.5 
33 44 0.25 
33 125 0.125 
33 170 0.25 
34 32 0.125 
34 37 0.5 
34 47 0.25 
34 93 0.125 
34 115 0.25 
34 197 0.125 
35 27 0.5 
35 32 0.25 
35 64 0.5 
35 136 0.5 
35 185 0.125 
35 205 0.5 
36 23 0.25 
36 122 0.25 
36 200 0.125 
36 238 0.5 
37 34 0.5 
37 139 0.25 
38 21 0.125 
38 61 0.5 
38 173 0.5 
38 190 0.5 
39 18 0.125 
40 22 0.25 
40 52 0.125 
40 77 0.25 
40 87 0.25 
40 88 0.125 
40 175 0.125 
40 182 0.125 
40 479 0.125 
40 481 0.125 
41 24 0.125 
41 74 0.125 
41 90 0.125 
41 126 0.125 
42 15 0.25 
42 26 0.125 
42 101 0.25 
43 29 0.125 
43 46 0.5 
43 86 0.5 
43 172 0.25 
43 202 0.25 
43 261 0.125 
44 33 0.5 
44 57 0.5 
44 69 0.25 
44 111 0.125 
44 185 0.25 
45 14 0.5 
45 12 0.25 
45 59 0.25 
45 71 0.125 
45 139 0.5 
45 157 0.25 
46 43 0.25 
46 50 0.125 
46 94 0.25 
46 163 0.5 
46 223 0.5 
47 18 0.25 
47 36 0.125 
47 34 0.125 
47 76 0.125 
47 84 0.5 
47 155 0.125 
47 168 0.25 
48 21 0.5 
48 81 0.25 
48 120 0.5 
48 130 0.25 
49 32 0.25 
49 88 0.125 
50 46 0.25 
50 94 0.125 
51 46 0.125 
52 22 0.25 
52 40 0.125 
52 77 0.25 
52 127 0.25 
53 48 0.25 
53 51 0.125 
53 29 0.5 
53 43 0.25 
53 123 0.25 
53 199 0.25 
54 29 0.25 
54 53 0.25 
54 50 0.25 
54 62 0.125 
54 99 0.25 
55 43 0.5 
55 29 0.125 
55 167 0.125 
56 26 0.125 
56 15 0.5 
56 42 0.125 
56 101 0.5 
56 134 0.25 
57 33 0.5 
57 44 0.25 
57 69 0.125 
57 111 0.5 
58 31 0.25 
59 45 0.5 
59 71 0.125 
59 157 0.5 
60 57 0.5 
60 24 0.5 
60 31 0.25 
60 70 0.5 
60 74 0.125 
60 108 0.125 
60 114 0.5 
60 170 0.5 
61 38 0.25 
61 73 0.5 
61 107 0.5 
61 118 0.125 
61 178 0.125 
62 46 0.5 
62 54 0.125 
62 66 0.5 
62 80 0.125 
62 143 0.25 
62 220 0.25 
63 18 0.5 
63 65 0.125 
63 95 0.5 
63 479 0.5 
64 32 0.5 
64 49 0.125 
64 35 0.125 
64 95 0.5 
65 18 0.125 
65 63 0.125 
65 106 0.25 
65 156 0.5 
65 256 0.25 
66 62 0.25 
66 223 0.5 
67 23 0.5 
67 47 0.5 
67 19 0.125 
67 102 0.5 
67 188 0.25 
68 21 0.25 
68 97 0.25 
68 109 0.125 
68 140 0.5 
68 210 0.125 
69 57 0.25 
69 37 0.125 
69 44 0.25 
70 60 0.5 
71 45 0.125 
71 12 0.125 
71 59 0.125 
72 32 0.5 
72 49 0.125 
73 26 0.25 
73 42 0.5 
73 61 0.5 
73 56 0.5 
73 92 0.125 
73 128 0.125 
73 138 0.125 
74 41 0.25 
74 60 0.125 
74 24 0.25 
74 79 0.5 
74 181 0.125 
74 187 0.25 
75 12 0.25 
75 104 0.25 
75 136 0.125 
75 166 0.5 
76 47 0.5 
76 36 0.125 
76 82 0.25 
76 132 0.5 
76 153 0.25 
76 203 0.25 
76 204 0.125 
77 22 0.125 
77 52 0.125 
77 40 0.125 
77 175 0.25 
78 21 0.25 
78 68 0.125 
78 96 0.5 
78 109 0.5 
78 212 0.125 
79 74 0.125 
79 85 0.125 
79 124 0.5 
80 66 0.125 
80 62 0.25 
80 94 0.125 
81 48 0.125 
82 76 0.5 
82 204 0.5 
83 14 0.25 
84 47 0.5 
84 36 0.25 
84 148 0.5 
85 79 0.5 
85 124 0.5 
85 149 0.25 
86 43 0.25 
86 112 0.25 
86 167 0.25 
87 22 0.5 
87 77 0.5 
87 40 0.25 
87 88 0.25 
87 127 0.25 
88 40 0.25 
88 22 0.125 
88 49 0.125 
88 87 0.25 
88 131 0.125 
88 135 0.125 
89 27 0.125 
89 176 0.5 
90 18 0.25 
90 41 0.5 
90 24 0.125 
90 116 0.5 
91 69 0.125 
92 73 0.125 
92 128 0.25 
92 138 0.25 
93 47 0.125 
93 34 0.5 
94 50 0.25 
94 46 0.5 
94 80 0.125 
94 98 0.5 
94 159 0.25 
95 65 0.125 
95 63 0.125 
95 18 0.5 
95 64 0.25 
95 97 0.125 
95 208 0.125 
95 219 0.5 
96 78 0.125 
96 21 0.25 
96 109 0.25 
97 95 0.5 
97 68 0.5 
97 158 0.25 
97 183 0.125 
97 196 0.5 
98 94 0.5 
98 189 0.5 
98 223 0.5 
99 54 0.5 
99 103 0.5 
99 121 0.5 
99 206 0.25 
100 14 0.125 
101 42 0.25 
101 26 0.125 
101 56 0.125 
101 151 0.125 
102 67 0.5 
102 23 0.5 
102 153 0.25 
103 99 0.125 
104 12 0.125 
104 75 0.25 
104 211 0.25 
105 19 0.25 
105 144 0.125 
106 21 0.5 
106 18 0.125 
106 65 0.25 
106 63 0.25 
106 154 0.25 
106 164 0.5 
106 186 0.5 
107 61 0.5 
107 178 0.5 
108 60 0.25 
108 31 0.125 
108 58 0.125 
109 68 0.5 
109 78 0.25 
109 96 0.25 
109 21 0.125 
109 140 0.125 
110 23 0.25 
111 44 0.5 
111 57 0.5 
111 33 0.5 
111 125 0.125 
111 133 0.5 
111 170 0.125 
111 185 0.25 
112 86 0.5 
112 123 0.5 
112 137 0.5 
113 19 0.5 
114 60 0.125 
115 34 0.5 
115 64 0.125 
115 13 0.5 
115 205 0.5 
116 90 0.25 
117 27 0.5 
118 107 0.125 
118 61 0.125 
118 29 0.125 
118 146 0.5 
118 194 0.25 
119 13 0.25 
120 48 0.125 
121 99 0.5 
121 221 0.25 
122 36 0.25 
123 112 0.125 
123 86 0.5 
123 53 0.25 
123 130 0.125 
123 198 0.25 
123 492 0.5 
124 85 0.25 
124 79 0.125 
124 48 0.5 
124 190 0.25 
125 33 0.25 
125 111 0.5 
125 57 0.25 
125 133 0.25 
126 19 0.5 
126 24 0.25 
126 41 0.125 
126 181 0.125 
127 87 0.25 
127 52 0.5 
127 22 0.5 
128 73 0.125 
128 92 0.5 
128 138 0.125 
129 101 0.25 
129 47 0.125 
129 17 0.125 
129 25 0.125 
129 141 0.25 
130 48 0.125 
130 120 0.5 
130 123 0.125 
130 196 0.5 
131 88 0.5 
132 76 0.5 
132 82 0.25 
132 153 0.25 
132 203 0.125 
132 204 0.25 
132 216 0.25 
133 33 0.125 
133 111 0.125 
133 44 0.125 
133 125 0.25 
134 26 0.25 
134 56 0.125 
135 88 0.25 
136 35 0.125 
136 75 0.5 
136 88 0.25 
136 150 0.25 
137 86 0.125 
137 112 0.25 
137 167 0.5 
138 92 0.125 
138 73 0.25 
138 128 0.25 
139 37 0.5 
139 84 0.5 
139 45 0.125 
140 21 0.5 
140 109 0.25 
140 68 0.125 
141 129 0.25 
141 193 0.5 
142 32 0.125 
142 49 0.25 
143 80 0.125 
143 62 0.5 
143 54 0.25 
144 105 0.5 
145 16 0.125 
145 12 0.5 
145 104 0.125 
145 180 0.25 
146 118 0.125 
147 23 0.125 
147 110 0.125 
148 84 0.125 
148 461 0.5 
149 85 0.125 
150 136 0.5 
151 101 0.25 
152 27 0.25 
153 76 0.125 
153 102 0.5 
153 132 0.25 
153 160 0.25 
154 106 0.5 
154 174 0.25 
154 177 0.5 
154 186 0.125 
155 47 0.125 
156 18 0.5 
156 65 0.5 
157 45 0.125 
157 59 0.125 
158 97 0.125 
159 94 0.125 
160 153 0.125 
161 29 0.5 
162 72 0.5 
162 32 0.5 
162 191 0.125 
163 46 0.5 
164 154 0.125 
164 106 0.5 
164 186 0.25 
165 67 0.5 
165 129 0.5 
165 47 0.25 
165 42 0.5 
165 179 0.5 
166 16 0.25 
166 75 0.25 
167 137 0.125 
167 86 0.5 
167 55 0.125 
167 169 0.5 
167 206 0.5 
168 47 0.125 
168 193 0.125 
169 167 0.25 
170 33 0.125 
170 111 0.25 
170 60 0.125 
170 57 0.125 
171 13 0.5 
171 28 0.125 
172 43 0.125 
173 38 0.5 
174 154 0.125 
174 18 0.5 
174 73 0.125 
174 106 0.5 
174 76 0.125 
174 481 0.125 
175 77 0.125 
175 40 0.125 
175 22 0.25 
176 89 0.125 
176 27 0.5 
177 154 0.125 
177 106 0.125 
178 61 0.25 
178 107 0.5 
179 165 0.25 
180 145 0.25 
181 74 0.125 
181 126 0.125 
181 79 0.5 
182 40 0.125 
182 22 0.5 
182 256 0.125 
183 68 0.125 
183 97 0.125 
183 21 0.125 
184 18 0.5 
184 63 0.5 
185 111 0.5 
185 44 0.25 
185 33 0.5 
185 35 0.125 
186 154 0.125 
186 164 0.125 
186 106 0.5 
187 74 0.125 
188 67 0.125 
189 98 0.125 
189 261 0.125 
190 124 0.25 
190 38 0.125 
190 105 0.5 
191 162 0.25 
191 32 0.125 
192 130 0.25 
193 168 0.25 
193 47 0.25 
193 139 0.5 
193 141 0.5 
194 118 0.5 
194 146 0.125 
195 12 0.125 
195 16 0.5 
196 97 0.125 
196 130 0.125 
196 201 0.25 
196 207 0.5 
196 222 0.5 
197 34 0.125 
198 123 0.25 
199 53 0.125 
200 36 0.5 
200 23 0.125 
200 30 0.125 
200 122 0.125 
201 196 0.5 
202 43 0.125 
203 76 0.125 
203 132 0.125 
203 204 0.5 
204 82 0.5 
204 203 0.125 
204 76 0.5 
204 132 0.5 
205 115 0.25 
205 35 0.25 
206 99 0.5 
206 167 0.125 
206 213 0.125 
207 196 0.125 
207 201 0.5 
208 95 0.5 
208 219 0.25 
209 134 0.25 
209 26 0.125 
209 15 0.125 
209 56 0.25 
210 68 0.25 
210 21 0.25 
210 96 0.5 
210 215 0.25 
210 217 0.25 
211 12 0.5 
211 104 0.5 
211 75 0.25 
212 138 0.25 
212 78 0.5 
212 68 0.5 
212 21 0.125 
212 22 0.5 
213 206 0.125 
214 12 0.125 
214 16 0.125 
214 211 0.5 
214 104 0.125 
215 78 0.5 
215 68 0.25 
215 96 0.125 
215 210 0.125 
215 109 0.125 
216 76 0.125 
216 204 0.125 
216 132 0.5 
217 68 0.125 
217 210 0.25 
217 21 0.5 
218 77 0.5 
218 20 0.25 
218 134 0.5 
218 31 0.125 
219 208 0.5 
219 95 0.25 
220 80 0.25 
220 66 0.5 
220 62 0.25 
221 30 0.125 
221 121 0.25 
222 207 0.25 
222 196 0.5 
222 201 0.125 
223 62 0.125 
223 46 0.25 
223 66 0.25 
223 98 0.125 
223 224 0.5 
223 231 0.25 
224 223 0.25 
224 225 0.5 
224 232 0.125 
224 233 0.25 
225 224 0.25 
225 226 0.25 
225 227 0.25 
225 228 0.25 
225 234 0.125 
226 225 0.5 
226 229 0.125 
226 234 0.5 
227 225 0.25 
227 237 0.25 
228 225 0.5 
228 233 0.25 
229 226 0.125 
229 230 0.125 
230 229 0.125 
231 223 0.25 
231 236 0.25 
232 224 0.5 
232 226 0.25 
232 233 0.5 
233 224 0.5 
233 228 0.5 
233 232 0.25 
234 225 0.125 
234 226 0.25 
234 235 0.25 
235 234 0.25 
236 231 0.125 
236 223 0.5 
237 227 0.5 
238 132 0.125 
238 36 0.125 
238 11 0.25 
238 18 0.125 
238 239 0.25 
238 241 0.125 
238 243 0.125 
238 246 0.25 
238 247 0.125 
239 238 0.125 
239 240 0.5 
239 253 0.125 
240 239 0.25 
240 242 0.25 
240 244 0.125 
241 238 0.25 
241 240 0.25 
241 249 0.25 
241 254 0.5 
242 240 0.5 
242 245 0.125 
243 238 0.5 
243 250 0.5 
244 240 0.125 
245 242 0.125 
246 238 0.5 
246 248 0.25 
246 252 0.5 
246 255 0.125 
247 238 0.5 
247 251 0.125 
248 246 0.125 
248 250 0.5 
248 464 0.125 
249 241 0.5 
249 246 0.25 
250 248 0.5 
250 243 0.125 
250 246 0.125 
251 247 0.125 
252 246 0.5 
253 239 0.25 
254 241 0.5 
255 246 0.125 
255 248 0.25 
256 182 0.25 
256 65 0.5 
256 76 0.5 
256 32 0.25 
256 257 0.25 
256 259 0.5 
257 256 0.25 
257 258 0.125 
257 260 0.5 
258 257 0.25 
259 256 0.25 
260 257 0.25 
261 66 0.125 
261 43 0.25 
261 62 0.25 
261 189 0.125 
261 262 0.5 
262 261 0.125 
263 67 0.5 
263 247 0.125 
263 124 0.25 
263 19 0.25 
263 153 0.125 
263 267 0.5 
263 271 0.5 
263 273 0.5 
263 281 0.125 
263 317 0.25 
263 366 0.5 
263 378 0.5 
263 418 0.5 
263 430 0.125 
264 263 0.25 
264 265 0.25 
264 266 0.125 
264 278 0.25 
264 300 0.25 
265 264 0.5 
265 321 0.5 
265 393 0.5 
265 449 0.25 
266 264 0.25 
266 276 0.25 
266 294 0.125 
266 393 0.25 
266 413 0.125 
266 438 0.125 
267 263 0.125 
267 268 0.125 
267 269 0.5 
267 270 0.5 
267 274 0.125 
267 275 0.125 
267 292 0.25 
267 301 0.25 
267 303 0.125 
267 307 0.25 
267 318 0.25 
267 348 0.5 
267 406 0.125 
267 443 0.25 
268 267 0.125 
268 272 0.5 
268 275 0.5 
268 286 0.125 
268 287 0.5 
268 291 0.25 
268 293 0.5 
268 302 0.5 
268 330 0.5 
268 402 0.25 
268 481 0.5 
269 267 0.25 
269 375 0.25 
270 267 0.5 
270 279 0.5 
270 295 0.125 
270 298 0.125 
270 347 0.5 
270 360 0.5 
271 263 0.25 
272 268 0.5 
272 280 0.5 
273 263 0.125 
273 277 0.25 
273 282 0.5 
273 299 0.25 
273 338 0.125 
274 267 0.5 
274 283 0.5 
274 301 0.25 
274 306 0.125 
274 308 0.125 
274 329 0.5 
274 368 0.125 
274 389 0.25 
274 390 0.5 
274 412 0.25 
274 464 0.5 
275 267 0.125 
275 268 0.5 
275 287 0.25 
275 291 0.125 
275 363 0.125 
275 452 0.25 
276 266 0.25 
276 289 0.125 
277 270 0.25 
277 273 0.25 
277 377 0.5 
278 264 0.25 
278 300 0.125 
279 270 0.5 
279 296 0.25 
279 303 0.5 
279 373 0.5 
280 272 0.5 
280 269 0.125 
280 284 0.25 
280 285 0.25 
280 310 0.25 
280 386 0.25 
280 445 0.5 
280 456 0.125 
281 263 0.25 
281 273 0.25 
281 271 0.5 
281 289 0.25 
281 314 0.125 
282 273 0.125 
282 277 0.125 
282 299 0.125 
282 305 0.25 
282 339 0.5 
282 342 0.25 
282 379 0.5 
283 271 0.25 
283 267 0.125 
283 275 0.25 
283 274 0.25 
283 263 0.125 
283 288 0.5 
283 302 0.25 
283 319 0.25 
283 354 0.25 
283 355 0.125 
283 371 0.125 
283 388 0.5 
283 447 0.25 
284 280 0.25 
284 285 0.5 
284 310 0.125 
284 445 0.5 
284 456 0.5 
285 280 0.25 
285 284 0.25 
285 286 0.25 
285 334 0.25 
285 337 0.5 
285 357 0.5 
285 410 0.125 
285 422 0.25 
285 428 0.125 
285 456 0.125 
286 268 0.5 
286 285 0.25 
286 293 0.25 
286 325 0.5 
286 400 0.25 
286 455 0.5 
287 275 0.125 
287 268 0.125 
287 328 0.125 
287 339 0.125 
287 383 0.125 
287 405 0.25 
288 283 0.5 
288 277 0.5 
288 263 0.125 
288 306 0.125 
288 377 0.125 
289 276 0.25 
289 281 0.25 
289 290 0.125 
289 309 0.25 
289 429 0.125 
290 289 0.125 
290 429 0.5 
291 268 0.5 
291 275 0.125 
291 302 0.5 
291 332 0.25 
291 380 0.25 
292 267 0.25 
292 297 0.125 
292 298 0.25 
292 335 0.125 
292 347 0.125 
292 351 0.5 
292 364 0.5 
292 372 0.5 
292 446 0.125 
293 268 0.5 
293 286 0.125 
293 316 0.5 
293 320 0.25 
293 434 0.25 
294 266 0.25 
294 324 0.25 
294 336 0.25 
294 457 0.25 
295 270 0.125 
296 279 0.25 
296 313 0.25 
296 340 0.125 
296 404 0.125 
297 292 0.125 
297 335 0.25 
297 372 0.125 
297 396 0.5 
298 292 0.5 
298 270 0.5 
298 303 0.5 
298 361 0.5 
298 365 0.5 
299 282 0.125 
299 273 0.25 
299 291 0.125 
299 311 0.125 
299 343 0.125 
299 359 0.25 
299 409 0.125 
299 432 0.25 
300 278 0.5 
300 264 0.25 
301 267 0.125 
301 274 0.25 
301 331 0.125 
301 424 0.5 
301 458 0.5 
302 268 0.25 
302 291 0.125 
302 283 0.25 
302 275 0.5 
302 421 0.125 
303 298 0.25 
303 279 0.25 
303 267 0.5 
304 281 0.5 
305 282 0.125 
305 328 0.25 
305 342 0.5 
305 379 0.25 
306 274 0.25 
306 288 0.125 
307 267 0.25 
307 312 0.5 
307 315 0.25 
307 327 0.125 
307 331 0.25 
308 274 0.25 
308 329 0.5 
308 390 0.25 
308 412 0.25 
308 464 0.5 
309 289 0.25 
309 290 0.25 
309 345 0.5 
310 284 0.125 
310 280 0.5 
310 293 0.25 
310 333 0.125 
310 353 0.125 
311 299 0.125 
311 356 0.5 
311 369 0.5 
311 370 0.5 
311 384 0.125 
312 307 0.125 
312 327 0.125 
313 296 0.5 
313 340 0.25 
313 404 0.125 
314 281 0.25 
315 307 0.5 
316 293 0.25 
316 341 0.125 
316 398 0.5 
316 427 0.25 
316 454 0.5 
317 263 0.5 
317 275 0.5 
317 299 0.125 
317 322 0.5 
317 323 0.5 
317 326 0.5 
317 346 0.125 
317 425 0.25 
318 267 0.125 
318 423 0.125 
319 283 0.5 
319 387 0.5 
319 397 0.125 
320 293 0.5 
320 399 0.25 
320 434 0.5 
321 265 0.5 
322 317 0.125 
322 326 0.5 
322 425 0.125 
323 317 0.25 
323 275 0.25 
323 350 0.5 
323 363 0.125 
323 433 0.5 
323 436 0.25 
324 294 0.5 
324 416 0.25 
324 457 0.25 
325 286 0.125 
325 382 0.25 
325 401 0.25 
325 455 0.125 
326 317 0.5 
326 322 0.5 
327 307 0.25 
327 312 0.25 
328 282 0.25 
328 287 0.5 
328 317 0.5 
328 305 0.25 
328 440 0.125 
329 308 0.25 
329 274 0.25 
329 347 0.5 
329 352 0.5 
329 381 0.5 
330 268 0.5 
330 286 0.5 
331 301 0.5 
331 327 0.5 
331 307 0.25 
332 291 0.5 
332 339 0.125 
333 310 0.5 
333 353 0.125 
334 285 0.5 
334 280 0.25 
334 284 0.5 
334 362 0.125 
335 292 0.25 
335 297 0.125 
335 396 0.125 
336 324 0.5 
336 294 0.25 
336 438 0.5 
337 285 0.125 
338 273 0.125 
338 426 0.25 
339 287 0.125 
339 332 0.25 
339 291 0.25 
339 282 0.125 
339 349 0.5 
339 411 0.25 
339 419 0.125 
340 313 0.125 
340 296 0.25 
340 344 0.125 
340 376 0.125 
340 388 0.125 
341 316 0.125 
341 427 0.25 
341 451 0.25 
342 282 0.25 
342 305 0.125 
343 299 0.5 
343 359 0.25 
343 385 0.25 
343 432 0.25 
344 340 0.5 
345 309 0.25 
346 322 0.125 
346 326 0.5 
346 317 0.25 
346 358 0.25 
347 270 0.5 
347 292 0.25 
347 329 0.25 
347 367 0.25 
347 431 0.125 
348 267 0.125 
349 339 0.25 
349 411 0.5 
349 419 0.125 
350 323 0.125 
351 292 0.5 
351 391 0.25 
352 329 0.5 
352 374 0.25 
352 381 0.25 
353 333 0.5 
353 310 0.5 
353 406 0.125 
354 283 0.25 
355 283 0.125 
356 311 0.125 
356 369 0.25 
356 380 0.5 
357 285 0.125 
357 401 0.25 
357 410 0.5 
357 422 0.25 
357 428 0.5 
358 346 0.25 
358 322 0.5 
358 317 0.5 
359 299 0.25 
359 343 0.5 
359 385 0.5 
360 270 0.25 
361 298 0.25 
361 270 0.25 
362 334 0.25 
363 275 0.125 
363 323 0.25 
363 392 0.5 
363 442 0.25 
363 459 0.5 
364 292 0.125 
364 297 0.125 
364 391 0.5 
364 446 0.5 
365 298 0.125 
366 263 0.125 
367 347 0.25 
367 431 0.125 
368 274 0.5 
368 439 0.25 
369 311 0.5 
369 356 0.125 
369 370 0.125 
369 384 0.25 
369 415 0.125 
370 311 0.25 
370 369 0.125 
370 380 0.125 
370 384 0.125 
371 283 0.125 
371 365 0.5 
372 297 0.5 
372 292 0.125 
372 446 0.25 
373 279 0.125 
374 352 0.125 
374 368 0.25 
374 329 0.25 
375 269 0.5 
375 344 0.25 
375 340 0.125 
375 275 0.5 
375 376 0.5 
376 340 0.125 
376 344 0.5 
376 375 0.5 
377 277 0.125 
377 288 0.5 
377 395 0.5 
378 273 0.25 
378 271 0.25 
378 263 0.5 
379 305 0.125 
379 282 0.125 
380 370 0.5 
380 291 0.5 
380 356 0.5 
380 407 0.5 
380 417 0.125 
380 450 0.5 
381 329 0.125 
381 352 0.25 
382 325 0.125 
382 286 0.125 
382 400 0.5 
383 287 0.5 
384 370 0.25 
384 369 0.25 
384 311 0.5 
385 343 0.125 
385 299 0.25 
385 359 0.125 
385 432 0.125 
386 280 0.25 
386 284 0.25 
386 445 0.125 
387 319 0.125 
387 384 0.25 
387 403 0.25 
388 340 0.25 
388 318 0.25 
388 283 0.5 
389 274 0.5 
389 308 0.125 
389 412 0.125 
390 274 0.5 
390 308 0.125 
391 335 0.125 
391 351 0.25 
391 364 0.125 
392 363 0.25 
392 442 0.5 
392 459 0.5 
393 266 0.125 
393 265 0.5 
393 321 0.5 
393 448 0.5 
394 285 0.5 
395 377 0.5 
396 335 0.5 
396 297 0.5 
396 372 0.5 
397 319 0.5 
398 316 0.125 
399 293 0.25 
399 320 0.125 
400 382 0.125 
400 286 0.125 
400 451 0.25 
400 455 0.25 
401 285 0.25 
401 325 0.125 
401 357 0.25 
401 382 0.125 
401 453 0.125 
401 460 0.5 
402 268 0.125 
402 275 0.25 
402 341 0.5 
402 316 0.25 
403 387 0.5 
404 340 0.125 
404 313 0.125 
404 296 0.125 
404 447 0.125 
405 287 0.25 
405 383 0.25 
406 267 0.25 
406 353 0.25 
406 301 0.5 
406 414 0.5 
406 420 0.125 
407 380 0.25 
407 450 0.25 
408 309 0.25 
408 345 0.25 
409 299 0.125 
409 385 0.25 
410 285 0.25 
410 357 0.25 
410 435 0.25 
411 339 0.25 
411 349 0.5 
411 419 0.125 
412 308 0.5 
412 389 0.25 
412 274 0.25 
413 266 0.25 
413 438 0.125 
414 406 0.5 
414 420 0.125 
415 311 0.125 
415 369 0.5 
415 370 0.125 
416 294 0.5 
416 324 0.5 
417 331 0.125 
417 380 0.25 
417 407 0.25 
417 441 0.25 
418 263 0.5 
418 384 0.125 
418 366 0.125 
419 411 0.125 
419 339 0.125 
419 349 0.125 
420 406 0.125 
420 414 0.125 
421 302 0.25 
422 357 0.125 
422 285 0.125 
422 456 0.125 
423 267 0.25 
423 284 0.25 
423 318 0.125 
423 437 0.5 
424 301 0.125 
425 317 0.25 
425 326 0.25 
425 358 0.5 
425 322 0.25 
425 446 0.125 
426 338 0.25 
426 273 0.5 
426 314 0.25 
426 444 0.125 
427 341 0.125 
427 316 0.5 
427 451 0.5 
427 454 0.125 
428 357 0.125 
428 285 0.125 
428 394 0.5 
429 289 0.125 
429 290 0.125 
430 263 0.125 
431 367 0.5 
431 347 0.125 
432 343 0.25 
432 385 0.125 
432 299 0.125 
433 323 0.25 
433 436 0.25 
434 293 0.25 
434 320 0.25 
435 279 0.25 
435 410 0.5 
435 394 0.5 
435 357 0.5 
436 433 0.5 
436 323 0.125 
437 423 0.5 
438 266 0.25 
438 413 0.125 
438 336 0.5 
438 448 0.125 
439 368 0.125 
440 328 0.25 
441 417 0.25 
442 363 0.125 
442 392 0.5 
443 267 0.25 
444 426 0.25 
445 280 0.25 
445 284 0.5 
445 386 0.125 
446 372 0.5 
446 425 0.5 
446 364 0.5 
446 391 0.5 
446 292 0.25 
447 404 0.125 
447 385 0.125 
447 283 0.25 
448 438 0.25 
448 393 0.125 
449 294 0.5 
449 324 0.25 
449 265 0.25 
449 416 0.5 
450 407 0.25 
450 380 0.25 
451 400 0.125 
451 382 0.25 
451 427 0.5 
451 341 0.125 
451 286 0.125 
452 275 0.5 
453 401 0.5 
453 460 0.5 
454 341 0.25 
454 316 0.125 
454 427 0.125 
455 382 0.5 
455 400 0.25 
455 325 0.125 
455 286 0.25 
456 284 0.125 
456 285 0.5 
456 334 0.125 
456 280 0.125 
456 422 0.25 
457 324 0.25 
457 294 0.5 
458 301 0.125 
458 424 0.5 
459 392 0.25 
459 363 0.125 
459 442 0.125 
460 453 0.5 
460 401 0.125 
461 436 0.5 
461 308 0.125 
461 19 0.125 
461 299 0.25 
461 148 0.5 
461 462 0.125 
461 463 0.125 
462 461 0.25 
463 461 0.125 
464 15 0.125 
464 390 0.5 
464 308 0.125 
464 248 0.125 
464 274 0.125 
464 465 0.5 
464 467 0.125 
464 471 0.5 
464 473 0.25 
465 464 0.125 
465 466 0.5 
465 468 0.5 
465 470 0.5 
465 471 0.25 
465 474 0.125 
465 476 0.5 
465 477 0.125 
466 465 0.25 
467 464 0.25 
467 469 0.5 
467 472 0.5 
467 478 0.25 
468 465 0.25 
468 466 0.5 
469 467 0.25 
469 464 0.5 
470 465 0.5 
470 474 0.25 
471 470 0.125 
471 464 0.25 
471 465 0.125 
471 475 0.5 
472 467 0.125 
473 464 0.5 
473 469 0.5 
474 470 0.25 
474 465 0.125 
474 477 0.125 
475 471 0.5 
476 465 0.5 
476 470 0.5 
476 481 0.5 
477 465 0.5 
477 470 0.25 
477 474 0.25 
478 467 0.5 
479 347 0.25 
479 63 0.5 
479 47 0.5 
479 3 0.125 
479 40 0.5 
479 480 0.125 
480 479 0.5 
481 476 0.125 
481 40 0.5 
481 15 0.25 
481 268 0.125 
481 174 0.25 
481 482 0.25 
481 483 0.5 
482 481 0.5 
482 484 0.25 
482 487 0.25 
483 481 0.25 
484 482 0.5 
485 481 0.25 
485 486 0.25 
485 489 0.125 
485 491 0.25 
486 485 0.25 
486 488 0.125 
487 482 0.5 
487 490 0.125 
488 485 0.5 
488 486 0.125 
488 491 0.125 
489 485 0.5 
489 486 0.125 
489 491 0.5 
490 487 0.25 
491 489 0.5 
491 488 0.125 
491 485 0.25 
492 103 0.125 
492 123 0.25 
492 281 0.25 
492 278 0.25 
492 426 0.125 
492 493 0.25 
492 495 0.25 
493 492 0.25 
493 494 0.25 
493 498 0.25 
494 493 0.125 
494 499 0.25 
495 492 0.125 
495 494 0.5 
495 496 0.5 
496 495 0.125 
496 497 0.125 
497 496 0.5 
498 493 0.5 
499 494 0.5 
