500
0 1 0.0625 
0 3 0.0625 
0 4 0.0625 
1 0 0.5 
1 2 0.5 
1 3 0.0625 
1 5 0.5 
2 1 0.5 
2 5 0.015625 
3 1 0.5 
3 0 0.5 
4 0 0.0625 
4 12 0.0625 
5 1 0.015625 
5 2 0.015625 
5 6 0.0625 
5 7 0.0625 
5 8 0.015625 
6 5 0.5 
6 9 0.5 
7 5 0.5 
8 5 0.5 
8 11 0.0625 
9 6 0.015625 
9 10 0.015625 
9 12 0.0625 
10 9 0.5 
10 11 0.0625 
11 10 0.015625 
11 8 0.5 
12 9 0.5 
12 4 0.0625 
12 1 0.0625 
12 13 0.015625 
12 15 0.5 
12 19 0.015625 
12 26 0.015625 
12 27 0.015625 
12 53 0.5 
12 69 0.0625 
12 81 0.0625 
12 114 0.015625 
12 164 0.5 
12 184 0.015625 
12 223 0.5 
13 12 0.0625 
13 17 0.5 
13 21 0.5 
13 24 0.0625 
13 28 0.015625 
13 37 0.0625 
13 43 0.015625 
13 59 0.5 
13 214 0.5 
13 464 0.0625 
14 13 0.0625 
14 16 0.5 
14 20 0.5 
14 22 0.5 
14 25 0.015625 
14 29 0.015625 
14 31 0.0625 
14 36 0.0625 
14 38 0.0625 
14 39 0.5 
14 49 0.0625 
14 117 0.5 
14 178 0.0625 
15 12 0.0625 
16 14 0.015625 
16 18 0.0625 
16 36 0.5 
16 40 0.015625 
16 54 0.0625 
16 91 0.5 
17 13 0.5 
17 22 0.5 
17 28 0.0625 
17 57 0.5 
18 16 0.5 
19 12 0.5 
19 128 0.0625 
20 14 0.015625 
20 22 0.5 
20 23 0.015625 
20 44 0.015625 
20 117 0.0625 
21 13 0.015625 
21 34 0.5 
21 68 0.5 
21 95 0.5 
21 124 0.015625 
21 190 0.0625 
21 205 0.015625 
22 17 0.5 
22 20 0.5 
22 14 0.015625 
22 29 0.015625 
22 38 0.015625 
22 111 0.5 
22 127 0.0625 
22 146 0.0625 
23 20 0.5 
23 48 0.5 
23 85 0.5 
23 175 0.5 
24 21 0.0625 
24 13 0.5 
24 74 0.0625 
24 84 0.5 
24 96 0.5 
24 149 0.5 
24 153 0.5 
25 14 0.015625 
25 31 0.015625 
25 32 0.5 
25 39 0.5 
25 178 0.0625 
26 12 0.015625 
26 15 0.5 
26 86 0.5 
26 100 0.0625 
27 12 0.015625 
27 101 0.015625 
27 176 0.5 
27 481 0.5 
28 13 0.5 
28 17 0.0625 
28 35 0.5 
28 58 0.5 
28 77 0.015625 
28 78 0.5 
28 83 0.015625 
28 94 0.5 
28 187 0.0625 
28 211 0.015625 
29 22 0.0625 
29 14 0.015625 
29 30 0.0625 
29 38 0.5 
29 80 0.015625 
29 104 0.5 
30 29 0.0625 
30 71 0.0625 
30 97 0.5 
30 139 0.015625 
31 25 0.0625 
31 14 0.015625 
31 178 0.0625 
32 25 0.015625 
32 14 0.015625 
32 31 0.5 
32 36 0.0625 
32 40 0.5 
32 49 0.0625 
32 54 0.015625 
32 60 0.5 
33 28 0.015625 
33 52 0.015625 
33 152 0.015625 
34 21 0.5 
34 29 0.5 
34 41 0.5 
34 88 0.5 
34 124 0.015625 
35 28 0.0625 
35 77 0.5 
35 78 0.015625 
35 187 0.5 
35 211 0.5 
36 16 0.015625 
36 32 0.0625 
36 18 0.0625 
36 14 0.015625 
36 49 0.5 
36 76 0.015625 
36 207 0.5 
36 217 0.0625 
37 13 0.0625 
37 59 0.0625 
37 261 0.015625 
38 14 0.015625 
38 22 0.015625 
38 29 0.0625 
38 218 0.015625 
39 14 0.015625 
39 25 0.0625 
39 90 0.0625 
39 107 0.5 
40 16 0.015625 
40 14 0.0625 
40 32 0.5 
40 64 0.0625 
40 73 0.0625 
41 34 0.5 
41 42 0.0625 
41 88 0.5 
41 95 0.0625 
42 41 0.015625 
42 34 0.0625 
42 13 0.0625 
42 46 0.5 
42 47 0.5 
42 56 0.015625 
42 58 0.0625 
42 63 0.0625 
42 66 0.5 
42 67 0.0625 
42 73 0.5 
42 106 0.0625 
42 126 0.5 
42 144 0.0625 
42 148 0.015625 
42 213 0.0625 
43 13 0.0625 
43 51 0.0625 
43 55 0.015625 
43 62 0.015625 
43 70 0.5 
43 92 0.0625 
43 103 0.015625 
43 125 0.015625 
43 130 0.0625 
43 166 0.0625 
44 20 0.0625 
45 42 0.5 
45 57 0.5 
45 106 0.0625 
45 144 0.0625 
45 148 0.0625 
45 163 0.0625 
45 213 0.5 
45 221 0.015625 
45 479 0.5 
46 42 0.015625 
46 106 0.0625 
47 42 0.015625 
47 46 0.5 
47 63 0.5 
48 23 0.015625 
48 85 0.0625 
48 136 0.5 
48 175 0.015625 
49 32 0.0625 
49 36 0.5 
49 39 0.5 
49 14 0.0625 
49 50 0.0625 
49 98 0.0625 
49 131 0.0625 
49 182 0.5 
50 38 0.015625 
50 49 0.0625 
50 22 0.5 
50 146 0.5 
50 182 0.5 
50 218 0.5 
51 43 0.5 
51 108 0.0625 
51 130 0.0625 
51 156 0.0625 
52 33 0.5 
52 29 0.015625 
52 30 0.015625 
53 12 0.5 
53 69 0.0625 
54 16 0.015625 
54 32 0.0625 
54 39 0.5 
54 61 0.015625 
54 109 0.5 
55 43 0.5 
55 16 0.5 
55 110 0.015625 
55 133 0.5 
55 161 0.5 
55 162 0.015625 
56 14 0.5 
56 40 0.015625 
56 42 0.5 
56 63 0.0625 
56 118 0.0625 
56 159 0.5 
56 171 0.0625 
57 17 0.0625 
57 45 0.015625 
57 65 0.015625 
57 79 0.015625 
58 28 0.015625 
58 45 0.0625 
58 36 0.015625 
58 42 0.5 
58 93 0.015625 
58 94 0.5 
58 99 0.015625 
58 123 0.5 
58 151 0.0625 
58 173 0.5 
59 13 0.5 
59 37 0.0625 
59 66 0.0625 
59 94 0.5 
59 214 0.015625 
60 49 0.5 
60 32 0.015625 
60 145 0.5 
61 54 0.5 
61 131 0.5 
61 143 0.0625 
62 43 0.0625 
62 92 0.015625 
62 103 0.0625 
62 122 0.015625 
62 130 0.015625 
63 56 0.015625 
63 42 0.5 
63 46 0.0625 
63 47 0.0625 
63 80 0.5 
64 40 0.0625 
65 57 0.0625 
66 59 0.5 
66 47 0.5 
66 42 0.015625 
66 119 0.015625 
66 134 0.015625 
66 210 0.5 
66 215 0.0625 
67 42 0.5 
67 45 0.5 
67 47 0.5 
68 21 0.0625 
69 12 0.015625 
69 53 0.015625 
70 43 0.5 
70 66 0.5 
70 62 0.0625 
70 72 0.5 
70 73 0.5 
70 120 0.0625 
70 170 0.015625 
70 177 0.5 
71 30 0.5 
71 75 0.015625 
71 121 0.0625 
72 70 0.0625 
72 170 0.5 
73 40 0.5 
73 47 0.015625 
73 70 0.0625 
73 42 0.5 
73 165 0.5 
73 193 0.0625 
73 203 0.5 
74 24 0.5 
74 43 0.0625 
74 84 0.0625 
74 116 0.0625 
75 71 0.5 
75 82 0.015625 
76 36 0.0625 
76 181 0.0625 
77 28 0.0625 
77 35 0.015625 
77 83 0.015625 
77 123 0.5 
78 35 0.015625 
78 28 0.015625 
78 52 0.0625 
78 89 0.5 
78 93 0.5 
78 104 0.015625 
78 138 0.015625 
78 140 0.5 
78 461 0.015625 
79 57 0.015625 
80 29 0.5 
80 63 0.5 
81 12 0.015625 
81 53 0.015625 
81 167 0.5 
81 184 0.0625 
81 263 0.015625 
82 75 0.015625 
82 71 0.015625 
82 152 0.015625 
82 158 0.015625 
82 202 0.0625 
83 35 0.5 
83 28 0.015625 
83 77 0.0625 
83 123 0.015625 
83 187 0.5 
83 211 0.5 
84 24 0.5 
84 74 0.5 
84 168 0.5 
84 209 0.0625 
85 23 0.0625 
85 48 0.015625 
86 26 0.5 
86 12 0.015625 
86 119 0.5 
86 128 0.5 
87 69 0.0625 
87 81 0.5 
87 12 0.0625 
88 41 0.5 
88 34 0.015625 
89 78 0.015625 
89 140 0.0625 
89 256 0.015625 
90 39 0.0625 
90 107 0.015625 
91 16 0.5 
92 62 0.0625 
92 43 0.0625 
92 51 0.0625 
92 108 0.015625 
93 78 0.5 
93 30 0.5 
93 58 0.5 
93 189 0.015625 
93 212 0.015625 
94 43 0.015625 
94 28 0.5 
94 93 0.015625 
94 59 0.015625 
94 58 0.0625 
94 121 0.015625 
94 132 0.015625 
94 198 0.015625 
95 21 0.015625 
95 41 0.015625 
95 42 0.015625 
95 102 0.0625 
95 105 0.0625 
95 106 0.5 
95 174 0.0625 
96 24 0.5 
96 111 0.5 
96 155 0.015625 
97 30 0.015625 
98 49 0.5 
99 58 0.015625 
100 26 0.5 
101 27 0.5 
101 164 0.5 
101 176 0.5 
101 185 0.015625 
101 204 0.015625 
102 95 0.0625 
102 195 0.0625 
102 206 0.015625 
103 43 0.5 
103 62 0.0625 
103 125 0.5 
104 29 0.015625 
104 78 0.5 
104 180 0.015625 
104 183 0.0625 
104 188 0.015625 
105 95 0.5 
106 95 0.0625 
106 45 0.5 
106 42 0.5 
106 46 0.015625 
106 112 0.5 
106 135 0.015625 
106 172 0.0625 
106 179 0.0625 
107 90 0.015625 
107 39 0.5 
108 43 0.0625 
108 92 0.0625 
108 103 0.015625 
108 51 0.5 
108 166 0.5 
109 90 0.015625 
109 54 0.5 
109 39 0.5 
110 55 0.015625 
110 141 0.015625 
111 96 0.015625 
111 22 0.015625 
112 106 0.015625 
112 172 0.015625 
112 179 0.5 
113 24 0.0625 
113 137 0.0625 
113 192 0.5 
114 12 0.0625 
114 101 0.015625 
114 27 0.015625 
115 78 0.5 
116 74 0.0625 
117 14 0.015625 
117 20 0.5 
117 142 0.0625 
118 56 0.0625 
118 171 0.5 
119 66 0.0625 
119 86 0.015625 
119 157 0.0625 
120 70 0.5 
121 83 0.0625 
121 71 0.0625 
121 28 0.0625 
121 94 0.015625 
121 147 0.0625 
121 154 0.0625 
122 62 0.0625 
122 43 0.0625 
122 92 0.015625 
122 51 0.0625 
123 83 0.015625 
123 58 0.0625 
123 94 0.5 
123 77 0.0625 
123 170 0.015625 
124 21 0.5 
124 34 0.0625 
124 114 0.0625 
124 150 0.015625 
124 160 0.5 
124 196 0.5 
125 43 0.5 
125 103 0.015625 
126 42 0.5 
126 148 0.015625 
127 22 0.015625 
127 38 0.015625 
127 50 0.5 
127 129 0.5 
127 136 0.0625 
128 19 0.5 
128 86 0.015625 
129 127 0.015625 
130 43 0.015625 
130 51 0.015625 
130 62 0.0625 
130 200 0.015625 
131 49 0.5 
131 61 0.015625 
132 94 0.0625 
133 110 0.015625 
133 55 0.5 
133 161 0.5 
134 66 0.015625 
135 106 0.5 
136 48 0.0625 
136 127 0.015625 
137 113 0.015625 
137 192 0.015625 
138 78 0.5 
139 30 0.015625 
140 78 0.0625 
140 89 0.0625 
141 110 0.015625 
141 133 0.5 
141 55 0.0625 
141 162 0.5 
142 117 0.0625 
143 61 0.0625 
144 45 0.5 
144 42 0.0625 
144 163 0.0625 
145 60 0.5 
146 22 0.015625 
146 50 0.015625 
147 121 0.5 
147 158 0.5 
148 45 0.5 
148 42 0.0625 
148 144 0.5 
148 126 0.0625 
148 163 0.5 
149 24 0.0625 
150 124 0.5 
150 160 0.5 
150 196 0.015625 
151 58 0.5 
151 94 0.015625 
151 132 0.0625 
152 82 0.0625 
152 33 0.0625 
152 197 0.015625 
153 24 0.0625 
154 121 0.015625 
154 256 0.0625 
155 96 0.0625 
155 153 0.015625 
155 167 0.5 
155 169 0.0625 
156 62 0.5 
156 51 0.015625 
156 92 0.5 
157 119 0.0625 
158 154 0.015625 
158 147 0.0625 
158 82 0.015625 
158 121 0.0625 
158 194 0.015625 
158 201 0.5 
159 56 0.0625 
159 118 0.015625 
159 171 0.015625 
160 124 0.5 
160 150 0.0625 
160 196 0.015625 
161 55 0.5 
161 133 0.0625 
161 110 0.5 
161 141 0.5 
161 186 0.015625 
162 141 0.015625 
162 55 0.0625 
163 144 0.0625 
163 45 0.0625 
163 47 0.0625 
163 148 0.5 
164 101 0.0625 
164 12 0.015625 
164 27 0.015625 
164 222 0.0625 
165 73 0.015625 
165 193 0.5 
165 203 0.015625 
166 43 0.0625 
166 62 0.0625 
166 108 0.0625 
167 81 0.015625 
167 155 0.5 
168 84 0.0625 
169 155 0.015625 
170 70 0.5 
170 72 0.5 
170 123 0.0625 
171 56 0.015625 
171 118 0.0625 
171 159 0.0625 
172 106 0.5 
172 112 0.015625 
173 58 0.5 
174 95 0.5 
175 48 0.015625 
175 23 0.0625 
175 208 0.5 
176 101 0.015625 
176 27 0.015625 
176 216 0.5 
177 70 0.5 
178 25 0.015625 
178 31 0.015625 
178 14 0.015625 
179 135 0.5 
179 112 0.5 
179 106 0.015625 
180 104 0.015625 
180 183 0.5 
181 76 0.0625 
182 49 0.0625 
182 50 0.015625 
183 104 0.5 
183 180 0.015625 
183 188 0.015625 
184 12 0.0625 
184 81 0.0625 
185 101 0.5 
185 176 0.0625 
186 110 0.0625 
186 133 0.015625 
186 161 0.015625 
187 28 0.0625 
187 83 0.015625 
187 35 0.0625 
188 104 0.015625 
188 183 0.015625 
188 180 0.015625 
189 93 0.015625 
190 21 0.5 
190 219 0.015625 
190 481 0.0625 
191 47 0.0625 
191 45 0.5 
191 42 0.015625 
192 113 0.015625 
192 137 0.015625 
193 73 0.5 
193 165 0.015625 
193 203 0.5 
194 158 0.5 
195 102 0.015625 
195 206 0.0625 
196 124 0.0625 
196 160 0.0625 
196 150 0.5 
197 152 0.015625 
198 94 0.5 
199 159 0.0625 
199 171 0.0625 
199 56 0.015625 
200 130 0.015625 
200 153 0.015625 
200 43 0.015625 
201 158 0.5 
201 94 0.0625 
202 82 0.5 
203 73 0.015625 
203 165 0.5 
203 193 0.5 
204 27 0.015625 
204 101 0.5 
204 176 0.015625 
204 216 0.5 
204 223 0.5 
205 21 0.015625 
205 219 0.5 
206 102 0.5 
206 195 0.015625 
207 36 0.5 
207 146 0.015625 
208 175 0.015625 
209 84 0.015625 
210 66 0.015625 
210 134 0.5 
210 464 0.5 
211 35 0.0625 
211 28 0.0625 
211 83 0.015625 
212 93 0.5 
213 42 0.5 
213 45 0.5 
213 47 0.5 
213 46 0.015625 
214 13 0.0625 
214 59 0.5 
214 37 0.5 
215 134 0.0625 
215 66 0.5 
216 176 0.015625 
216 101 0.015625 
216 204 0.0625 
217 36 0.5 
217 146 0.0625 
217 218 0.5 
217 220 0.0625 
218 50 0.015625 
218 38 0.0625 
218 217 0.015625 
219 21 0.015625 
219 205 0.0625 
219 190 0.0625 
220 217 0.015625 
221 213 0.5 
221 148 0.015625 
221 47 0.0625 
221 45 0.0625 
222 164 0.015625 
222 223 0.5 
223 9 0.0625 
223 204 0.015625 
223 12 0.0625 
223 53 0.015625 
223 222 0.0625 
223 224 0.015625 
223 226 0.0625 
224 223 0.5 
224 225 0.5 
224 229 0.5 
225 224 0.5 
225 223 0.0625 
226 223 0.5 
226 225 0.015625 
226 227 0.0625 
226 235 0.015625 
227 226 0.5 
227 235 0.015625 
228 224 0.5 
228 229 0.0625 
229 224 0.0625 
229 228 0.5 
229 232 0.5 
229 234 0.0625 
230 224 0.015625 
230 231 0.5 
230 236 0.5 
231 230 0.5 
231 233 0.0625 
231 237 0.0625 
232 229 0.0625 
233 231 0.015625 
234 229 0.015625 
235 226 0.5 
235 223 0.015625 
235 227 0.015625 
236 230 0.0625 
237 231 0.0625 
238 20 0.5 
238 231 0.0625 
238 31 0.5 
238 54 0.0625 
238 237 0.015625 
238 239 0.0625 
238 240 0.015625 
238 248 0.5 
239 238 0.5 
239 242 0.015625 
240 238 0.5 
240 241 0.015625 
240 243 0.0625 
240 246 0.015625 
241 240 0.015625 
241 244 0.015625 
241 251 0.015625 
242 239 0.0625 
242 245 0.5 
242 252 0.0625 
243 240 0.015625 
243 244 0.015625 
243 255 0.5 
244 243 0.015625 
244 241 0.0625 
244 247 0.5 
244 249 0.5 
244 251 0.015625 
244 255 0.5 
245 242 0.5 
245 246 0.015625 
245 253 0.015625 
246 240 0.0625 
246 245 0.5 
246 249 0.015625 
246 253 0.0625 
247 244 0.0625 
248 238 0.0625 
249 244 0.5 
249 247 0.015625 
249 246 0.0625 
249 250 0.5 
249 251 0.5 
250 249 0.0625 
251 244 0.0625 
251 249 0.5 
251 241 0.5 
251 481 0.5 
252 242 0.015625 
253 246 0.5 
253 245 0.015625 
254 249 0.015625 
255 244 0.5 
255 243 0.0625 
256 89 0.0625 
256 83 0.5 
256 154 0.0625 
256 63 0.015625 
256 193 0.5 
256 257 0.5 
256 258 0.0625 
256 259 0.5 
257 256 0.0625 
257 259 0.5 
257 260 0.5 
258 256 0.0625 
259 257 0.5 
259 256 0.0625 
260 257 0.015625 
261 37 0.5 
261 73 0.0625 
261 125 0.0625 
261 51 0.0625 
261 262 0.0625 
262 261 0.015625 
263 108 0.5 
263 156 0.015625 
263 81 0.0625 
263 94 0.015625 
263 128 0.5 
263 264 0.5 
263 267 0.015625 
263 273 0.015625 
263 287 0.0625 
263 330 0.015625 
263 332 0.5 
263 375 0.5 
264 263 0.0625 
264 265 0.015625 
264 274 0.0625 
264 278 0.015625 
264 295 0.0625 
264 302 0.5 
264 304 0.5 
264 314 0.5 
264 324 0.5 
264 326 0.5 
264 334 0.015625 
264 341 0.015625 
264 366 0.015625 
264 368 0.0625 
264 433 0.0625 
265 264 0.0625 
265 266 0.015625 
265 268 0.5 
265 313 0.5 
265 358 0.0625 
266 265 0.015625 
266 270 0.5 
266 285 0.015625 
266 306 0.0625 
266 321 0.015625 
266 322 0.5 
266 459 0.5 
267 263 0.015625 
267 269 0.5 
267 272 0.015625 
267 288 0.015625 
267 351 0.0625 
267 367 0.5 
268 265 0.015625 
268 271 0.5 
268 277 0.015625 
268 289 0.0625 
268 303 0.5 
268 328 0.0625 
268 331 0.0625 
268 361 0.0625 
268 399 0.5 
268 424 0.5 
269 267 0.0625 
269 283 0.0625 
269 288 0.0625 
269 309 0.0625 
269 373 0.015625 
269 388 0.5 
270 266 0.5 
270 284 0.015625 
270 310 0.0625 
271 268 0.015625 
271 264 0.5 
271 275 0.5 
271 290 0.015625 
271 307 0.015625 
271 318 0.0625 
271 344 0.5 
271 387 0.0625 
272 267 0.0625 
272 276 0.5 
272 279 0.5 
272 377 0.015625 
272 430 0.015625 
272 439 0.0625 
273 263 0.5 
273 280 0.015625 
274 264 0.015625 
274 357 0.0625 
274 369 0.0625 
275 271 0.0625 
275 307 0.015625 
275 318 0.0625 
275 350 0.015625 
275 353 0.015625 
275 384 0.015625 
275 387 0.5 
276 272 0.5 
276 279 0.0625 
276 281 0.5 
276 294 0.015625 
276 316 0.015625 
276 365 0.0625 
276 374 0.015625 
276 378 0.0625 
277 268 0.0625 
277 293 0.5 
277 296 0.5 
278 264 0.0625 
278 298 0.015625 
278 343 0.015625 
278 356 0.0625 
279 276 0.0625 
279 272 0.015625 
279 263 0.015625 
279 450 0.5 
280 273 0.0625 
280 263 0.0625 
280 291 0.015625 
280 315 0.0625 
280 330 0.0625 
280 352 0.0625 
280 376 0.015625 
280 441 0.5 
281 276 0.015625 
281 272 0.5 
281 301 0.5 
281 317 0.0625 
281 351 0.0625 
281 449 0.015625 
282 263 0.0625 
282 274 0.015625 
282 333 0.0625 
282 347 0.015625 
282 412 0.015625 
282 420 0.5 
283 269 0.0625 
283 309 0.5 
284 270 0.0625 
284 327 0.015625 
284 372 0.015625 
285 266 0.5 
285 270 0.0625 
285 348 0.0625 
286 275 0.5 
286 278 0.015625 
286 271 0.5 
286 312 0.015625 
286 381 0.015625 
286 393 0.015625 
287 263 0.5 
287 299 0.015625 
287 392 0.0625 
287 436 0.0625 
288 269 0.015625 
288 267 0.5 
288 377 0.0625 
288 407 0.015625 
288 431 0.5 
289 268 0.0625 
289 297 0.0625 
289 308 0.0625 
289 358 0.015625 
289 404 0.0625 
290 263 0.015625 
290 278 0.5 
290 271 0.5 
290 276 0.015625 
290 325 0.5 
290 370 0.015625 
291 280 0.0625 
291 315 0.015625 
291 330 0.015625 
291 352 0.015625 
291 441 0.5 
292 264 0.015625 
292 286 0.0625 
292 337 0.0625 
292 338 0.5 
292 416 0.015625 
293 277 0.015625 
293 318 0.015625 
293 335 0.5 
293 353 0.015625 
294 276 0.0625 
295 264 0.5 
295 300 0.015625 
295 305 0.0625 
295 413 0.015625 
296 277 0.5 
296 293 0.0625 
296 335 0.015625 
297 289 0.5 
297 342 0.5 
297 391 0.5 
298 278 0.0625 
298 312 0.015625 
298 371 0.0625 
298 444 0.5 
299 263 0.5 
299 287 0.015625 
299 403 0.0625 
300 295 0.5 
300 305 0.015625 
300 362 0.015625 
300 394 0.5 
300 413 0.0625 
300 422 0.015625 
301 281 0.015625 
301 317 0.0625 
301 396 0.5 
302 264 0.5 
302 278 0.015625 
302 339 0.0625 
302 425 0.0625 
303 268 0.0625 
303 331 0.015625 
304 264 0.015625 
304 314 0.5 
304 341 0.0625 
304 451 0.015625 
305 300 0.5 
305 295 0.0625 
305 413 0.015625 
306 266 0.015625 
306 459 0.0625 
307 271 0.5 
307 275 0.0625 
307 350 0.015625 
307 353 0.015625 
307 384 0.0625 
308 289 0.015625 
308 402 0.015625 
308 420 0.015625 
308 460 0.5 
309 269 0.0625 
309 283 0.015625 
309 311 0.5 
309 363 0.0625 
310 270 0.0625 
311 309 0.015625 
312 298 0.015625 
312 270 0.5 
312 286 0.5 
312 381 0.5 
313 265 0.015625 
314 264 0.015625 
314 304 0.0625 
314 324 0.5 
314 326 0.5 
314 334 0.015625 
314 341 0.5 
314 433 0.015625 
315 280 0.0625 
315 278 0.5 
315 291 0.0625 
315 324 0.5 
315 356 0.5 
316 276 0.0625 
316 294 0.015625 
317 301 0.0625 
317 281 0.015625 
317 351 0.015625 
317 386 0.0625 
317 396 0.0625 
317 449 0.5 
318 293 0.5 
318 271 0.015625 
318 295 0.0625 
318 275 0.5 
318 319 0.0625 
318 320 0.0625 
318 323 0.5 
319 318 0.0625 
319 320 0.5 
319 323 0.0625 
319 337 0.0625 
319 434 0.015625 
320 318 0.015625 
320 319 0.015625 
320 286 0.015625 
320 340 0.5 
320 348 0.0625 
320 409 0.015625 
320 421 0.5 
321 306 0.015625 
321 266 0.0625 
321 438 0.0625 
322 266 0.5 
322 285 0.0625 
322 321 0.015625 
322 362 0.0625 
323 318 0.5 
323 286 0.5 
323 319 0.0625 
323 447 0.015625 
324 304 0.5 
324 264 0.0625 
324 314 0.5 
324 315 0.0625 
324 329 0.015625 
324 332 0.5 
324 346 0.0625 
324 454 0.015625 
325 290 0.0625 
326 264 0.0625 
326 314 0.015625 
326 433 0.5 
327 320 0.0625 
327 284 0.0625 
327 336 0.015625 
327 397 0.5 
328 268 0.5 
329 324 0.015625 
329 443 0.015625 
330 263 0.0625 
330 291 0.5 
330 280 0.5 
330 349 0.015625 
330 428 0.0625 
331 268 0.5 
331 281 0.5 
331 303 0.5 
331 408 0.0625 
331 446 0.015625 
331 455 0.5 
332 324 0.0625 
332 263 0.015625 
333 282 0.015625 
334 264 0.5 
334 314 0.5 
334 341 0.5 
334 366 0.015625 
335 293 0.5 
335 296 0.015625 
336 289 0.015625 
336 327 0.015625 
336 265 0.015625 
337 305 0.0625 
337 318 0.0625 
337 319 0.0625 
337 292 0.5 
337 342 0.0625 
337 381 0.5 
338 292 0.5 
338 325 0.5 
338 264 0.5 
338 418 0.0625 
339 302 0.015625 
339 425 0.5 
340 320 0.0625 
340 348 0.5 
340 409 0.0625 
340 421 0.015625 
341 304 0.015625 
341 264 0.5 
341 334 0.0625 
341 314 0.5 
341 385 0.0625 
341 433 0.5 
342 297 0.015625 
342 264 0.5 
342 337 0.0625 
342 360 0.015625 
342 404 0.0625 
342 410 0.015625 
343 278 0.015625 
344 271 0.5 
344 275 0.015625 
344 345 0.0625 
345 344 0.5 
346 324 0.015625 
346 454 0.015625 
347 282 0.015625 
347 406 0.5 
347 412 0.0625 
348 340 0.015625 
348 270 0.5 
348 320 0.0625 
348 285 0.015625 
348 383 0.015625 
348 432 0.5 
349 272 0.0625 
349 273 0.0625 
349 330 0.0625 
349 269 0.5 
350 271 0.015625 
350 307 0.015625 
350 275 0.015625 
351 267 0.5 
351 281 0.015625 
351 317 0.015625 
351 427 0.015625 
352 280 0.015625 
352 291 0.5 
352 376 0.0625 
352 411 0.0625 
353 271 0.0625 
353 307 0.5 
353 293 0.015625 
353 275 0.0625 
353 382 0.015625 
353 401 0.015625 
354 264 0.015625 
354 341 0.0625 
354 314 0.5 
354 304 0.015625 
354 385 0.5 
355 276 0.015625 
355 379 0.5 
355 400 0.0625 
355 435 0.0625 
356 343 0.015625 
356 315 0.015625 
356 278 0.5 
356 379 0.5 
356 390 0.0625 
356 452 0.5 
357 274 0.015625 
357 330 0.0625 
357 392 0.015625 
357 458 0.5 
358 282 0.015625 
358 265 0.015625 
358 289 0.5 
358 333 0.0625 
359 353 0.0625 
360 342 0.0625 
360 410 0.015625 
361 268 0.0625 
361 303 0.0625 
361 405 0.5 
361 453 0.5 
362 322 0.5 
362 320 0.5 
362 300 0.0625 
362 429 0.0625 
362 438 0.015625 
363 309 0.0625 
363 279 0.015625 
363 415 0.0625 
364 343 0.5 
364 278 0.0625 
365 276 0.0625 
366 264 0.015625 
366 341 0.0625 
366 334 0.5 
366 368 0.0625 
366 385 0.015625 
367 267 0.015625 
368 264 0.5 
368 366 0.5 
368 341 0.015625 
369 274 0.015625 
370 338 0.5 
370 290 0.5 
371 298 0.0625 
372 284 0.015625 
372 442 0.5 
373 269 0.015625 
373 283 0.0625 
373 481 0.0625 
374 272 0.5 
374 276 0.5 
375 263 0.0625 
376 280 0.015625 
376 352 0.0625 
376 291 0.5 
377 279 0.5 
377 272 0.0625 
377 288 0.5 
377 419 0.015625 
378 276 0.5 
378 365 0.0625 
379 356 0.015625 
379 343 0.0625 
379 355 0.5 
379 395 0.5 
379 398 0.015625 
379 414 0.5 
380 271 0.5 
380 355 0.5 
380 331 0.015625 
380 307 0.015625 
380 301 0.5 
381 312 0.0625 
381 286 0.0625 
381 337 0.0625 
381 437 0.015625 
382 353 0.0625 
383 348 0.0625 
383 389 0.015625 
383 421 0.0625 
383 423 0.0625 
383 445 0.5 
384 307 0.5 
384 275 0.0625 
385 264 0.0625 
385 341 0.0625 
385 366 0.015625 
385 354 0.0625 
386 317 0.015625 
386 281 0.0625 
386 301 0.0625 
386 396 0.0625 
387 275 0.0625 
387 271 0.5 
387 307 0.015625 
388 373 0.5 
388 269 0.5 
389 383 0.015625 
390 356 0.5 
391 297 0.015625 
392 357 0.5 
392 287 0.015625 
392 426 0.5 
393 286 0.5 
394 295 0.5 
394 300 0.015625 
395 379 0.015625 
395 448 0.015625 
396 317 0.0625 
396 386 0.015625 
396 301 0.0625 
396 449 0.5 
397 327 0.015625 
398 379 0.0625 
399 268 0.0625 
400 355 0.5 
400 435 0.0625 
401 353 0.5 
401 382 0.0625 
401 456 0.0625 
402 308 0.015625 
402 436 0.5 
403 299 0.5 
403 450 0.5 
404 289 0.5 
404 342 0.015625 
405 361 0.0625 
405 453 0.015625 
406 282 0.0625 
406 333 0.5 
406 347 0.0625 
407 288 0.5 
408 331 0.0625 
408 446 0.0625 
409 320 0.015625 
409 340 0.0625 
410 342 0.0625 
410 360 0.5 
411 352 0.0625 
411 356 0.0625 
411 390 0.5 
411 376 0.0625 
411 280 0.5 
412 347 0.5 
412 282 0.0625 
413 295 0.5 
413 300 0.5 
413 305 0.015625 
414 379 0.015625 
414 294 0.0625 
414 448 0.015625 
415 363 0.5 
416 292 0.5 
417 287 0.0625 
418 338 0.015625 
419 377 0.5 
420 282 0.015625 
420 308 0.0625 
421 383 0.015625 
421 320 0.015625 
421 340 0.015625 
422 305 0.0625 
422 413 0.5 
422 300 0.5 
422 429 0.0625 
422 479 0.015625 
423 383 0.0625 
423 389 0.5 
424 268 0.015625 
425 302 0.015625 
425 339 0.015625 
426 392 0.0625 
427 351 0.5 
428 330 0.5 
429 422 0.0625 
429 305 0.5 
429 300 0.015625 
429 362 0.015625 
430 272 0.015625 
431 288 0.015625 
432 348 0.015625 
433 326 0.0625 
433 314 0.5 
433 341 0.5 
433 264 0.015625 
433 451 0.5 
434 318 0.5 
434 405 0.5 
434 361 0.0625 
434 319 0.5 
434 440 0.5 
435 355 0.015625 
435 400 0.0625 
436 402 0.0625 
436 287 0.015625 
436 457 0.0625 
437 337 0.0625 
437 381 0.015625 
438 362 0.5 
438 321 0.015625 
438 266 0.015625 
439 272 0.5 
439 415 0.015625 
439 363 0.0625 
440 434 0.0625 
441 291 0.0625 
441 280 0.015625 
441 450 0.0625 
442 372 0.015625 
443 324 0.0625 
443 329 0.5 
444 298 0.5 
444 371 0.015625 
445 383 0.0625 
445 389 0.0625 
445 423 0.015625 
446 331 0.015625 
446 408 0.0625 
447 323 0.0625 
448 414 0.0625 
448 395 0.015625 
449 317 0.5 
449 281 0.015625 
449 396 0.0625 
450 279 0.0625 
450 441 0.015625 
450 291 0.0625 
450 403 0.015625 
451 366 0.0625 
451 264 0.0625 
451 433 0.0625 
451 354 0.5 
451 304 0.0625 
452 356 0.0625 
453 361 0.0625 
453 405 0.0625 
454 329 0.015625 
454 324 0.0625 
454 346 0.0625 
454 443 0.0625 
455 331 0.5 
455 408 0.015625 
456 353 0.0625 
456 401 0.015625 
456 382 0.5 
457 436 0.0625 
458 357 0.0625 
459 266 0.015625 
459 306 0.5 
460 308 0.0625 
461 414 0.0625 
461 342 0.5 
461 78 0.0625 
461 278 0.0625 
461 42 0.5 
461 462 0.015625 
462 461 0.0625 
462 463 0.015625 
463 462 0.0625 
464 13 0.015625 
464 43 0.5 
464 210 0.0625 
464 163 0.015625 
464 376 0.5 
464 465 0.5 
464 473 0.0625 
464 474 0.015625 
465 464 0.015625 
465 466 0.015625 
465 471 0.0625 
465 475 0.015625 
465 478 0.0625 
466 464 0.5 
466 465 0.5 
466 467 0.5 
466 476 0.015625 
467 466 0.0625 
467 468 0.0625 
467 470 0.0625 
467 472 0.015625 
468 467 0.0625 
469 465 0.5 
469 464 0.015625 
469 466 0.0625 
469 475 0.5 
470 467 0.5 
471 465 0.015625 
472 467 0.5 
472 469 0.0625 
473 464 0.5 
473 466 0.5 
474 464 0.0625 
474 473 0.5 
475 465 0.5 
475 469 0.5 
475 477 0.0625 
475 478 0.0625 
476 466 0.5 
477 475 0.5 
478 475 0.5 
478 465 0.0625 
479 0 0.0625 
479 45 0.5 
479 370 0.0625 
479 422 0.015625 
479 161 0.015625 
479 480 0.5 
480 479 0.015625 
481 251 0.015625 
481 373 0.5 
481 347 0.015625 
481 27 0.0625 
481 190 0.015625 
481 482 0.0625 
481 484 0.0625 
481 485 0.0625 
482 481 0.0625 
482 483 0.015625 
482 489 0.015625 
483 482 0.015625 
483 490 0.015625 
484 481 0.0625 
484 486 0.0625 
484 487 0.015625 
484 488 0.015625 
484 492 0.015625 
485 481 0.015625 
485 491 0.5 
486 484 0.015625 
487 484 0.5 
487 488 0.0625 
488 484 0.5 
488 487 0.015625 
488 486 0.015625 
489 483 0.5 
489 482 0.5 
490 483 0.5 
491 485 0.0625 
491 486 0.015625 
492 484 0.5 
492 433 0.015625 
492 21 0.0625 
492 70 0.0625 
492 264 0.0625 
492 493 0.0625 
492 496 0.015625 
492 497 0.5 
493 492 0.0625 
493 494 0.015625 
494 493 0.5 
494 498 0.0625 
495 494 0.5 
496 492 0.5 
496 497 0.015625 
496 499 0.5 
497 492 0.015625 
497 496 0.015625 
498 494 0.5 
499 496 0.5 
