500
0 1 0.8943968615804218 
1 0 0.48050506620700817 
1 3 0.1794199316086752 
1 12 0.028849324233368168 
2 1 0.018599640818883656 
2 0 0.42253581347172764 
2 4 0.05369508185853877 
2 5 0.16910734106904002 
3 1 0.9138244524530355 
4 2 0.26011152949244065 
4 5 0.8691271430402984 
5 4 0.32042101841816606 
5 2 0.22923399762227814 
5 6 0.26666279301215545 
6 5 0.6039815538622724 
6 7 0.24057835539705008 
6 8 0.31940778284703475 
6 10 0.8306235136029059 
7 6 0.20590453691765243 
7 9 0.5897000819861499 
8 6 0.46587365848095064 
9 7 0.3639216046300635 
10 6 0.5438816703676965 
10 11 0.6082844381681741 
11 10 0.2297632101340824 
12 1 0.33314308977168183 
12 3 0.97222182160875 
12 13 0.7758399415355012 
12 20 0.4163537194963012 
12 27 0.8480429227391788 
13 12 0.8403603461311434 
13 14 0.0015963506502317815 
13 59 0.9807068196886458 
13 64 0.8380432144331028 
13 87 0.41821524195263937 
13 178 0.7522238220162105 
13 218 0.9509430931851334 
14 13 0.958325529710786 
14 15 0.700638645340118 
14 17 0.2591581249046151 
14 18 0.10720470148967487 
14 24 0.3204638454096732 
14 88 0.8664639102963578 
14 200 0.011200455520041785 
15 14 0.6085143336304705 
15 16 0.6546768374796436 
15 19 0.7443207963017381 
15 26 0.5764715659898675 
15 31 0.26868633377344375 
15 56 0.27140033372631023 
15 95 0.7294777979874066 
16 15 0.5083805605905213 
16 21 0.9632939169590724 
16 31 0.4995227413289637 
16 47 0.6376723484876047 
16 56 0.28197441318036043 
17 14 0.23751597581719675 
17 24 0.10753695150858211 
17 44 0.7660995421523111 
17 88 0.9360971035408537 
17 200 0.0739676935716177 
18 14 0.10761091867465489 
18 17 0.9538377609688026 
18 23 0.8309820199752782 
18 117 0.08676471613498249 
19 15 0.795433727635742 
19 42 0.11247041932648238 
19 132 0.5633067693043939 
19 137 0.44489932050256165 
20 12 0.7503870499911429 
20 36 0.8756181076468462 
20 66 0.09127184547159295 
20 162 0.6966683194103118 
20 164 0.6985535002291786 
20 179 0.8061871432659464 
20 183 0.7877480727116295 
20 186 0.3985199849677675 
21 16 0.3670620459808941 
21 22 0.2554022887060008 
21 34 0.08829149095630706 
21 96 0.49660477001609793 
21 163 0.06129621527965623 
22 21 0.7755396355201857 
22 81 0.2409236826535801 
22 94 0.7204489810173744 
22 118 0.552564803406725 
22 163 0.7204687765483586 
23 18 0.7735382593514472 
23 21 0.6176231579928586 
23 28 0.42193140497128667 
23 35 0.5038499166813949 
23 37 0.8449740764146443 
23 40 0.9289590637862808 
23 52 0.3182279604764807 
23 60 0.05628428994733459 
23 67 0.9537161316570545 
23 72 0.9406166195450676 
23 105 0.8646360849458502 
23 133 0.13654680287280307 
23 147 0.35024822635871566 
23 167 0.6487790778142318 
24 17 0.23374574051643893 
24 14 0.22038785729748323 
24 25 0.3423610793922165 
24 32 0.8829264960526804 
24 39 0.6850178512833279 
24 74 0.4845647420320903 
24 86 0.46200968271397325 
24 177 0.0800460408111271 
25 24 0.9214107680890062 
25 65 0.6194663400379848 
25 119 0.28533475893717886 
26 15 0.6143340940246184 
26 23 0.9207159271860007 
26 29 0.8306375591339681 
26 33 0.6430998786770726 
26 43 0.4940711678350912 
26 44 0.15924146086041413 
26 45 0.6327967399744344 
26 50 0.2515029812054562 
26 109 0.4193933724633443 
26 148 0.7334970451629692 
26 154 0.7770495425677963 
26 222 0.6837240818056999 
26 223 0.9081125432927287 
27 12 0.5857835084106907 
27 30 0.2770666784504566 
27 85 0.8333512009060644 
28 23 0.8740161695490577 
28 156 0.7165624990540073 
29 26 0.7412948420781588 
29 33 0.3200699335607232 
29 45 0.3534145668633085 
29 50 0.8255785985195171 
29 117 0.9966683836755975 
29 148 0.08153311947329622 
30 27 0.057961981366535964 
30 85 0.19942445993931257 
30 172 0.673073822106619 
31 16 0.3593337322967731 
31 15 0.8295343794455716 
31 18 0.3653337522612793 
31 97 0.7976951915854665 
31 144 0.3076520473445348 
32 24 0.10413995700794798 
32 74 0.47856521536467356 
32 143 0.6270384448693359 
33 26 0.751046142281345 
33 29 0.5279003012747623 
33 109 0.2871865013470234 
34 21 0.7304923367764162 
34 38 0.8381836784724533 
34 57 0.6479008032175969 
34 182 0.7475755969790387 
35 23 0.7807474214823122 
35 40 0.9911412840762449 
35 60 0.30789463168733355 
35 67 0.6596657959624218 
35 114 0.03329478214112247 
36 20 0.11192925488466188 
36 41 0.11075979714989026 
36 114 0.769777306815254 
36 221 0.03176838572959895 
37 23 0.14527553033223428 
37 46 0.02830959641024544 
37 48 0.7345426647364082 
37 52 0.6714506664896722 
37 57 0.4721408877062804 
37 68 0.36582486476132403 
37 214 0.7539755112530262 
38 34 0.03908801412903862 
38 76 0.8000543208817007 
38 122 0.10421048621763351 
38 157 0.5661491771604439 
38 220 0.4296494895304205 
39 32 0.9734664313424736 
39 24 0.8785428246146862 
39 74 0.005033741401968439 
40 35 0.17923720001434562 
40 23 0.04478065332475334 
40 52 0.27588411057335704 
40 133 0.45540333625755325 
41 36 0.2898359108993308 
41 20 0.03736330327989368 
41 77 0.3169995106448361 
41 92 0.2763991959213332 
41 131 0.00996819393433368 
41 139 0.45811293204068815 
41 165 0.6109947478638621 
41 191 0.9922274668555224 
41 492 0.403698754788112 
42 19 0.4004467722039181 
42 144 0.27177940127027866 
42 161 0.3062840304910338 
43 33 0.5129670005980632 
43 26 0.7480691599762005 
43 46 0.7091620881285159 
43 47 0.277035690741987 
43 62 0.4352264882505785 
43 70 0.9571038995296661 
43 99 0.2657244918209195 
43 102 0.6863046460252687 
43 103 0.9828778418713825 
43 116 0.5770661848300661 
43 135 0.05677127488123601 
43 158 0.8918717232039636 
44 17 0.8156840836702671 
44 29 0.6168279391836583 
44 26 0.908319266176619 
44 33 0.700571082203931 
44 108 0.5748005417609422 
44 193 0.3627846071387095 
44 206 0.16466177354395695 
45 26 0.5161093251009553 
45 28 0.6956380637361793 
45 29 0.6206601132629792 
45 33 0.3906924144097119 
45 63 0.9248427555010006 
45 89 0.21414429122512757 
45 110 0.8144371371946556 
45 205 0.8292792754980711 
46 37 0.4937676265023375 
46 18 0.9755702546631267 
46 43 0.5059740214188648 
46 47 0.40964211521546645 
46 53 0.7082659186876378 
46 84 0.7015986533181507 
46 129 0.7146980512745504 
46 216 0.9369789906579216 
47 16 0.2510400263509007 
47 43 0.14946699513809047 
47 46 0.391412870679654 
47 49 0.9244439751483342 
47 51 0.7616702041089983 
47 91 0.8666571030193878 
47 142 0.2172545306951431 
47 175 0.5690985940621925 
48 37 0.2583441840598725 
48 68 0.2807424939146115 
48 71 0.4083230218468289 
48 214 0.0025941734563028618 
49 47 0.07716561279883993 
49 54 0.6583216304089055 
49 79 0.8160285696271768 
49 146 0.642428950406853 
49 150 0.7697805118174305 
49 198 0.9753879426937127 
49 256 0.522236189248756 
50 33 0.7961059987815418 
50 26 0.509861273245748 
50 29 0.5880263225528111 
51 47 0.15399369526965478 
51 16 0.76842110682992 
51 82 0.5494787931669378 
51 150 0.7488259053303399 
52 40 0.976807583916041 
52 37 0.061369806116860603 
52 23 0.22378257576267935 
52 48 0.7783704601952638 
52 170 0.12095845640715763 
53 46 0.15926583332622923 
54 49 0.4605000233682657 
55 49 0.28050220385223545 
55 54 0.0727498732877706 
55 58 0.6406865417869417 
55 79 0.988388125722974 
55 91 0.8477398621628794 
55 98 0.6735821622795096 
55 207 0.6144582459196886 
56 15 0.775701948602656 
56 16 0.16254567690059707 
56 83 0.5314846985898778 
56 197 0.3218086069631425 
57 38 0.6443652008828618 
57 34 0.8938379086543712 
57 37 0.6191465173140436 
57 69 0.5918428256066114 
57 85 0.4974345848698837 
57 124 0.6837139820977236 
58 55 0.1708036936560482 
58 79 0.013238957863627387 
58 96 0.44844598516946477 
58 98 0.6882826915185997 
58 207 0.42485761927624843 
59 13 0.7271482504345046 
59 14 0.3293019240931552 
59 112 0.055636614918389005 
59 195 0.7698017445741341 
59 201 0.37484895530670537 
59 217 0.6021642269929282 
60 23 0.7901663126372306 
60 35 0.5573571343732726 
61 43 0.6883419033200576 
61 125 0.13933561611819134 
61 135 0.6462157657692202 
61 158 0.5239684579929915 
62 43 0.12239556571374055 
62 116 0.24489463997162186 
63 45 0.9531418447423718 
63 89 0.09012538062828357 
63 170 0.9361754434455567 
64 58 0.20064533575293675 
64 13 0.5699856469886503 
64 47 0.7899696115486203 
64 79 0.6011553809263287 
64 91 0.694926175617441 
64 169 0.8583991758681616 
64 178 0.0936705864558468 
65 13 0.9650134175376035 
65 25 0.5702200565156585 
65 75 0.858918541394636 
65 93 0.1683168859403309 
66 12 0.41699590049771107 
66 22 0.9540216396056636 
66 20 0.43193943691722836 
66 80 0.3017845761744663 
66 81 0.576215872543601 
66 90 0.20151516066925534 
66 163 0.11630280911540025 
66 168 0.5501519101520375 
66 176 0.10392284988317546 
67 35 0.8802873199014298 
67 23 0.9173188740255835 
67 40 0.48170985787935827 
67 114 0.6458806422928939 
68 37 0.9679218278648672 
68 48 0.35818318715438435 
68 71 0.8821778996141753 
69 57 0.19802407299117597 
70 43 0.030549488508879064 
70 37 0.7177802325321387 
70 107 0.7930271785507943 
70 156 0.29116663070659776 
71 68 0.39786079040078326 
71 37 0.4973359496639743 
71 48 0.05341522523708453 
71 73 0.4878407682330158 
71 78 0.4301950710326089 
71 189 0.3312637916863136 
71 196 0.12819306313736445 
71 209 0.011438189850698999 
71 461 0.6385136208119548 
72 23 0.15349006164108658 
72 35 0.9375218149087308 
72 113 0.8335488789260544 
73 18 0.3824365297284532 
73 71 0.4941014933542077 
73 25 0.25523749794715556 
73 100 0.3369288865144291 
73 138 0.11801403788608267 
73 151 0.38828537565942745 
74 24 0.19961952333331523 
74 39 0.4430906022835668 
74 32 0.11585313363284577 
74 106 0.04932146073529864 
74 121 0.5731988115269635 
74 143 0.11116017585346594 
74 177 0.23321210437319906 
75 65 0.5001210378679827 
76 38 0.8049563800093562 
76 34 0.0018644613617422312 
76 94 0.2740727394068302 
76 96 0.2811571985194219 
76 104 0.4996474735011668 
76 115 0.19182294342103912 
76 145 0.881773704297615 
76 155 0.6222629247586802 
76 202 0.3408194101969557 
76 220 0.034559706339127305 
76 492 0.8806486861406619 
77 41 0.8095344888264406 
78 71 0.24842740630584892 
78 141 0.2613043664004683 
78 189 0.9045709834719623 
78 196 0.02642041541659168 
78 209 0.5610428378558217 
79 64 0.605842043073284 
79 49 0.19332574569797 
79 58 0.3534383884899456 
79 55 0.5416475583111331 
79 87 0.35558691915650875 
79 144 0.33402484366225016 
80 20 0.5963081621063607 
80 36 0.7689811024921207 
80 66 0.21566574730221788 
80 90 0.6448573249536912 
81 22 0.40791415158805333 
81 66 0.2698159401872816 
81 123 0.6291966961973031 
81 215 0.04067759758523759 
82 51 0.5523282998589298 
82 21 0.12567115472236956 
82 94 0.8314190425866592 
82 156 0.6413638997576427 
83 56 0.2785589816253782 
84 46 0.03665869767553709 
84 53 0.24016091505789383 
84 129 0.2301409079144432 
84 216 0.20100942792848575 
85 30 0.9058262046202921 
85 57 0.19929044006609853 
85 27 0.8966613744116526 
85 90 0.7747325268181396 
86 24 0.06230507398345231 
86 39 0.11459671355501144 
86 32 0.011857633033931725 
86 93 0.7408497578723116 
86 127 0.47843261376926993 
86 149 0.4554789403334727 
86 153 0.8468707158238487 
86 159 0.4200326488074245 
86 212 0.7136763098097131 
87 55 0.8838395194476224 
87 13 0.18932583468662167 
87 79 0.03419289199214748 
87 59 0.8489985070547433 
87 169 0.8339016111109888 
87 204 0.09427509986556548 
88 17 0.46618481718040394 
88 59 0.4299440274770351 
88 14 0.8912408440828175 
88 152 0.28760668800624045 
88 188 0.8023393577888258 
89 45 0.03390229666748479 
89 63 0.384515727318942 
90 80 0.4888445281047229 
90 66 0.5578559713930161 
90 85 0.28415136410165076 
91 47 0.5848702249781826 
91 55 0.05997877400309404 
91 64 0.8944034342888286 
92 41 0.2926331950009139 
92 165 0.869952322682846 
93 65 0.2899340790431396 
93 86 0.32815563621959865 
93 42 0.007465202657776726 
93 88 0.7055725516581639 
93 127 0.830496832824741 
93 134 0.36976648833162384 
93 160 0.28767482015692436 
93 184 0.9251787613266002 
93 223 0.7272824405505279 
94 22 0.07141568873851645 
94 82 0.5953645860924731 
94 76 0.21013039400026468 
94 111 0.6850804216210973 
94 163 0.28210210675921765 
95 15 0.4389707244004539 
95 97 0.10788090738385492 
95 197 0.46792941956779366 
95 204 0.9086644140422404 
96 58 0.1051678450891732 
96 21 0.4131899255937742 
96 76 0.6146429072216517 
96 136 0.5063288150936331 
96 181 0.08713914863558536 
96 210 0.5519396581367654 
96 464 0.48549531691605186 
97 95 0.5174179056165712 
97 31 0.5817798041684487 
97 65 0.32966351392405546 
98 55 0.8803851040916552 
98 58 0.6806367715175714 
99 43 0.5051510232983633 
99 62 0.3909470372110496 
99 61 0.7284267763962632 
99 102 0.8123099286207014 
99 103 0.8844860731193155 
99 158 0.8906114306109559 
100 73 0.8720963905687609 
100 256 0.777333916316523 
101 47 0.7067153793630796 
102 43 0.9710487315262374 
102 99 0.1522813923148414 
102 125 0.10853370814533858 
103 43 0.1551378226149398 
103 99 0.4283881053763935 
103 61 0.8177407305828978 
104 76 0.023877236596233753 
105 23 0.902418395150277 
105 60 0.0884973895454515 
106 24 0.028964112214683757 
106 74 0.6576781353667867 
106 32 0.21811937223128475 
106 121 0.8380154148687882 
106 143 0.536584165163889 
107 70 0.08996140058690083 
108 44 0.6148114126280482 
108 206 0.1652965261858491 
109 33 0.5786821118140665 
109 26 0.9258224658302333 
109 222 0.9642819441023622 
110 45 0.7330517491697726 
110 63 0.9619245273243842 
111 94 0.046712766712189824 
112 59 0.155954224735797 
112 166 0.014993614300923941 
112 195 0.27981552759975126 
112 201 0.7499931265961024 
112 217 0.25789852096571375 
113 72 0.46477208914286783 
113 120 0.1895578537428969 
113 124 0.28852918761593604 
113 174 0.829334532117725 
114 36 0.38450736175723843 
114 23 0.15654446014116963 
114 35 0.8500062493968826 
114 67 0.338110983497391 
114 126 0.22549273392775582 
114 128 0.6198328416943649 
114 191 0.49043037057406125 
115 76 0.31717350770022534 
116 43 0.752568408045813 
116 99 0.16496492564828147 
116 62 0.4042192661738758 
116 103 0.5251980103107888 
117 18 0.6561152478349822 
117 29 0.9911294328373258 
117 26 0.5734294740266096 
117 33 0.5167249398341829 
117 130 0.9256948001236579 
117 256 0.8510041590431501 
118 22 0.9560954409687246 
119 25 0.06302020908165074 
120 113 0.20729465112177303 
120 174 0.5594211832335416 
121 74 0.6382775459480863 
121 106 0.27303666148054695 
121 13 0.16600870237956433 
122 34 0.005880167566406191 
122 38 0.30028420286175417 
123 81 0.9480689922972853 
123 66 0.5806985686786772 
124 113 0.3139054969991716 
124 120 0.10682343394794025 
124 57 0.12842370176170181 
124 140 0.08475007454862815 
125 61 0.1070798389107872 
125 99 0.45008857658113666 
125 116 0.06987060549896074 
125 102 0.22959528017212194 
126 114 0.6615856828997253 
126 128 0.97827494601339 
126 191 0.18385548438525512 
127 93 0.9706075544089386 
127 86 0.6815434459666972 
128 114 0.6244032734434256 
128 126 0.14832551968120367 
129 46 0.6977992553001244 
129 84 0.12955108017362904 
129 216 0.3061315659730297 
130 117 0.9819855781749235 
131 20 0.4358312096806639 
131 41 0.707308654606518 
131 123 0.337333069734401 
131 171 0.08793741561891621 
132 19 0.7312122971886507 
132 137 0.901463448653709 
133 60 0.893839372675555 
133 23 0.21562937731788834 
133 35 0.39880815465429986 
133 67 0.7370612109570226 
133 40 0.5853132536751425 
134 93 0.19500195954603838 
135 103 0.7440887817384115 
135 99 0.9820295275523768 
135 61 0.29095383156068955 
135 43 0.3189216492477821 
135 149 0.781046410505369 
135 185 0.4998684483972976 
135 194 0.7997636879810553 
135 219 0.4749906575653906 
136 96 0.03182571967926129 
136 181 0.9508550503335056 
137 19 0.28349309969656766 
137 132 0.6478086608033818 
138 73 0.2557279206317872 
138 100 0.6792427632674869 
139 41 0.23991201711581178 
140 124 0.6483613202476174 
141 71 0.00768969773611794 
141 78 0.38522675056878364 
141 77 0.8884477240707566 
141 113 0.5704679770140789 
142 47 0.9635701245368115 
143 24 0.9419945997921304 
143 106 0.7632505347183104 
143 32 0.797380566525273 
143 74 0.7556101043394625 
144 31 0.9329716678235824 
144 79 0.04606504757562435 
144 42 0.012187090479530371 
145 76 0.15407085535242515 
145 115 0.360068892889447 
145 104 0.6366688190682908 
146 49 0.0012694198561827852 
146 54 0.13553964960057951 
147 133 0.8836012736311346 
147 23 0.8931738363646743 
147 40 0.8299788224099354 
147 263 0.8824021836719925 
148 26 0.2324589674460863 
148 33 0.4327243293709938 
148 29 0.6159285617087643 
149 135 0.5677619227384306 
149 25 0.0550531849882373 
149 86 0.1755232896742701 
149 46 0.7625803620776733 
150 51 0.9490941306154675 
150 146 0.4596643988910899 
150 54 0.7124785442125037 
150 96 0.6380924882670446 
150 49 0.8742048009886269 
150 192 0.03261702052841886 
151 138 0.4125443011378527 
151 73 0.8435462915008415 
151 100 0.7969711069427046 
152 88 0.22715076793063527 
153 86 0.24723585076131316 
154 26 0.306007120987012 
154 135 0.5303434452681682 
155 76 0.7492054937702692 
155 115 0.3931227334179772 
155 202 0.019515433933756987 
156 82 0.6540215427606689 
156 51 0.6509240855735103 
156 28 0.7023103626917231 
156 70 0.4353639455557281 
157 34 0.8987816066443416 
157 122 0.6695742719466553 
157 38 0.937915367982097 
157 180 0.38963175915749537 
157 203 0.20041165916708048 
157 213 0.24232353699537956 
157 256 0.8100530612293709 
158 43 0.22449295534563674 
158 61 0.8531235721085575 
158 99 0.6908579807406476 
158 62 0.7426127020915605 
159 86 0.5636357203624388 
160 93 0.33295119531092743 
160 88 0.8297756560111677 
160 24 0.9113937592952085 
160 173 0.06033195715340045 
161 42 0.5071393586289129 
161 190 0.046619530404727105 
162 20 0.21547574439579442 
163 21 0.5135264482745786 
163 22 0.6965346263891575 
163 94 0.2770430298092611 
163 66 0.9240291539159576 
164 20 0.028214480041454548 
165 41 0.6341253636783094 
165 92 0.7766278609619037 
166 112 0.8298133239639499 
166 59 0.3015954899796577 
167 23 0.9611429469495666 
167 133 0.37481598431329655 
167 464 0.12931399636684104 
168 66 0.6139325882332987 
169 13 0.026834554602108485 
169 64 0.987944491598007 
169 87 0.04371511711176679 
170 150 0.7729655047756221 
170 63 0.5499510912201327 
170 52 0.07156593537333611 
170 40 0.26744082486340004 
171 131 0.2962192687649875 
172 27 0.9792534782512237 
172 30 0.8269395863672192 
173 160 0.1651055842543685 
174 113 0.9163373098036194 
174 124 0.12032012720040552 
174 120 0.2034850238913548 
175 47 0.2400387264406918 
176 66 0.6636309514774125 
176 168 0.05782092088044888 
177 74 0.6335700601437206 
177 24 0.4428614049322809 
177 106 0.591907562378651 
178 13 0.8573087893625307 
178 64 0.799813687977474 
178 199 0.32017688228946894 
179 20 0.6856048236706598 
179 162 0.10797409357402787 
179 183 0.10095950285165611 
180 157 0.8061153079349794 
181 96 0.7937679389144897 
181 136 0.8320368059403033 
182 34 0.9745763089088183 
182 122 0.7345532116842663 
182 38 0.9479531148712259 
182 94 0.9218247554732492 
182 203 0.8842117929506093 
182 492 0.41789084011820377 
183 179 0.9450133110475433 
183 20 0.8016378049855111 
183 162 0.390115973231971 
183 186 0.26571462122573286 
184 93 0.3802493974366373 
185 135 0.522746607621246 
186 20 0.07056445292495639 
186 183 0.2781045072684982 
186 162 0.6466966933411088 
187 81 0.8515914322115171 
188 88 0.2823167919213473 
189 71 0.9826453422561402 
189 78 0.1860370412614174 
189 196 0.8539799837600668 
190 161 0.5253065057623899 
190 137 0.042020240597974046 
190 93 0.06240711332423454 
190 65 0.6975318188835588 
190 75 0.4818072777111426 
191 41 0.2170774000389839 
191 126 0.6617381931385925 
191 68 0.7681101711386735 
191 114 0.09260175899709688 
191 211 0.04821250500947627 
192 150 0.6025091518032802 
193 44 0.7106107105721405 
194 185 0.5417331325099463 
194 135 0.7066808510113711 
195 59 0.23720187848899854 
195 178 0.15035707642855367 
195 79 0.4397952189459631 
195 112 0.2868699802735216 
196 78 0.08015921072627752 
196 189 0.09373900451609718 
196 71 0.41315930208477925 
197 95 0.7763519430260655 
197 56 0.9212892069781028 
198 49 0.22482952527382916 
198 54 0.7745413779729479 
199 178 0.763300610114699 
200 14 0.8301642312144577 
200 17 0.8441818707099229 
201 59 0.3791753371649993 
201 112 0.10922732254003376 
201 217 0.3521991398162977 
202 76 0.09593821532962898 
202 155 0.526514575911132 
203 157 0.6386132928728171 
203 21 0.06405647901354394 
203 182 0.029153464251921557 
204 95 0.40858922359383876 
204 87 0.4191226178948101 
205 45 0.1560322994413671 
205 63 0.2778968474464939 
206 44 0.09180781409853689 
206 108 0.11961197643487664 
207 58 0.15017312540878724 
207 55 0.8831185309920766 
208 131 0.5148960817511579 
209 71 0.4328947224486035 
209 78 0.9454098599205212 
210 96 0.5733514027209478 
211 191 0.7009419850244999 
212 86 0.8087947188591494 
212 159 0.33744296271641816 
212 481 0.021992636932976484 
213 157 0.3348575614829241 
213 180 0.882977701049882 
214 48 0.08488285550179153 
214 37 0.9641703809241886 
215 81 0.6851315811732015 
216 129 0.9586021617417653 
216 46 0.8890153458955908 
216 84 0.7876535514511467 
217 59 0.7236759320373835 
217 112 0.19975756869018968 
217 201 0.07828971618901837 
218 13 0.8125568591843482 
219 135 0.9162487898935322 
220 122 0.051005689902620666 
220 38 0.9046711475623622 
220 34 0.31533999579944405 
220 76 0.7410521483309777 
221 36 0.8419827119311899 
222 109 0.4110929462837739 
222 29 0.7977761123481761 
222 26 0.9017265066646416 
223 26 0.7443956040709256 
223 47 0.2808451179148501 
223 58 0.5045672821304296 
223 93 0.8842252783710332 
223 146 0.5579216761475889 
223 224 0.7242616940971441 
223 225 0.3914722973327177 
224 223 0.760258122194388 
224 231 0.4292714041134005 
224 233 0.5461532239053748 
224 237 0.3547299869902121 
225 223 0.8293456112047063 
225 227 0.46502718739372895 
225 228 0.820310050532064 
225 230 0.4503651965957304 
225 232 0.4514931376699083 
226 225 0.5771462653297609 
226 232 0.5020883326608674 
226 236 0.06510852867740902 
227 225 0.0038734142131917615 
227 229 0.3879472718587128 
228 225 0.07643425344764343 
229 227 0.6635493422349614 
229 235 0.44768843015390736 
230 225 0.1188054109259239 
230 228 0.8182545901394072 
231 224 0.09868103469710954 
231 234 0.7162639507364789 
232 225 0.7301539816570515 
232 226 0.9993418679362903 
233 224 0.20532248756024385 
234 231 0.9641737223448745 
235 229 0.2933445981576249 
236 226 0.6909895999468693 
237 224 0.3016342362278335 
238 29 0.524248478817854 
238 194 0.4009391791108685 
238 70 0.09667638523325506 
238 103 0.6060473071150102 
238 33 5.435521400265486e-05 
238 239 0.08128078286775708 
238 240 0.7783034155920532 
238 242 0.36030060806926134 
238 247 0.6568255103487483 
238 254 0.2576060966392214 
238 261 0.7631900503281549 
239 238 0.23087849717483566 
239 241 0.1666282876146875 
239 244 0.5405455647820333 
239 246 0.6111334105475368 
239 251 0.7055088640458249 
240 238 0.45305405513057895 
240 247 0.013149592569163038 
240 248 0.4216984992217062 
240 255 0.45762976641948194 
241 239 0.2901159827583899 
241 245 0.389561479730832 
242 238 0.5249929977858234 
242 243 0.08816546251623991 
242 250 0.7871617955151571 
243 242 0.23100090238650595 
244 239 0.9476915264845525 
244 249 0.1446679876532453 
245 241 0.4158210499238383 
246 239 0.10871296825399146 
247 240 0.8492127237748271 
247 238 0.8882846803320482 
248 240 0.9907639673092836 
248 238 0.298189477621025 
249 244 0.11686598788589875 
249 252 0.6731217975708291 
250 242 0.2063515400232696 
251 239 0.3328495381350747 
251 243 0.1096940327362107 
252 249 0.9815001947848973 
252 253 0.3610121540324899 
253 252 0.9444725152021819 
254 238 0.8980644096417162 
255 240 0.1759383652145713 
256 49 0.7579083396880534 
256 5 0.24221309063626106 
256 157 0.4801544868903157 
256 100 0.25332102978312643 
256 117 0.43943859857070555 
256 257 0.37397815955709046 
256 258 0.4668634142557653 
257 256 0.44006026438533064 
257 260 0.49387345023032947 
258 256 0.8896908117008245 
258 259 0.843536721100867 
258 260 0.9815390575735988 
259 258 0.4764308118753058 
260 258 0.19261265817582984 
260 257 0.7157936760015776 
261 109 0.8336076105994766 
261 37 0.05561941970329576 
261 231 0.7918312861757986 
261 238 0.126881035506603 
261 46 0.0235537565525219 
261 262 0.24649553865749219 
262 261 0.03393730306019793 
263 46 0.9977918332415787 
263 40 0.9377916048957419 
263 48 0.12723180329860173 
263 225 0.3023014543403816 
263 147 0.89375486216443 
263 266 0.4866232739408646 
263 267 0.805553677790238 
263 268 0.7029288997634845 
263 275 0.869729400386564 
263 276 0.27909378675732266 
263 281 0.8090750167297961 
263 287 0.3194323178754085 
263 289 0.6125531251457957 
263 294 0.560364025628799 
263 307 0.434023703579416 
263 350 0.5525439746251054 
263 372 0.10895951616539168 
264 263 0.6504632920693041 
264 265 0.7956424571097406 
264 280 0.967438046075779 
264 290 0.3012955493831463 
264 291 0.6279392702240391 
264 304 0.9153309149153032 
264 306 0.3672279778540857 
264 315 0.8377881088217928 
264 316 0.27533243688109743 
264 321 0.19268914241101887 
264 410 0.012051746019140275 
265 264 0.8387694746512973 
265 290 0.2614005240159466 
265 344 0.2908042684728649 
265 388 0.2724869281306683 
266 263 0.703010888035792 
266 271 0.9170166431150824 
266 285 0.7627747892910742 
266 286 0.7778660043240986 
266 332 0.7179592335246223 
266 342 0.36405706123151416 
266 367 0.6902283410441992 
266 423 0.9053343957550213 
266 425 0.6367070541276666 
267 263 0.19637898870646475 
267 270 0.8413582530859667 
267 272 0.7926470620582007 
267 443 0.25864551677987446 
268 265 0.7720108651977378 
268 263 0.6089505739384223 
268 269 0.8335888335436514 
268 272 0.07031802780625318 
268 274 0.21426557714124406 
268 288 0.27190037370907727 
268 334 0.714432494816544 
268 365 0.9593996139963665 
268 428 0.3213497144111742 
269 268 0.12861925427999277 
269 270 0.1432427311907406 
269 286 0.2723452435952818 
269 379 0.2365527141925956 
269 448 0.5736659777305279 
269 460 0.01885594713959049 
270 269 0.28308541814821186 
270 267 0.09698159722519006 
270 295 0.9218946778827214 
271 266 0.9718258862898599 
271 278 0.6782849188195763 
271 286 0.9945814096059996 
271 326 0.4773837474594901 
271 332 0.2063079327853291 
271 367 0.3400260120948574 
271 423 0.010038884643805979 
271 425 0.7683903701769337 
272 267 0.7489433396378853 
272 268 0.5972902391952104 
272 273 0.127033443601694 
272 297 0.8887107575694092 
272 340 0.2958849014096486 
272 353 0.40965474057748585 
272 464 0.24075312406220295 
273 272 0.2902966190310111 
273 274 0.7108899246695056 
273 297 0.3184515828037042 
273 309 0.7830542101787039 
273 335 0.11829892829291866 
273 433 0.01665826333649878 
274 273 0.0353224656192187 
274 268 0.1526118864948912 
274 284 0.37709532165219073 
274 334 0.9916595739676864 
274 403 0.26855467634520525 
275 263 0.7725971265753089 
275 265 0.2328643588252407 
275 277 0.8493965916758246 
275 299 0.10260655928950457 
275 356 0.1891611731550481 
275 380 0.5427682799408264 
275 406 0.6404578067970815 
276 263 0.05911322284595688 
276 285 0.6091849868727588 
276 294 0.6580757556987581 
276 347 0.6184775571527895 
276 387 0.2421124205491213 
277 275 0.16230320316580216 
277 270 0.6125184211928723 
277 301 0.22914524898204958 
277 313 0.01490963262255851 
277 358 0.7854384850604772 
277 395 0.5566010534823256 
278 271 0.5246833787250277 
278 266 0.09594393002678148 
278 286 0.8433356576103932 
278 289 0.8765308011018249 
278 332 0.836569378385652 
278 461 0.4785381851813635 
279 273 0.909602726804351 
279 272 0.023977082711358566 
279 282 0.4861330523340598 
279 283 0.7952841132180845 
279 361 0.6239035689085733 
279 362 0.34320915662460916 
279 420 0.7738806816280068 
280 264 0.2990288311194679 
280 316 0.45703242767281416 
280 396 0.013312607645951546 
280 417 0.0258837301428837 
280 444 0.4013492041115184 
281 263 0.06798103521037413 
281 354 0.9589000052867583 
282 279 0.4399765286861167 
282 284 0.8618166288744662 
282 292 0.22274857689330607 
282 310 0.14710322207575288 
282 360 0.853357114867405 
283 279 0.1098959256485802 
283 311 0.9602447833422011 
283 335 0.2606244674495376 
283 430 0.46593891790089803 
284 267 0.15957347580267167 
284 274 0.6538011428964583 
284 282 0.31105102978401833 
284 302 0.05745587344701886 
284 319 0.4436584367098322 
284 481 0.7803808994177341 
285 271 0.9249342993645577 
285 276 0.36551503784335604 
285 266 0.939687528254429 
285 387 0.0744636727933975 
285 421 0.7111700094390506 
285 440 0.7090902632603763 
285 444 0.7534145621244072 
286 266 0.7334387316033358 
286 269 0.11563521691544221 
286 271 0.8130208923445648 
286 278 0.4260397785473041 
287 263 0.9783782450942299 
287 305 0.157460491478848 
287 318 0.5093142771724474 
287 337 0.2664409089869261 
287 377 0.9665962468895716 
287 380 0.983497475473961 
288 268 0.762158733431785 
288 273 0.37025346471938747 
288 327 0.5337947640619283 
288 359 0.10624188915002553 
288 371 0.10241301246752321 
288 386 0.6499523610846651 
288 389 0.628220800863546 
288 431 0.135288156921194 
288 436 0.7930589935896734 
289 263 0.8794494144072983 
289 278 0.897881863456269 
289 293 0.22778836655354184 
289 299 0.6229507859749878 
289 345 0.098890135662136 
289 380 0.48199333714007675 
289 397 0.031757496618610936 
289 424 0.8340970898652178 
290 265 0.9242728931755695 
290 264 0.44568429979137103 
290 365 0.8468884519000459 
290 459 0.2278663542016912 
291 264 0.3271417809228008 
291 378 0.14710733130525722 
291 429 0.651809010068099 
292 282 0.8450600362366875 
292 328 0.014713521965339815 
292 329 0.7978431508412048 
292 404 0.6517093773540181 
293 289 0.44206384524957776 
293 323 0.9659435158583385 
293 394 0.7467691129344609 
293 442 0.23693245046921774 
294 276 0.42729052749770313 
294 263 0.5111638523296023 
294 290 0.03761749233308043 
294 265 0.19686292536353667 
294 300 0.26398637111112333 
294 325 0.2914083717915007 
294 375 0.43049602953725685 
294 406 0.46139143623672607 
295 270 0.9145381205652515 
296 265 0.0013735226472223472 
296 288 0.42413634828553304 
296 269 0.9981074931836875 
296 338 0.026055969829316128 
296 384 0.9376778727890416 
297 273 0.25720455983711255 
297 272 0.6837066459190919 
297 335 0.9556152897538625 
298 267 0.3108470638243237 
299 275 0.24778222965999475 
299 289 0.737250033366674 
299 307 0.23106885407255018 
299 346 0.3259722162930553 
299 382 0.25945460384011043 
300 294 0.8089818557764344 
300 355 0.9700896368032818 
301 277 0.6600724478572206 
301 308 0.43858883725894837 
301 311 0.014834083087421068 
302 284 0.8456402538481731 
302 303 0.8090433709675335 
302 333 0.6800678920139251 
303 302 0.8697207562570303 
303 312 0.48876459829221564 
304 265 0.7381382429489226 
304 264 0.9058274281497107 
305 287 0.6489766402925169 
305 318 0.6370054302170955 
305 337 0.4368477644230657 
306 264 0.08934644748275622 
306 321 0.363651836227851 
306 324 0.017543129313422723 
306 336 0.5533317737606557 
306 402 0.9397297241470928 
306 417 0.09626098802462957 
307 263 0.7545467228344533 
307 299 0.6943156010178806 
307 350 0.23082062210441467 
307 351 0.3773868442286966 
307 401 0.7304516897584501 
307 450 0.5864159315697505 
308 301 0.20258421132227156 
308 413 0.44776026722465534 
309 273 0.10451511900744748 
309 297 0.665559477040259 
309 335 0.7788230863796175 
309 433 0.40673021753260286 
310 282 0.8763584956667977 
310 314 0.6980449826352083 
311 283 0.5816265779734873 
311 301 0.20479724451777515 
312 303 0.38121653092968866 
312 314 0.0853226730868043 
312 381 0.21065293600132207 
313 277 0.23339743559034742 
313 358 0.12464427117909471 
314 282 0.34375338269570477 
314 310 0.3323751434304082 
314 312 0.6712243400535063 
314 330 0.2867947431877056 
314 432 0.014661925841727763 
315 264 0.26334924494246825 
316 280 0.8687822674779812 
316 264 0.6826008343749252 
316 317 0.6787137470885769 
316 321 0.29795400340612566 
316 322 0.8202209183824895 
317 316 0.8959090801543188 
317 352 0.28715208086311295 
318 287 0.9199042985184648 
318 305 0.0014543987321454788 
318 343 0.8154615001640465 
319 284 0.9975392736887257 
319 320 0.8827850693028383 
319 326 0.8479786875959253 
319 349 0.6512514720846077 
319 370 0.335717210014022 
319 446 0.5692767011508942 
319 481 0.16613582961556528 
320 319 0.15627297342147717 
320 326 0.8726868361966252 
320 370 0.6748758694761308 
320 446 0.26318129540629387 
321 306 0.37620786931799266 
321 264 0.955759363297888 
321 316 0.7386266518405117 
321 322 0.11685658714736546 
321 339 0.3344070416950379 
322 316 0.4579070398457763 
322 318 0.25591569409932013 
322 321 0.7404046488766489 
322 366 0.3263206279415821 
323 293 0.8731119666009423 
323 394 0.37024000441638294 
323 442 0.2945956643825395 
323 452 0.5574280899274342 
324 304 0.10182259559940954 
324 306 0.5841585618107292 
324 364 0.9055937450444858 
325 267 0.9870882785165184 
325 294 0.4356744504991378 
326 271 0.6267929649784937 
326 266 0.052537644202056866 
326 319 0.41811407464633765 
326 320 0.793920544882344 
326 398 0.8417175344330922 
327 288 0.3964069820258366 
328 292 0.32924246568690163 
328 329 0.9184272158381864 
328 404 0.9169420179418977 
329 328 0.707032805489084 
329 292 0.7765370171330027 
329 348 0.2412168296454671 
329 362 0.065827688729722 
329 369 0.6659961428072846 
329 404 0.693892907234069 
330 314 0.9256541993762326 
330 311 0.49285687119921595 
330 451 0.13896359561852445 
331 291 0.7449761496920209 
331 318 0.09548799039178268 
331 393 0.5917527893695691 
331 458 0.09036150382262798 
332 271 0.4032185867480521 
332 266 0.6325908066546726 
332 278 0.9258843100056935 
332 342 0.6234972959073846 
333 302 0.9724376310090616 
333 399 0.40606759029830286 
334 274 0.5564505365420594 
334 268 0.5500076014695593 
334 341 0.3373742462168382 
334 392 0.6738775074358351 
334 422 0.2081201900542896 
335 309 0.08748171397284354 
335 273 0.8502423581636454 
335 297 0.7148358352974807 
335 283 0.21471054978931392 
335 376 0.33331402785885744 
335 427 0.2861592945930803 
336 324 0.33641116261630655 
336 306 0.18137372862387713 
336 363 0.4956275224979845 
336 438 0.3747725781152459 
337 287 0.0025328523490155685 
337 305 0.9407056846233914 
338 296 0.8762034164861916 
338 384 0.7641420070208066 
339 321 0.7577829907425288 
340 273 0.7241582737398597 
340 297 0.06277417472590296 
340 272 0.5566319322824228 
340 353 0.3975988985951 
340 456 0.8517150997214661 
341 334 0.25760629119349354 
341 392 0.4922268467954106 
342 266 0.3797428235335464 
342 332 0.5100787040927667 
342 263 0.2718176385442086 
342 412 0.49418536154786163 
342 415 0.33966943881829537 
342 418 0.36078626868931674 
342 454 0.30475054190643913 
343 318 0.7314042694876556 
343 357 0.7386496318153085 
344 265 0.27359766133753205 
344 388 0.33247381824389344 
345 289 0.6901616133982957 
345 397 0.0027436570087714385 
346 299 0.651972392170485 
346 293 0.4563923116248917 
346 307 0.23456371342663607 
346 408 0.027961817379379306 
347 276 0.7059788235673966 
347 447 0.6873782518459906 
348 329 0.30110088549589276 
348 292 0.46231264758415147 
348 351 0.33927312742501436 
348 362 0.9476395489322854 
348 400 0.015807851444267218 
349 319 0.36614763170526154 
349 405 0.3072513113587836 
350 263 0.30967401666227723 
350 293 0.25575272166931795 
350 307 0.20831322223647886 
350 385 0.08035733680494106 
350 418 0.489074045843122 
350 435 0.9698535169372153 
350 453 0.4950397976522919 
351 307 0.6393252589431623 
351 348 0.32169704057237314 
352 317 0.013339961491832697 
353 272 0.5836276032953227 
353 296 0.6324705038535575 
353 340 0.11085453462370476 
353 273 0.9631158301867241 
353 368 0.19542924396052475 
353 379 0.6791119065468741 
353 391 0.053716870317379595 
353 456 0.7207009105182287 
354 281 0.8875109535703931 
355 300 0.057101531878673506 
355 325 0.06272431091820962 
355 346 0.2569164361363828 
355 277 0.4283517546784117 
355 419 0.5854260821812249 
356 275 0.32919973085158516 
357 318 0.3672836881168371 
357 343 0.29112812315901904 
358 313 0.843683635627443 
358 277 0.34077777916605256 
358 373 0.8324342757743983 
358 447 0.9749408396289961 
359 288 0.4271618343507644 
359 371 0.7597342363163132 
359 389 0.6564250158693851 
359 431 0.09678632054422243 
359 436 0.9086494518123287 
360 282 0.7075364144336291 
360 310 0.2699946723836465 
360 409 0.7688911834382867 
361 279 0.2831721083301796 
362 329 0.7442125827877868 
362 279 0.015533683493491046 
362 330 0.8874338012933013 
362 348 0.9952623661483299 
363 336 0.4468688465320172 
364 324 0.5996314902128986 
364 336 0.6101159982343474 
365 290 0.9315889769735228 
365 268 0.5449989565770136 
365 414 0.31211500035924866 
365 439 0.33937078394341236 
366 322 0.0011284389957878505 
366 393 0.501386078706176 
367 266 0.06714968057188053 
367 271 0.711219905517753 
367 332 0.2321533105178153 
368 353 0.07496967288255996 
368 391 0.10344945139915396 
368 456 0.8189982365394467 
369 329 0.6092386193387379 
369 292 0.5918691101582547 
370 319 0.6867317772324354 
370 320 0.3117887108467071 
370 446 0.3159234083678987 
371 359 0.35508963315346076 
371 288 0.06436566384969189 
371 389 0.6809865834778924 
372 263 0.6291701951871864 
372 411 0.5500785199601369 
373 276 0.9590883669289528 
373 358 0.5499268086897791 
373 374 0.01072002155224272 
373 406 0.49537953648176014 
373 407 0.8067097182309905 
374 373 0.3226089650066345 
375 294 0.4774770144618764 
376 335 0.07840513979520924 
377 287 0.6051406307866535 
377 342 0.18740350447314025 
377 383 0.003884089511389077 
377 457 0.06428934293874644 
378 291 0.15808287629575857 
379 269 0.1202427594778942 
379 353 0.9808400114952116 
379 268 0.022488540246697553 
379 437 0.7015589683373393 
379 441 0.17638420088037787 
380 289 0.15625811780253862 
380 275 0.1292130841291832 
380 287 0.17232702579165293 
381 312 0.2697993937886911 
381 419 0.6894696492078531 
382 299 0.18169444113563793 
383 377 0.3682488872224511 
383 457 0.6329076715295365 
384 296 0.7970630778737622 
384 338 0.45886564376402506 
384 455 0.943331463240717 
385 350 0.6368216913399143 
385 349 0.5118504341672849 
385 351 0.6262093948646936 
385 390 0.37163818682893557 
386 288 0.3188319772145477 
386 445 0.4938120887133103 
387 276 0.31506023364389346 
387 285 0.147455077845019 
387 422 0.4968812803277519 
387 426 0.7703765073774769 
388 344 0.05904750859354091 
388 265 0.6905489456410504 
388 296 0.8714922053614502 
389 359 0.9181628036289985 
389 386 0.9870887570249453 
389 288 0.41005422873111397 
389 371 0.6470164027299237 
390 385 0.08022549900313625 
391 353 0.6544355455013332 
391 368 0.6264695861228557 
392 334 0.833937545601541 
392 341 0.44896081558257595 
393 366 0.6476788455256236 
393 331 0.488283948074431 
393 318 0.5928900407474555 
394 293 0.4261789548884223 
394 323 0.8698846015088176 
395 277 0.1760781256227293 
395 373 0.5114903035771198 
395 413 0.5180905371200137 
396 280 0.26300668330267696 
397 289 0.24901488309386322 
397 345 0.37193611649626 
397 424 0.278325670658528 
398 326 0.8861801256638763 
399 333 0.23774414261087828 
399 302 0.46554419231376365 
400 348 0.8990800926267956 
401 307 0.8410303234299202 
402 306 0.3012263492448942 
403 274 0.3928696616383055 
404 329 0.37555125189161587 
404 292 0.7213668151312923 
404 328 0.24945231611009877 
405 349 0.3169369098989181 
406 373 0.6757792449204513 
406 294 0.28897197333899327 
406 275 0.9988580994592294 
407 373 0.18000833985724085 
408 346 0.5350835530956338 
409 310 0.48815411214471094 
409 282 0.3637307013153245 
409 360 0.11626617281980167 
410 264 0.3453760181308325 
410 365 0.42486488663654254 
410 416 0.0269283389778181 
411 372 0.7180927753631101 
411 263 0.7950415689082996 
412 342 0.08106916878685999 
412 454 0.4879655658352706 
413 311 0.5925945546768373 
413 308 0.2953167121739454 
413 395 0.9549416933328861 
413 392 0.5579257436032589 
414 365 0.2249682964131965 
414 439 0.629456794123928 
415 342 0.4630150378345229 
416 304 0.46965733758515205 
416 410 0.8023758549704283 
417 280 0.23739499081154192 
417 374 0.07478098055915672 
417 331 0.2997662265104438 
417 321 0.3524121871535497 
417 306 0.9288340580726437 
418 349 0.8425029309328456 
418 342 0.648174770744173 
418 350 0.4099670338388116 
418 449 0.4388235774140552 
419 381 0.21963543834665766 
419 355 0.14440846774980165 
420 279 0.8469750074495601 
421 266 0.25350288069352134 
421 285 0.9432009698503212 
421 334 0.7712790587942578 
422 421 0.9238483904070256 
422 387 0.5161751375056322 
422 334 0.07447722862471362 
423 367 0.27522667878419727 
423 266 0.7333803345702771 
423 377 0.24406269303850792 
423 271 0.005387019083082589 
423 434 0.5923777207997533 
424 397 0.9620104504956164 
424 289 0.2146030210785771 
424 461 0.34226314351983667 
425 271 0.0006927521468850228 
425 266 0.3911290363176899 
425 332 0.9151320304346525 
426 387 0.014974088115519035 
427 335 0.7135471501133436 
428 268 0.6311077247853869 
429 291 0.28193520917342263 
430 283 0.3229051375767299 
431 288 0.22534929002059212 
431 359 0.805514054264886 
432 314 0.3518228488456655 
433 273 0.33685696989547076 
433 272 0.010696824502490654 
433 309 0.7112561917681095 
434 423 0.6701731043848278 
435 350 0.013255048200764064 
435 453 0.880491239288277 
436 288 0.2658972473563904 
436 359 0.19728651431013167 
436 386 0.42019153944626253 
436 389 0.8787092460378566 
436 371 0.8963210113419936 
437 379 0.5351885001914959 
437 441 0.276502979439612 
438 336 0.8187951424470643 
439 414 0.4488127631183628 
439 365 0.18435104457128926 
440 285 0.49227226009064506 
441 379 0.5074957964507048 
441 437 0.06534042514631888 
442 293 0.3739848348018354 
442 323 0.47290776849086125 
442 394 0.9652812810787622 
442 452 0.9091728820344139 
443 267 0.012879796970735824 
443 298 0.06645442349637298 
443 419 0.62369390718099 
444 285 0.22449958911857137 
444 280 0.942849995562668 
445 288 0.13546306527777796 
445 386 0.6385243907038218 
445 389 0.6510972025283818 
446 319 0.6423655976392681 
446 320 0.9860958139932288 
446 370 0.14595351170845106 
447 285 0.8026109094454174 
447 347 0.3824371248029278 
447 440 0.8399438118717576 
447 358 0.7005209784991853 
448 269 0.5897867676540909 
448 460 0.7195445602150089 
449 418 0.4438830085409118 
450 307 0.9262422832500697 
451 330 0.4412454729197932 
452 442 0.466518526460313 
452 323 0.6163215221189873 
452 394 0.22514152331768222 
452 293 0.9573442979389266 
453 350 0.17868085000409972 
453 435 0.2573026164490806 
454 342 0.7238033474419613 
454 412 0.8643033216429362 
455 388 0.3844523208767594 
455 270 0.6272510068590818 
455 296 0.31194909745179267 
455 327 0.7829461503981143 
455 384 0.6385634692961596 
456 353 0.8388770993654271 
456 368 0.02782930074309975 
456 340 0.3535272479198168 
457 377 0.0513483953076197 
457 383 0.42142692298117923 
458 331 0.360407012641359 
459 290 0.04928437046777612 
459 479 0.8002122531592933 
460 269 0.21073354743612094 
460 448 0.10737273011407744 
461 421 0.0837918796630106 
461 278 0.11411658616820208 
461 15 0.8112655728706384 
461 71 0.7965041597497903 
461 424 0.7087688792733177 
461 462 0.806274827371524 
461 463 0.38076180737790377 
462 461 0.17101851574418803 
462 463 0.5389746843773126 
463 461 0.8247090436257044 
463 462 0.16981942984432818 
464 34 0.5699319190671586 
464 96 0.0806937424239037 
464 338 0.09919209803348095 
464 167 0.7425214954306459 
464 272 0.11604690672010565 
464 466 0.06950898229122005 
464 467 0.1821213185032018 
464 468 0.3740892971509625 
464 469 0.1682232359441146 
464 470 0.348206583578632 
464 476 0.6385856175275327 
465 464 0.009468481337596812 
466 464 0.9006651263372322 
466 471 0.39919712158286014 
466 475 0.9292854184826448 
467 464 0.9244493934795496 
467 473 0.09322696287720966 
468 464 0.006572436321717667 
468 469 0.4736301884287818 
468 477 0.6656631598215523 
469 468 0.5224183243910135 
469 464 0.27415144645483247 
469 472 0.7516859297921106 
469 474 0.7341849528494285 
470 464 0.08922774402313494 
470 476 0.6899574853504662 
471 465 0.5664799405782242 
471 466 0.03389195266945022 
471 475 0.9790226065819831 
472 469 0.8985442271571137 
472 478 0.275529708546732 
473 467 0.40208484147768675 
474 469 0.5115415047086813 
475 466 0.8238783624471957 
475 471 0.5627403473013941 
475 464 0.4669778763208484 
476 464 0.24302756254834923 
476 470 0.8939768330531024 
477 468 0.006294209345524604 
478 472 0.4349974279846145 
478 476 0.06886295451753477 
479 305 0.3368321924702844 
479 230 0.3590142733522953 
479 459 0.8250733067766872 
479 22 0.38973068816043377 
479 439 0.4103468746044432 
479 480 0.5572976335520784 
480 479 0.7780040317727333 
481 319 0.16666819623472207 
481 212 0.7291029355583282 
481 112 0.21861620910223423 
481 284 0.6350210837183842 
481 482 0.7191570457580037 
481 489 0.44584579479739195 
482 481 0.4025231373067931 
482 483 0.46942757373385857 
482 484 0.2095641887338292 
482 485 0.5798690572655937 
482 490 0.1396043004287557 
483 482 0.30556325521056105 
483 488 0.6414491889274276 
484 482 0.6512024180209508 
484 490 0.7919740815051002 
485 482 0.7209328749741866 
485 486 0.6370036955548062 
486 485 0.0738951056838556 
486 482 0.19163048872692845 
487 483 0.646476044279291 
488 485 0.7895331254868428 
488 483 0.17853741725155758 
489 481 0.8610161930525154 
490 482 0.7908791904790319 
490 484 0.9934661968411664 
490 491 0.12327603672969245 
491 490 0.662130142205903 
492 41 0.3191060123029985 
492 182 0.6767296442829723 
492 76 0.8829832906698837 
492 68 0.6459353176483931 
492 493 0.8627541639215157 
492 498 0.17126392539434898 
493 492 0.6981893456738993 
493 494 0.3001088458028093 
493 497 0.16298658443652259 
494 493 0.09417537862838898 
494 492 0.39504568439714993 
494 496 0.33604187481223335 
494 498 0.2639246070459551 
495 493 0.756368714789301 
496 494 0.30477515623133977 
497 495 0.6366633455360973 
497 493 0.8400122352131997 
497 494 0.2284396490630971 
497 499 0.680672101589083 
498 492 0.9994143906021752 
498 494 0.38453055125125213 
498 496 0.3095507434894822 
499 497 0.7268920305313274 
