500
0 1 1.0
0 2 1.0
0 3 0.25
0 263 0.045454545454545456
1 0 0.25
2 0 0.25
3 0 0.25
3 4 0.25
3 5 0.14285714285714285
4 3 0.25
4 5 0.14285714285714285
4 12 0.0625
5 4 0.25
5 3 0.25
5 6 0.3333333333333333
5 8 0.3333333333333333
5 9 0.2
5 10 0.5
5 12 0.0625
6 5 0.14285714285714285
6 7 1.0
6 12 0.0625
7 6 0.3333333333333333
8 5 0.14285714285714285
8 9 0.2
8 238 0.14285714285714285
9 5 0.14285714285714285
9 8 0.3333333333333333
9 10 0.5
9 11 1.0
9 263 0.045454545454545456
10 5 0.14285714285714285
10 9 0.2
11 9 0.2
12 6 0.3333333333333333
12 4 0.25
12 5 0.14285714285714285
12 13 0.1111111111111111
12 14 0.16666666666666666
12 15 0.25
12 22 0.1111111111111111
12 23 0.2
12 28 0.25
12 38 0.5
12 64 0.25
12 132 0.25
12 192 1.0
12 261 0.3333333333333333
13 12 0.0625
13 16 0.125
13 18 0.14285714285714285
13 30 0.1111111111111111
13 45 0.3333333333333333
13 48 0.5
13 49 0.3333333333333333
13 95 0.14285714285714285
13 175 1.0
14 12 0.0625
14 31 0.2
14 61 1.0
14 214 0.5
14 261 0.3333333333333333
15 12 0.0625
15 89 0.25
15 91 1.0
15 211 1.0
16 13 0.1111111111111111
16 17 0.25
16 19 0.14285714285714285
16 34 0.3333333333333333
16 57 0.2
16 80 0.25
16 82 0.2
17 16 0.125
17 41 0.2
17 43 0.25
17 57 0.2
18 13 0.1111111111111111
18 21 0.25
18 24 0.07692307692307693
18 44 0.5
18 45 0.3333333333333333
18 65 0.2
18 78 0.3333333333333333
19 16 0.125
19 20 0.08333333333333333
19 25 0.3333333333333333
19 100 1.0
20 19 0.14285714285714285
20 26 0.07142857142857142
20 27 0.16666666666666666
20 29 0.1
20 60 0.5
20 62 0.2
20 134 0.3333333333333333
20 187 1.0
20 191 0.5
21 18 0.14285714285714285
21 51 0.5
21 59 0.16666666666666666
22 12 0.0625
22 36 0.14285714285714285
22 85 0.3333333333333333
22 107 0.25
22 137 0.25
22 198 0.5
23 12 0.0625
23 40 0.3333333333333333
23 42 0.25
23 132 0.25
23 184 1.0
24 18 0.14285714285714285
24 37 0.16666666666666666
24 50 0.14285714285714285
24 55 0.125
24 56 0.3333333333333333
24 65 0.2
24 139 0.2
24 168 1.0
25 19 0.14285714285714285
25 35 0.07692307692307693
25 77 0.25
26 24 0.07692307692307693
26 20 0.08333333333333333
26 29 0.1
26 33 0.1111111111111111
26 54 0.5
26 62 0.2
26 87 0.25
26 113 0.25
26 140 0.5
26 188 0.5
26 205 1.0
26 479 0.3333333333333333
27 20 0.08333333333333333
27 33 0.1111111111111111
27 79 0.25
27 125 0.5
27 138 0.3333333333333333
28 12 0.0625
28 145 0.5
28 169 1.0
29 20 0.08333333333333333
29 26 0.07142857142857142
29 62 0.2
29 81 1.0
29 98 0.14285714285714285
29 117 0.16666666666666666
29 221 0.3333333333333333
30 13 0.1111111111111111
30 41 0.2
30 54 0.5
30 80 0.25
30 82 0.2
30 94 1.0
30 121 1.0
30 171 1.0
31 14 0.16666666666666666
31 32 0.3333333333333333
32 31 0.2
32 14 0.16666666666666666
32 214 0.5
33 26 0.07142857142857142
33 19 0.14285714285714285
33 27 0.16666666666666666
33 20 0.08333333333333333
33 39 0.5
33 71 0.5
33 87 0.25
33 122 0.3333333333333333
34 16 0.125
35 25 0.3333333333333333
35 47 0.09090909090909091
35 58 0.16666666666666666
35 73 0.125
35 74 0.5
35 93 0.5
35 99 0.14285714285714285
35 148 0.25
35 150 0.16666666666666666
35 172 0.3333333333333333
35 213 0.25
36 22 0.1111111111111111
36 85 0.3333333333333333
36 107 0.25
36 198 0.5
37 24 0.07692307692307693
37 75 0.07692307692307693
37 190 0.3333333333333333
37 200 0.5
38 12 0.0625
38 64 0.25
39 33 0.1111111111111111
39 173 0.5
40 23 0.2
40 42 0.25
41 30 0.1111111111111111
41 17 0.25
41 49 0.3333333333333333
41 86 0.3333333333333333
41 114 1.0
42 40 0.3333333333333333
42 23 0.2
42 52 0.3333333333333333
42 63 1.0
43 17 0.25
43 83 0.3333333333333333
43 124 1.0
44 18 0.14285714285714285
44 46 0.25
45 18 0.14285714285714285
45 13 0.1111111111111111
46 44 0.5
46 53 1.0
46 66 0.1
46 180 1.0
47 35 0.07692307692307693
47 73 0.125
47 113 0.25
47 116 0.5
47 126 0.2
47 151 0.25
47 170 1.0
47 177 1.0
47 207 0.3333333333333333
47 216 0.5
48 13 0.1111111111111111
49 41 0.2
49 13 0.1111111111111111
49 210 1.0
50 24 0.07692307692307693
50 37 0.16666666666666666
50 75 0.07692307692307693
50 190 0.3333333333333333
51 22 0.1111111111111111
51 21 0.25
51 52 0.3333333333333333
52 42 0.25
52 51 0.5
52 84 0.3333333333333333
53 46 0.25
54 26 0.07142857142857142
54 30 0.1111111111111111
54 50 0.14285714285714285
55 24 0.07692307692307693
55 20 0.08333333333333333
55 78 0.3333333333333333
55 79 0.25
55 92 0.3333333333333333
55 110 1.0
55 202 1.0
55 223 0.1
56 24 0.07692307692307693
56 37 0.16666666666666666
56 190 0.3333333333333333
56 200 0.5
57 16 0.125
57 17 0.25
57 101 1.0
57 164 0.3333333333333333
58 35 0.07692307692307693
58 47 0.09090909090909091
58 69 0.2
58 70 1.0
58 79 0.25
58 201 1.0
59 21 0.25
59 115 0.3333333333333333
59 123 0.2
59 139 0.2
59 155 0.5
59 164 0.3333333333333333
60 20 0.08333333333333333
60 191 0.5
61 14 0.16666666666666666
61 31 0.2
61 32 0.3333333333333333
61 12 0.0625
62 26 0.07142857142857142
62 29 0.1
62 20 0.08333333333333333
62 165 0.5
62 217 0.5
63 42 0.25
64 12 0.0625
64 38 0.5
64 89 0.25
64 218 1.0
65 24 0.07692307692307693
65 18 0.14285714285714285
65 174 0.3333333333333333
65 193 1.0
65 209 0.5
66 36 0.14285714285714285
66 46 0.25
66 21 0.25
66 67 0.16666666666666666
66 68 0.16666666666666666
66 96 0.14285714285714285
66 105 0.25
66 464 0.16666666666666666
67 66 0.1
67 68 0.16666666666666666
67 96 0.14285714285714285
67 130 0.3333333333333333
68 66 0.1
68 67 0.16666666666666666
68 75 0.07692307692307693
68 96 0.14285714285714285
69 58 0.16666666666666666
69 76 0.3333333333333333
69 128 0.3333333333333333
69 208 1.0
70 58 0.16666666666666666
71 33 0.1111111111111111
72 58 0.16666666666666666
72 45 0.3333333333333333
72 33 0.1111111111111111
72 118 0.3333333333333333
73 47 0.09090909090909091
73 35 0.07692307692307693
73 77 0.25
73 112 0.25
73 156 1.0
73 166 0.5
73 199 0.5
74 35 0.07692307692307693
74 55 0.125
75 24 0.07692307692307693
75 37 0.16666666666666666
75 50 0.14285714285714285
75 29 0.1
75 68 0.16666666666666666
75 103 0.3333333333333333
75 104 0.2
75 119 0.2
75 129 0.16666666666666666
75 149 0.3333333333333333
75 163 0.25
75 212 0.5
75 238 0.14285714285714285
76 69 0.2
76 108 0.5
76 179 0.5
77 73 0.125
77 25 0.3333333333333333
77 88 0.3333333333333333
77 144 1.0
78 18 0.14285714285714285
78 55 0.125
78 109 1.0
79 55 0.125
79 27 0.16666666666666666
79 58 0.16666666666666666
79 113 0.25
80 30 0.1111111111111111
80 16 0.125
80 158 1.0
81 29 0.1
82 30 0.1111111111111111
82 16 0.125
82 106 0.3333333333333333
82 157 0.3333333333333333
83 43 0.25
83 134 0.3333333333333333
83 189 1.0
84 52 0.3333333333333333
84 90 1.0
84 215 1.0
85 22 0.1111111111111111
85 36 0.14285714285714285
85 256 0.3333333333333333
86 41 0.2
86 89 0.25
86 160 1.0
87 33 0.1111111111111111
87 26 0.07142857142857142
87 141 0.3333333333333333
87 174 0.3333333333333333
88 77 0.25
88 71 0.5
88 97 0.3333333333333333
88 133 0.3333333333333333
89 15 0.25
89 86 0.3333333333333333
89 64 0.25
89 145 0.5
90 43 0.25
90 84 0.3333333333333333
91 15 0.25
91 12 0.0625
92 55 0.125
93 35 0.07692307692307693
94 30 0.1111111111111111
95 13 0.1111111111111111
95 48 0.5
95 102 0.5
95 111 0.5
95 159 1.0
95 179 0.5
95 197 1.0
96 66 0.1
96 67 0.16666666666666666
96 68 0.16666666666666666
96 105 0.25
96 154 0.5
96 222 0.5
97 88 0.3333333333333333
97 133 0.3333333333333333
97 143 1.0
98 29 0.1
98 117 0.16666666666666666
98 135 0.25
98 185 0.2
98 221 0.3333333333333333
98 238 0.14285714285714285
99 35 0.07692307692307693
99 93 0.5
99 148 0.25
99 150 0.16666666666666666
99 178 0.3333333333333333
99 181 0.5
99 213 0.25
100 34 0.3333333333333333
100 19 0.14285714285714285
101 57 0.2
102 95 0.14285714285714285
103 75 0.07692307692307693
104 75 0.07692307692307693
104 129 0.16666666666666666
104 139 0.2
104 163 0.25
105 66 0.1
105 96 0.14285714285714285
105 68 0.16666666666666666
106 82 0.2
106 203 0.3333333333333333
107 22 0.1111111111111111
107 36 0.14285714285714285
107 137 0.25
108 76 0.3333333333333333
108 69 0.2
108 128 0.3333333333333333
109 78 0.3333333333333333
110 55 0.125
110 92 0.3333333333333333
111 95 0.14285714285714285
111 127 0.5
112 73 0.125
112 199 0.5
113 79 0.25
113 26 0.07142857142857142
113 47 0.09090909090909091
113 131 0.5
114 41 0.2
115 59 0.16666666666666666
115 123 0.2
116 47 0.09090909090909091
117 29 0.1
117 98 0.14285714285714285
117 185 0.2
118 72 1.0
118 19 0.14285714285714285
118 33 0.1111111111111111
118 120 0.5
118 136 0.3333333333333333
119 75 0.07692307692307693
119 129 0.16666666666666666
119 147 0.3333333333333333
119 149 0.3333333333333333
120 118 0.3333333333333333
120 136 0.3333333333333333
121 30 0.1111111111111111
122 33 0.1111111111111111
122 204 1.0
123 59 0.16666666666666666
123 115 0.3333333333333333
123 155 0.5
123 164 0.3333333333333333
124 43 0.25
125 27 0.16666666666666666
125 138 0.3333333333333333
126 47 0.09090909090909091
126 151 0.25
126 216 0.5
127 111 0.5
128 69 0.2
128 108 0.5
128 186 1.0
129 119 0.2
129 75 0.07692307692307693
129 104 0.2
130 105 0.25
130 67 0.16666666666666666
130 66 0.1
130 96 0.14285714285714285
130 481 0.1111111111111111
131 113 0.25
131 73 0.125
131 112 0.25
131 74 0.5
131 153 0.5
132 12 0.0625
132 23 0.2
132 137 0.25
132 195 1.0
133 88 0.3333333333333333
133 97 0.3333333333333333
134 83 0.3333333333333333
134 16 0.125
134 20 0.08333333333333333
135 29 0.1
135 98 0.14285714285714285
135 117 0.16666666666666666
135 185 0.2
136 120 0.5
136 19 0.14285714285714285
136 118 0.3333333333333333
136 219 1.0
137 107 0.25
137 132 0.25
137 22 0.1111111111111111
138 27 0.16666666666666666
138 125 0.5
138 142 0.5
139 20 0.08333333333333333
139 59 0.16666666666666666
139 24 0.07692307692307693
139 104 0.2
139 162 1.0
139 176 1.0
140 26 0.07142857142857142
140 167 0.5
141 87 0.25
141 174 0.3333333333333333
141 209 0.5
142 116 0.5
142 138 0.3333333333333333
142 27 0.16666666666666666
142 183 1.0
143 97 0.3333333333333333
143 133 0.3333333333333333
144 77 0.25
145 89 0.25
145 28 0.25
146 102 0.5
146 95 0.14285714285714285
146 127 0.5
146 80 0.25
146 34 0.3333333333333333
147 119 0.2
147 75 0.07692307692307693
147 129 0.16666666666666666
147 104 0.2
147 223 0.1
148 35 0.07692307692307693
148 99 0.14285714285714285
148 178 0.3333333333333333
148 461 0.5
149 129 0.16666666666666666
149 75 0.07692307692307693
149 119 0.2
149 163 0.25
150 99 0.14285714285714285
150 35 0.07692307692307693
150 172 0.3333333333333333
150 181 0.5
151 47 0.09090909090909091
151 126 0.2
151 207 0.3333333333333333
152 26 0.07142857142857142
153 131 0.5
153 263 0.045454545454545456
154 96 0.14285714285714285
154 67 0.16666666666666666
154 66 0.1
154 222 0.5
155 59 0.16666666666666666
155 123 0.2
155 115 0.3333333333333333
156 73 0.125
157 82 0.2
157 106 0.3333333333333333
157 203 0.3333333333333333
158 80 0.25
159 95 0.14285714285714285
160 86 0.3333333333333333
161 107 0.25
161 22 0.1111111111111111
162 139 0.2
163 75 0.07692307692307693
163 149 0.3333333333333333
163 103 0.3333333333333333
163 104 0.2
163 212 0.5
164 59 0.16666666666666666
164 123 0.2
164 57 0.2
165 62 0.2
165 217 0.5
166 73 0.125
166 112 0.25
167 26 0.07142857142857142
167 140 0.5
168 24 0.07692307692307693
168 50 0.14285714285714285
169 28 0.25
170 47 0.09090909090909091
171 30 0.1111111111111111
172 35 0.07692307692307693
172 150 0.16666666666666666
172 99 0.14285714285714285
172 213 0.25
173 39 0.5
173 122 0.3333333333333333
173 33 0.1111111111111111
173 182 1.0
174 65 0.2
174 141 0.3333333333333333
174 87 0.25
175 30 0.1111111111111111
175 13 0.1111111111111111
175 119 0.2
176 139 0.2
177 151 0.25
177 47 0.09090909090909091
177 126 0.2
178 99 0.14285714285714285
178 35 0.07692307692307693
178 148 0.25
178 150 0.16666666666666666
178 213 0.25
179 95 0.14285714285714285
179 76 0.3333333333333333
179 146 1.0
180 46 0.25
181 35 0.07692307692307693
181 99 0.14285714285714285
181 150 0.16666666666666666
182 173 0.5
183 142 0.5
184 23 0.2
184 40 0.3333333333333333
185 135 0.25
185 98 0.14285714285714285
185 117 0.16666666666666666
185 29 0.1
185 221 0.3333333333333333
186 128 0.3333333333333333
187 20 0.08333333333333333
188 26 0.07142857142857142
188 220 1.0
189 83 0.3333333333333333
190 50 0.14285714285714285
190 37 0.16666666666666666
190 56 0.3333333333333333
191 20 0.08333333333333333
191 60 0.5
192 12 0.0625
193 65 0.2
193 134 0.3333333333333333
194 123 0.2
194 66 0.1
194 135 0.25
194 68 0.16666666666666666
194 98 0.14285714285714285
194 206 1.0
195 132 0.25
196 75 0.07692307692307693
196 129 0.16666666666666666
196 147 0.3333333333333333
196 103 0.3333333333333333
197 95 0.14285714285714285
198 36 0.14285714285714285
198 22 0.1111111111111111
199 73 0.125
199 112 0.25
199 166 0.5
200 56 0.3333333333333333
200 24 0.07692307692307693
200 37 0.16666666666666666
201 58 0.16666666666666666
202 55 0.125
202 92 0.3333333333333333
203 157 0.3333333333333333
203 82 0.2
203 106 0.3333333333333333
203 492 0.125
204 122 0.3333333333333333
205 26 0.07142857142857142
205 167 0.5
206 28 0.25
206 36 0.14285714285714285
206 194 1.0
206 22 0.1111111111111111
207 151 0.25
207 126 0.2
207 47 0.09090909090909091
208 69 0.2
209 65 0.2
209 141 0.3333333333333333
210 49 0.3333333333333333
211 15 0.25
212 75 0.07692307692307693
212 163 0.25
213 178 0.3333333333333333
213 99 0.14285714285714285
213 150 0.16666666666666666
213 35 0.07692307692307693
213 172 0.3333333333333333
214 14 0.16666666666666666
214 32 0.3333333333333333
214 31 0.2
215 84 0.3333333333333333
216 207 0.3333333333333333
216 47 0.09090909090909091
216 126 0.2
217 165 0.5
217 62 0.2
218 64 0.25
219 136 0.3333333333333333
219 50 0.14285714285714285
220 188 0.5
221 185 0.2
221 29 0.1
221 98 0.14285714285714285
221 117 0.16666666666666666
221 135 0.25
222 105 0.25
222 154 0.5
222 67 0.16666666666666666
222 130 0.3333333333333333
222 96 0.14285714285714285
223 117 0.16666666666666666
223 55 0.125
223 147 0.3333333333333333
223 26 0.07142857142857142
223 224 1.0
223 225 0.25
223 227 1.0
223 228 0.16666666666666666
223 231 0.5
223 235 0.5
224 223 0.1
225 223 0.1
225 226 0.25
225 228 0.16666666666666666
225 230 0.3333333333333333
226 225 0.25
226 230 0.3333333333333333
226 232 0.3333333333333333
226 236 0.5
227 223 0.1
228 223 0.1
228 225 0.25
228 229 0.5
228 234 0.5
228 492 0.125
229 228 0.16666666666666666
229 234 0.5
230 225 0.25
230 226 0.25
230 233 1.0
231 223 0.1
231 237 1.0
232 226 0.25
232 236 0.5
233 230 0.3333333333333333
233 232 0.3333333333333333
234 229 0.5
234 228 0.16666666666666666
235 223 0.1
236 232 0.3333333333333333
236 226 0.25
237 231 0.5
238 157 0.3333333333333333
238 98 0.14285714285714285
238 235 0.5
238 8 0.3333333333333333
238 75 0.07692307692307693
238 239 0.2
238 245 0.5
238 250 1.0
239 238 0.14285714285714285
239 240 0.1
239 241 1.0
239 464 0.16666666666666666
240 239 0.2
240 242 0.25
240 244 0.3333333333333333
240 247 0.3333333333333333
240 249 0.5
240 251 0.5
240 252 0.5
240 254 1.0
240 255 0.3333333333333333
241 239 0.2
241 240 0.1
242 240 0.1
242 243 1.0
242 251 0.5
242 253 1.0
243 242 0.25
243 238 0.14285714285714285
244 240 0.1
244 239 0.2
244 246 1.0
244 248 1.0
245 238 0.14285714285714285
246 244 0.3333333333333333
247 240 0.1
247 249 0.5
247 255 0.3333333333333333
248 244 0.3333333333333333
249 240 0.1
249 247 0.3333333333333333
250 245 0.5
250 238 0.14285714285714285
251 240 0.1
251 242 0.25
252 240 0.1
252 255 0.3333333333333333
253 242 0.25
254 240 0.1
255 252 0.5
255 240 0.1
255 247 0.3333333333333333
256 85 0.3333333333333333
256 57 0.2
256 4 0.25
256 3 0.25
256 36 0.14285714285714285
256 257 0.5
256 259 0.5
257 256 0.3333333333333333
257 258 1.0
258 257 0.5
259 256 0.3333333333333333
259 260 1.0
260 259 0.5
261 14 0.16666666666666666
261 31 0.2
261 12 0.0625
261 262 1.0
262 261 0.3333333333333333
263 0 0.25
263 223 0.1
263 153 0.5
263 9 0.2
263 24 0.07692307692307693
263 264 0.125
263 265 0.1
263 266 0.0625
263 270 0.08333333333333333
263 277 0.25
263 280 0.07142857142857142
263 290 0.5
263 300 0.25
263 308 0.3333333333333333
263 311 0.2
263 339 0.3333333333333333
263 365 0.25
263 404 1.0
263 431 0.5
264 263 0.045454545454545456
264 266 0.0625
264 268 0.3333333333333333
264 295 0.16666666666666666
264 306 0.2
264 378 0.2
264 425 0.3333333333333333
265 263 0.045454545454545456
265 267 0.25
265 272 0.16666666666666666
265 280 0.07142857142857142
265 301 0.1
265 310 0.3333333333333333
265 314 0.25
266 263 0.045454545454545456
266 265 0.1
266 264 0.125
266 269 0.1111111111111111
266 275 0.08333333333333333
266 281 0.3333333333333333
266 282 0.16666666666666666
266 287 0.2
266 296 0.16666666666666666
266 326 0.3333333333333333
266 349 0.2
266 371 0.25
266 402 0.3333333333333333
266 449 0.3333333333333333
266 455 0.3333333333333333
266 457 0.3333333333333333
267 263 0.045454545454545456
267 265 0.1
267 274 0.2
267 373 0.5
268 264 0.125
268 295 0.16666666666666666
269 266 0.0625
269 273 0.14285714285714285
269 282 0.16666666666666666
269 307 0.1
269 346 1.0
269 371 0.25
270 263 0.045454545454545456
270 271 0.14285714285714285
270 279 0.5
270 285 0.08333333333333333
270 286 0.25
270 291 0.1111111111111111
270 362 1.0
270 419 0.3333333333333333
270 446 1.0
271 270 0.08333333333333333
271 272 0.16666666666666666
271 293 0.3333333333333333
271 320 1.0
271 324 0.3333333333333333
271 341 0.3333333333333333
271 427 1.0
272 265 0.1
272 271 0.14285714285714285
272 283 0.14285714285714285
272 343 1.0
273 269 0.1111111111111111
273 299 0.2
273 327 0.25
273 330 0.14285714285714285
273 338 0.25
273 340 0.25
273 389 0.3333333333333333
274 267 0.25
274 270 0.08333333333333333
274 284 1.0
274 311 0.2
274 328 0.3333333333333333
275 266 0.0625
275 276 0.1111111111111111
275 278 0.14285714285714285
275 296 0.16666666666666666
275 302 0.25
275 361 0.25
275 386 0.2
275 387 0.2
275 408 0.3333333333333333
276 275 0.08333333333333333
276 278 0.14285714285714285
276 361 0.25
276 386 0.2
276 387 0.2
276 408 0.3333333333333333
276 423 0.3333333333333333
277 266 0.0625
277 263 0.045454545454545456
277 282 0.16666666666666666
277 300 0.25
277 380 0.5
278 275 0.08333333333333333
278 276 0.1111111111111111
278 298 0.25
278 305 0.3333333333333333
278 348 1.0
278 397 0.2
279 270 0.08333333333333333
279 419 0.3333333333333333
280 263 0.045454545454545456
280 265 0.1
280 288 0.14285714285714285
280 337 0.16666666666666666
280 350 0.2
280 355 0.3333333333333333
280 388 1.0
280 407 0.3333333333333333
280 454 0.25
281 269 0.1111111111111111
281 278 0.14285714285714285
281 266 0.0625
281 275 0.08333333333333333
281 319 0.3333333333333333
281 390 0.3333333333333333
282 277 0.25
282 269 0.1111111111111111
282 266 0.0625
282 297 1.0
283 272 0.16666666666666666
283 303 0.3333333333333333
283 334 0.5
283 363 0.3333333333333333
283 373 0.5
284 274 0.2
285 270 0.08333333333333333
285 286 0.25
285 291 0.1111111111111111
285 303 0.3333333333333333
285 316 0.5
285 322 1.0
285 335 0.5
285 384 0.2
285 385 0.25
285 400 0.3333333333333333
285 440 0.5
286 285 0.08333333333333333
286 283 0.14285714285714285
286 270 0.08333333333333333
286 329 1.0
286 418 0.3333333333333333
287 266 0.0625
287 289 0.14285714285714285
287 304 0.3333333333333333
287 354 1.0
287 402 0.3333333333333333
288 280 0.07142857142857142
288 292 0.1111111111111111
288 337 0.16666666666666666
288 350 0.2
288 353 0.16666666666666666
288 454 0.25
289 274 0.2
289 287 0.2
289 270 0.08333333333333333
289 263 0.045454545454545456
289 317 0.125
289 359 0.5
289 403 1.0
289 413 0.25
290 263 0.045454545454545456
291 270 0.08333333333333333
291 285 0.08333333333333333
291 313 0.16666666666666666
291 317 0.125
291 321 0.2
291 336 0.2
291 381 0.25
291 422 0.3333333333333333
292 288 0.14285714285714285
292 280 0.07142857142857142
292 294 0.5
292 301 0.1
292 307 0.1
292 367 0.14285714285714285
292 406 0.3333333333333333
292 449 0.3333333333333333
293 271 0.14285714285714285
293 341 0.3333333333333333
293 418 0.3333333333333333
294 292 0.1111111111111111
294 406 0.3333333333333333
295 264 0.125
295 268 0.3333333333333333
295 378 0.2
295 425 0.3333333333333333
296 266 0.0625
296 275 0.08333333333333333
296 386 0.2
296 415 0.5
297 282 0.16666666666666666
298 278 0.14285714285714285
298 305 0.3333333333333333
298 338 0.25
299 273 0.14285714285714285
299 282 0.16666666666666666
299 309 0.16666666666666666
299 327 0.25
299 366 1.0
300 263 0.045454545454545456
300 277 0.25
300 292 0.1111111111111111
300 308 0.3333333333333333
300 315 1.0
301 265 0.1
301 292 0.1111111111111111
301 325 1.0
301 363 0.3333333333333333
301 398 0.5
301 399 0.5
301 492 0.125
302 275 0.08333333333333333
302 396 0.5
303 285 0.08333333333333333
303 283 0.14285714285714285
303 272 0.16666666666666666
303 413 0.25
304 287 0.2
304 289 0.14285714285714285
304 386 0.2
304 447 1.0
305 278 0.14285714285714285
305 298 0.25
306 264 0.125
306 295 0.16666666666666666
306 312 0.3333333333333333
306 363 0.3333333333333333
306 378 0.2
307 269 0.1111111111111111
307 292 0.1111111111111111
307 282 0.16666666666666666
307 340 0.25
307 344 1.0
307 364 0.25
307 367 0.14285714285714285
307 379 0.3333333333333333
307 392 1.0
308 263 0.045454545454545456
308 290 0.5
308 300 0.25
308 372 1.0
309 299 0.2
309 323 0.25
309 332 1.0
309 345 0.2
309 424 0.5
309 426 1.0
310 265 0.1
310 314 0.25
310 438 1.0
311 263 0.045454545454545456
311 274 0.2
311 377 0.5
311 425 0.3333333333333333
312 306 0.2
312 358 0.5
312 378 0.2
313 291 0.1111111111111111
313 321 0.2
313 336 0.2
313 422 0.3333333333333333
313 445 0.5
314 265 0.1
314 310 0.3333333333333333
314 301 0.1
314 443 1.0
315 300 0.25
316 285 0.08333333333333333
317 289 0.14285714285714285
317 291 0.1111111111111111
317 318 0.5
317 333 0.25
317 342 0.2
317 347 0.3333333333333333
317 394 0.25
317 412 0.5
318 317 0.125
318 442 0.5
319 281 0.3333333333333333
319 390 0.3333333333333333
319 397 0.2
320 271 0.14285714285714285
321 291 0.1111111111111111
321 313 0.16666666666666666
321 381 0.25
322 285 0.08333333333333333
323 309 0.16666666666666666
323 351 0.25
323 356 0.2
323 452 1.0
324 271 0.14285714285714285
324 341 0.3333333333333333
325 301 0.1
326 266 0.0625
326 457 0.3333333333333333
327 299 0.2
327 273 0.14285714285714285
327 269 0.1111111111111111
327 371 0.25
328 289 0.14285714285714285
328 274 0.2
328 263 0.045454545454545456
328 459 1.0
329 286 0.25
330 327 0.25
330 273 0.14285714285714285
330 356 0.2
330 368 1.0
330 375 1.0
330 389 0.3333333333333333
331 269 0.1111111111111111
332 309 0.16666666666666666
333 317 0.125
333 342 0.2
333 347 0.3333333333333333
333 394 0.25
334 283 0.14285714285714285
335 285 0.08333333333333333
335 384 0.2
336 291 0.1111111111111111
336 313 0.16666666666666666
336 357 0.3333333333333333
336 421 0.5
336 430 0.5
337 280 0.07142857142857142
337 288 0.14285714285714285
337 314 0.25
337 338 0.25
337 364 0.25
337 370 1.0
338 273 0.14285714285714285
338 337 0.16666666666666666
338 307 0.1
338 298 0.25
338 432 1.0
339 263 0.045454545454545456
339 431 0.5
340 273 0.14285714285714285
340 307 0.1
340 364 0.25
341 293 0.3333333333333333
341 324 0.3333333333333333
341 271 0.14285714285714285
342 317 0.125
342 333 0.25
342 347 0.3333333333333333
342 394 0.25
343 272 0.16666666666666666
344 307 0.1
345 309 0.16666666666666666
345 352 0.3333333333333333
345 374 0.25
345 414 0.25
345 444 0.5
346 269 0.1111111111111111
347 317 0.125
347 333 0.25
347 342 0.2
348 278 0.14285714285714285
348 305 0.3333333333333333
348 298 0.25
349 266 0.0625
349 455 0.3333333333333333
349 457 0.3333333333333333
350 280 0.07142857142857142
350 288 0.14285714285714285
350 382 0.5
350 407 0.3333333333333333
350 454 0.25
351 323 0.25
352 345 0.2
352 374 0.25
352 444 0.5
353 288 0.14285714285714285
353 280 0.07142857142857142
353 355 0.3333333333333333
353 365 0.25
353 407 0.3333333333333333
353 454 0.25
354 287 0.2
355 280 0.07142857142857142
355 353 0.16666666666666666
355 379 0.3333333333333333
356 330 0.14285714285714285
356 323 0.25
356 376 1.0
356 414 0.25
357 336 0.2
357 421 0.5
357 430 0.5
358 312 0.3333333333333333
358 306 0.2
358 295 0.16666666666666666
358 451 1.0
359 289 0.14285714285714285
359 302 0.25
359 360 0.5
360 359 0.5
360 302 0.25
360 442 0.5
361 276 0.1111111111111111
361 275 0.08333333333333333
361 387 0.2
361 393 0.5
362 270 0.08333333333333333
363 283 0.14285714285714285
363 301 0.1
363 306 0.2
364 337 0.16666666666666666
364 340 0.25
364 307 0.1
364 439 1.0
365 353 0.16666666666666666
365 280 0.07142857142857142
365 263 0.045454545454545456
365 435 1.0
366 299 0.2
367 307 0.1
367 337 0.16666666666666666
367 292 0.1111111111111111
367 383 0.25
367 395 0.2
367 436 0.5
367 460 0.5
368 330 0.14285714285714285
369 299 0.2
369 296 0.16666666666666666
369 351 0.25
369 401 1.0
370 337 0.16666666666666666
371 266 0.0625
371 269 0.1111111111111111
371 327 0.25
371 433 0.5
372 308 0.3333333333333333
372 267 0.25
372 265 0.1
372 264 0.125
373 267 0.25
373 283 0.14285714285714285
374 345 0.2
374 352 0.3333333333333333
374 414 0.25
375 330 0.14285714285714285
375 356 0.2
376 356 0.2
376 351 0.25
377 311 0.2
378 295 0.16666666666666666
378 264 0.125
378 306 0.2
378 312 0.3333333333333333
378 455 0.3333333333333333
379 355 0.3333333333333333
379 307 0.1
379 292 0.1111111111111111
380 277 0.25
380 365 0.25
380 450 1.0
381 321 0.2
381 291 0.1111111111111111
381 428 1.0
381 445 0.5
382 350 0.2
382 288 0.14285714285714285
383 367 0.14285714285714285
383 395 0.2
383 405 0.5
383 460 0.5
384 316 0.5
384 285 0.08333333333333333
384 335 0.5
384 385 0.25
384 400 0.3333333333333333
384 440 0.5
385 285 0.08333333333333333
385 384 0.2
385 400 0.3333333333333333
385 413 0.25
386 296 0.16666666666666666
386 275 0.08333333333333333
386 276 0.1111111111111111
386 304 0.3333333333333333
386 411 0.3333333333333333
387 275 0.08333333333333333
387 361 0.25
387 276 0.1111111111111111
387 393 0.5
387 423 0.3333333333333333
388 353 0.16666666666666666
388 280 0.07142857142857142
388 382 0.5
389 273 0.14285714285714285
389 330 0.14285714285714285
390 281 0.3333333333333333
390 319 0.3333333333333333
390 397 0.2
391 301 0.1
391 334 0.5
391 283 0.14285714285714285
391 409 0.25
391 410 0.25
391 429 0.3333333333333333
392 307 0.1
393 275 0.08333333333333333
393 361 0.25
393 276 0.1111111111111111
393 387 0.2
394 333 0.25
394 317 0.125
394 342 0.2
394 412 0.5
395 367 0.14285714285714285
395 383 0.25
395 436 0.5
396 302 0.25
397 390 0.3333333333333333
397 278 0.14285714285714285
397 319 0.3333333333333333
397 417 1.0
398 301 0.1
398 399 0.5
399 301 0.1
399 398 0.5
400 285 0.08333333333333333
400 384 0.2
400 385 0.25
401 377 0.5
401 369 1.0
402 397 0.2
402 287 0.2
402 266 0.0625
402 396 0.5
403 289 0.14285714285714285
404 263 0.045454545454545456
405 383 0.25
405 395 0.2
405 367 0.14285714285714285
406 292 0.1111111111111111
406 294 0.5
406 449 0.3333333333333333
407 280 0.07142857142857142
407 350 0.2
407 353 0.16666666666666666
408 275 0.08333333333333333
408 276 0.1111111111111111
408 453 1.0
409 391 0.25
409 410 0.25
409 429 0.3333333333333333
410 409 0.25
410 391 0.25
410 416 0.5
410 429 0.3333333333333333
411 386 0.2
411 349 0.2
411 326 0.3333333333333333
411 420 0.5
412 317 0.125
412 342 0.2
412 394 0.25
413 311 0.2
413 385 0.25
413 328 0.3333333333333333
413 289 0.14285714285714285
413 303 0.3333333333333333
413 458 1.0
414 356 0.2
414 389 0.3333333333333333
414 345 0.2
414 374 0.25
414 330 0.14285714285714285
415 296 0.16666666666666666
415 433 0.5
416 391 0.25
416 409 0.25
416 410 0.25
416 479 0.3333333333333333
417 397 0.2
418 286 0.25
418 293 0.3333333333333333
418 441 1.0
419 279 0.5
419 270 0.08333333333333333
420 411 0.3333333333333333
421 336 0.2
421 357 0.3333333333333333
422 313 0.16666666666666666
422 291 0.1111111111111111
422 321 0.2
423 275 0.08333333333333333
423 387 0.2
423 276 0.1111111111111111
424 309 0.16666666666666666
424 414 0.25
424 330 0.14285714285714285
424 448 1.0
425 268 0.3333333333333333
425 311 0.2
425 295 0.16666666666666666
425 264 0.125
426 309 0.16666666666666666
427 271 0.14285714285714285
428 422 0.3333333333333333
428 313 0.16666666666666666
428 291 0.1111111111111111
428 381 0.25
429 410 0.25
429 391 0.25
429 409 0.25
430 336 0.2
430 357 0.3333333333333333
431 263 0.045454545454545456
431 339 0.3333333333333333
432 338 0.25
433 371 0.25
433 420 0.5
433 411 0.3333333333333333
433 415 0.5
433 296 0.16666666666666666
434 307 0.1
435 365 0.25
436 367 0.14285714285714285
436 395 0.2
437 270 0.08333333333333333
437 339 0.3333333333333333
437 263 0.045454545454545456
438 265 0.1
438 310 0.3333333333333333
439 364 0.25
440 384 0.2
440 285 0.08333333333333333
441 418 0.3333333333333333
442 360 0.5
442 318 0.5
443 314 0.25
444 352 0.3333333333333333
444 340 0.25
444 374 0.25
444 345 0.2
445 313 0.16666666666666666
445 381 0.25
445 321 0.2
446 419 0.3333333333333333
446 270 0.08333333333333333
447 304 0.3333333333333333
448 424 0.5
449 349 0.2
449 406 0.3333333333333333
449 292 0.1111111111111111
449 266 0.0625
450 380 0.5
451 358 0.5
452 351 0.25
452 323 0.25
453 423 0.3333333333333333
453 276 0.1111111111111111
453 408 0.3333333333333333
454 288 0.14285714285714285
454 350 0.2
454 353 0.16666666666666666
454 280 0.07142857142857142
455 349 0.2
455 378 0.2
455 266 0.0625
456 402 0.3333333333333333
457 266 0.0625
457 326 0.3333333333333333
457 349 0.2
458 413 0.25
459 328 0.3333333333333333
460 405 0.5
460 395 0.2
460 367 0.14285714285714285
460 383 0.25
461 272 0.16666666666666666
461 324 0.3333333333333333
461 223 0.1
461 285 0.08333333333333333
461 148 0.25
461 462 0.5
462 461 0.5
462 463 1.0
463 462 0.5
464 66 0.1
464 24 0.07692307692307693
464 50 0.14285714285714285
464 137 0.25
464 239 0.2
464 465 0.25
464 470 0.3333333333333333
464 471 0.5
464 475 1.0
465 464 0.16666666666666666
465 466 0.25
465 467 1.0
465 476 1.0
466 465 0.25
466 468 1.0
466 469 0.5
466 473 1.0
467 465 0.25
468 466 0.25
469 466 0.25
469 474 0.5
470 464 0.16666666666666666
470 478 1.0
471 464 0.16666666666666666
471 470 0.3333333333333333
471 472 1.0
472 471 0.5
473 466 0.25
474 469 0.5
474 477 1.0
475 464 0.16666666666666666
476 465 0.25
477 474 0.5
478 470 0.3333333333333333
479 301 0.1
479 228 0.16666666666666666
479 416 0.5
479 26 0.07142857142857142
479 280 0.07142857142857142
479 480 1.0
480 479 0.3333333333333333
481 379 0.3333333333333333
481 263 0.045454545454545456
481 130 0.3333333333333333
481 280 0.07142857142857142
481 66 0.1
481 482 0.25
481 483 0.5
481 484 0.5
481 485 0.25
481 487 0.3333333333333333
481 488 1.0
482 481 0.1111111111111111
482 485 0.25
482 486 1.0
482 489 0.5
483 481 0.1111111111111111
484 481 0.1111111111111111
484 487 0.3333333333333333
485 482 0.25
485 481 0.1111111111111111
485 483 0.5
485 489 0.5
485 491 1.0
486 481 0.1111111111111111
486 482 0.25
487 484 0.5
487 481 0.1111111111111111
487 490 1.0
488 481 0.1111111111111111
489 481 0.1111111111111111
489 482 0.25
489 485 0.25
490 487 0.3333333333333333
491 485 0.25
492 301 0.1
492 228 0.16666666666666666
492 203 0.3333333333333333
492 185 0.2
492 494 0.5
492 496 1.0
492 497 0.3333333333333333
492 498 0.5
493 492 0.125
494 492 0.125
494 495 0.5
495 494 0.5
496 492 0.125
497 492 0.125
497 498 0.5
497 499 1.0
498 492 0.125
498 493 1.0
498 497 0.3333333333333333
499 497 0.3333333333333333
499 495 0.5
