500
0 1 0.015625 
0 2 0.5 
0 492 0.5 
1 0 0.5 
1 2 0.0625 
1 5 0.5 
2 0 0.0625 
2 1 0.0625 
2 3 0.015625 
2 4 0.5 
2 12 0.5 
3 2 0.015625 
4 2 0.015625 
5 1 0.015625 
5 6 0.5 
5 8 0.015625 
5 10 0.015625 
5 11 0.015625 
6 5 0.0625 
6 7 0.5 
7 6 0.0625 
7 9 0.5 
8 5 0.015625 
8 11 0.015625 
9 7 0.015625 
10 5 0.5 
11 5 0.0625 
11 8 0.0625 
12 0 0.0625 
12 2 0.015625 
12 8 0.5 
12 6 0.5 
12 13 0.015625 
12 21 0.015625 
12 30 0.0625 
12 44 0.015625 
12 45 0.015625 
12 50 0.015625 
12 70 0.015625 
12 82 0.015625 
12 89 0.015625 
12 108 0.0625 
12 138 0.015625 
12 185 0.5 
12 223 0.0625 
13 12 0.0625 
13 14 0.5 
13 15 0.5 
13 22 0.015625 
13 74 0.5 
13 93 0.5 
13 122 0.5 
13 125 0.0625 
13 189 0.0625 
13 205 0.0625 
14 13 0.015625 
14 16 0.0625 
14 17 0.5 
14 19 0.0625 
14 24 0.015625 
14 25 0.015625 
14 39 0.5 
14 86 0.015625 
14 151 0.5 
14 177 0.0625 
14 188 0.015625 
14 206 0.015625 
14 210 0.0625 
14 220 0.015625 
15 13 0.5 
15 17 0.5 
15 63 0.015625 
15 92 0.015625 
15 94 0.0625 
15 99 0.5 
15 141 0.015625 
15 261 0.5 
16 14 0.0625 
16 24 0.015625 
16 26 0.015625 
16 48 0.015625 
16 51 0.5 
16 177 0.0625 
16 206 0.015625 
16 220 0.0625 
16 238 0.0625 
17 14 0.015625 
17 15 0.0625 
17 18 0.5 
17 20 0.015625 
17 26 0.0625 
17 38 0.015625 
17 41 0.5 
17 147 0.015625 
18 17 0.0625 
18 20 0.015625 
18 27 0.0625 
18 31 0.015625 
18 37 0.0625 
18 61 0.015625 
18 69 0.5 
18 154 0.015625 
19 14 0.5 
19 24 0.015625 
19 76 0.015625 
19 88 0.0625 
20 17 0.015625 
20 18 0.015625 
20 31 0.0625 
20 38 0.5 
20 52 0.5 
20 101 0.015625 
20 106 0.015625 
20 110 0.5 
20 147 0.0625 
20 176 0.015625 
21 13 0.0625 
21 12 0.5 
21 23 0.5 
21 90 0.015625 
21 118 0.015625 
21 126 0.015625 
21 151 0.015625 
22 13 0.015625 
22 34 0.0625 
22 70 0.5 
22 95 0.5 
22 167 0.0625 
22 219 0.5 
23 21 0.0625 
23 68 0.0625 
23 78 0.015625 
23 139 0.015625 
24 16 0.015625 
24 19 0.0625 
24 14 0.5 
24 36 0.015625 
24 42 0.015625 
24 97 0.0625 
24 102 0.015625 
24 117 0.015625 
24 157 0.5 
25 14 0.5 
25 16 0.5 
25 26 0.0625 
25 41 0.5 
25 59 0.5 
25 151 0.015625 
25 194 0.015625 
26 17 0.5 
26 16 0.0625 
26 25 0.0625 
26 29 0.5 
26 35 0.5 
26 98 0.5 
26 116 0.015625 
27 18 0.0625 
27 28 0.015625 
27 31 0.0625 
27 66 0.5 
27 85 0.015625 
27 186 0.5 
27 187 0.015625 
27 207 0.5 
27 481 0.5 
28 27 0.0625 
28 54 0.015625 
28 56 0.5 
28 61 0.0625 
28 169 0.5 
28 481 0.5 
29 26 0.0625 
29 53 0.015625 
29 116 0.0625 
29 158 0.0625 
30 12 0.5 
30 36 0.015625 
30 44 0.0625 
30 46 0.0625 
30 72 0.015625 
30 78 0.5 
30 79 0.0625 
30 129 0.0625 
31 27 0.0625 
31 20 0.0625 
31 18 0.5 
31 32 0.015625 
31 33 0.5 
31 110 0.0625 
31 131 0.5 
32 31 0.015625 
32 43 0.015625 
32 91 0.5 
32 120 0.5 
33 31 0.015625 
33 55 0.0625 
34 22 0.5 
34 159 0.015625 
35 26 0.015625 
35 171 0.5 
36 24 0.5 
36 30 0.5 
36 62 0.0625 
36 97 0.0625 
36 129 0.015625 
36 132 0.0625 
37 18 0.5 
37 69 0.5 
38 20 0.015625 
38 17 0.5 
38 40 0.015625 
38 57 0.5 
38 111 0.5 
39 14 0.0625 
39 25 0.5 
39 19 0.0625 
39 50 0.5 
39 71 0.0625 
39 73 0.0625 
39 81 0.5 
39 82 0.015625 
40 38 0.0625 
41 17 0.015625 
41 25 0.0625 
41 153 0.5 
41 194 0.5 
42 24 0.0625 
42 111 0.015625 
42 117 0.5 
42 127 0.5 
42 148 0.0625 
42 238 0.5 
43 32 0.5 
43 18 0.5 
44 30 0.5 
44 12 0.5 
44 21 0.015625 
44 58 0.015625 
45 12 0.015625 
46 23 0.5 
46 30 0.015625 
46 47 0.015625 
46 114 0.0625 
46 124 0.015625 
46 130 0.0625 
47 46 0.0625 
47 114 0.0625 
48 16 0.0625 
48 25 0.015625 
48 14 0.015625 
49 22 0.5 
49 95 0.0625 
50 39 0.0625 
50 12 0.5 
51 14 0.5 
51 26 0.0625 
51 25 0.0625 
51 16 0.015625 
51 59 0.0625 
51 142 0.5 
51 143 0.015625 
51 152 0.015625 
51 166 0.0625 
51 204 0.015625 
51 479 0.015625 
52 20 0.0625 
53 29 0.0625 
53 158 0.5 
54 28 0.015625 
54 154 0.0625 
54 169 0.5 
54 191 0.5 
54 207 0.5 
55 33 0.015625 
55 100 0.015625 
55 164 0.0625 
55 195 0.015625 
56 54 0.5 
56 28 0.5 
56 34 0.0625 
56 135 0.0625 
56 140 0.015625 
57 20 0.5 
57 38 0.0625 
57 28 0.5 
57 17 0.0625 
57 67 0.0625 
57 141 0.0625 
57 180 0.015625 
58 44 0.0625 
58 64 0.0625 
59 51 0.015625 
59 25 0.0625 
60 16 0.015625 
60 25 0.5 
60 14 0.5 
60 210 0.5 
61 18 0.0625 
61 28 0.015625 
61 34 0.0625 
61 173 0.015625 
61 199 0.0625 
62 36 0.0625 
62 97 0.015625 
62 132 0.5 
63 15 0.015625 
63 65 0.015625 
63 75 0.0625 
63 103 0.0625 
64 58 0.0625 
65 63 0.0625 
65 16 0.0625 
65 150 0.0625 
66 27 0.5 
66 119 0.5 
66 154 0.015625 
66 162 0.5 
66 183 0.015625 
67 57 0.5 
67 147 0.0625 
67 149 0.015625 
68 23 0.5 
68 104 0.015625 
69 18 0.0625 
69 37 0.015625 
69 83 0.0625 
69 461 0.0625 
70 12 0.0625 
70 22 0.5 
70 13 0.0625 
70 138 0.015625 
70 174 0.015625 
71 39 0.5 
72 30 0.0625 
72 44 0.5 
72 50 0.5 
72 21 0.015625 
72 84 0.015625 
72 96 0.5 
72 112 0.5 
73 39 0.015625 
73 82 0.5 
74 13 0.015625 
75 63 0.015625 
76 19 0.0625 
76 80 0.0625 
76 182 0.015625 
77 12 0.015625 
78 30 0.5 
78 23 0.5 
78 72 0.0625 
78 84 0.5 
78 222 0.015625 
79 78 0.5 
79 30 0.5 
79 172 0.015625 
80 18 0.0625 
80 76 0.015625 
80 59 0.5 
80 19 0.015625 
80 123 0.0625 
80 178 0.0625 
80 221 0.0625 
81 39 0.5 
81 73 0.015625 
82 12 0.0625 
82 73 0.015625 
82 39 0.015625 
82 165 0.015625 
82 211 0.0625 
83 69 0.0625 
83 91 0.5 
83 144 0.015625 
84 72 0.5 
84 78 0.0625 
84 87 0.0625 
85 27 0.015625 
86 14 0.0625 
86 16 0.0625 
86 216 0.0625 
87 84 0.0625 
87 129 0.5 
88 19 0.0625 
88 238 0.0625 
89 12 0.0625 
90 21 0.5 
90 151 0.0625 
90 263 0.5 
91 32 0.0625 
91 69 0.0625 
91 83 0.0625 
92 15 0.015625 
92 214 0.0625 
93 74 0.015625 
93 13 0.015625 
93 223 0.0625 
94 17 0.0625 
94 15 0.015625 
94 128 0.5 
94 218 0.0625 
95 22 0.015625 
95 49 0.0625 
95 107 0.0625 
96 72 0.015625 
96 112 0.015625 
97 24 0.015625 
97 36 0.5 
97 62 0.015625 
97 102 0.0625 
97 157 0.015625 
97 161 0.0625 
98 26 0.0625 
98 181 0.015625 
99 15 0.0625 
100 55 0.0625 
100 107 0.015625 
101 20 0.0625 
101 52 0.0625 
101 176 0.5 
102 24 0.0625 
102 84 0.5 
102 97 0.5 
102 109 0.015625 
103 75 0.0625 
103 63 0.015625 
104 68 0.5 
104 44 0.0625 
104 24 0.5 
104 146 0.015625 
105 91 0.015625 
106 43 0.015625 
106 20 0.0625 
106 35 0.5 
106 209 0.015625 
107 100 0.5 
107 95 0.015625 
107 171 0.0625 
108 12 0.0625 
109 102 0.0625 
109 213 0.5 
110 20 0.0625 
110 31 0.015625 
110 180 0.5 
111 40 0.0625 
111 38 0.0625 
111 42 0.0625 
111 121 0.015625 
111 168 0.0625 
111 212 0.0625 
112 72 0.0625 
112 96 0.015625 
113 38 0.015625 
113 94 0.5 
114 46 0.5 
114 47 0.0625 
114 124 0.015625 
115 26 0.0625 
115 16 0.0625 
115 53 0.0625 
115 217 0.0625 
116 29 0.0625 
116 26 0.5 
116 53 0.015625 
116 156 0.015625 
116 181 0.015625 
117 24 0.015625 
117 42 0.5 
117 198 0.5 
118 21 0.015625 
118 126 0.015625 
119 66 0.5 
119 162 0.015625 
120 32 0.5 
121 111 0.0625 
121 38 0.015625 
121 65 0.5 
121 160 0.5 
121 175 0.5 
121 479 0.5 
122 13 0.5 
122 93 0.0625 
122 74 0.5 
123 80 0.0625 
123 178 0.0625 
123 221 0.0625 
124 114 0.0625 
124 46 0.0625 
124 170 0.5 
124 196 0.5 
125 95 0.015625 
125 22 0.015625 
125 13 0.015625 
125 49 0.015625 
125 133 0.5 
125 134 0.5 
126 21 0.0625 
126 118 0.015625 
127 42 0.0625 
127 163 0.5 
128 94 0.015625 
128 218 0.5 
129 36 0.0625 
129 30 0.5 
129 87 0.0625 
129 84 0.0625 
130 114 0.5 
130 46 0.5 
131 31 0.0625 
131 145 0.5 
131 202 0.015625 
132 36 0.5 
132 62 0.0625 
132 136 0.015625 
133 125 0.0625 
133 134 0.0625 
134 125 0.5 
134 133 0.0625 
135 56 0.015625 
136 132 0.5 
136 36 0.0625 
136 44 0.5 
136 62 0.015625 
137 32 0.0625 
138 12 0.0625 
138 70 0.015625 
138 263 0.0625 
139 23 0.0625 
140 56 0.5 
141 15 0.5 
141 57 0.015625 
141 190 0.015625 
142 51 0.015625 
143 51 0.015625 
144 91 0.0625 
144 32 0.0625 
144 69 0.0625 
144 83 0.0625 
144 202 0.015625 
145 131 0.5 
146 104 0.0625 
147 17 0.5 
147 20 0.5 
147 67 0.0625 
147 57 0.0625 
147 179 0.5 
147 256 0.015625 
148 42 0.5 
149 67 0.5 
149 57 0.0625 
150 65 0.0625 
151 21 0.015625 
151 90 0.0625 
151 14 0.015625 
151 25 0.5 
152 151 0.5 
152 51 0.5 
153 41 0.015625 
153 155 0.5 
153 188 0.0625 
154 54 0.015625 
154 119 0.015625 
154 66 0.015625 
154 18 0.5 
155 153 0.5 
155 92 0.0625 
156 116 0.015625 
157 24 0.5 
157 97 0.0625 
158 53 0.0625 
158 29 0.5 
159 34 0.5 
159 27 0.015625 
160 121 0.0625 
160 175 0.015625 
161 97 0.0625 
162 119 0.0625 
162 66 0.0625 
162 183 0.5 
163 127 0.5 
164 55 0.5 
164 208 0.0625 
165 82 0.0625 
165 200 0.0625 
166 51 0.015625 
166 204 0.0625 
167 22 0.015625 
167 219 0.015625 
168 111 0.0625 
169 28 0.5 
169 54 0.0625 
170 124 0.5 
170 46 0.0625 
171 35 0.015625 
171 107 0.5 
172 79 0.015625 
173 61 0.5 
173 199 0.015625 
174 70 0.015625 
175 15 0.015625 
175 121 0.5 
175 160 0.5 
175 103 0.5 
176 110 0.5 
176 20 0.015625 
176 101 0.015625 
177 14 0.015625 
177 16 0.015625 
178 123 0.5 
178 80 0.5 
179 176 0.015625 
179 147 0.5 
180 57 0.5 
180 179 0.015625 
180 110 0.5 
180 184 0.5 
180 464 0.5 
181 26 0.0625 
181 98 0.015625 
181 116 0.5 
181 158 0.0625 
181 193 0.0625 
182 76 0.5 
182 88 0.5 
182 19 0.015625 
183 66 0.5 
183 119 0.0625 
183 162 0.015625 
184 180 0.0625 
185 12 0.0625 
186 27 0.5 
187 27 0.0625 
187 207 0.5 
188 153 0.0625 
188 14 0.5 
188 194 0.015625 
189 13 0.0625 
189 74 0.5 
189 93 0.0625 
189 263 0.5 
190 141 0.5 
191 54 0.0625 
191 28 0.5 
191 169 0.5 
192 135 0.015625 
192 56 0.5 
193 181 0.0625 
194 41 0.015625 
194 188 0.015625 
194 25 0.015625 
194 197 0.5 
195 55 0.0625 
195 208 0.0625 
196 124 0.5 
197 194 0.015625 
198 117 0.015625 
199 61 0.5 
199 173 0.0625 
200 82 0.5 
200 165 0.0625 
200 211 0.0625 
201 71 0.015625 
201 39 0.015625 
201 81 0.5 
201 73 0.0625 
202 144 0.5 
202 131 0.5 
202 186 0.015625 
202 27 0.015625 
203 153 0.5 
204 166 0.015625 
204 51 0.015625 
205 13 0.015625 
205 74 0.5 
206 16 0.5 
206 14 0.0625 
206 210 0.5 
207 187 0.0625 
207 54 0.5 
207 83 0.5 
207 27 0.5 
208 55 0.015625 
208 195 0.0625 
208 164 0.015625 
209 106 0.5 
210 16 0.015625 
210 14 0.5 
210 60 0.5 
210 206 0.015625 
210 223 0.0625 
211 200 0.5 
211 82 0.0625 
212 111 0.0625 
213 109 0.5 
213 24 0.015625 
213 151 0.015625 
214 92 0.0625 
215 89 0.015625 
215 12 0.5 
216 86 0.015625 
217 98 0.0625 
217 158 0.015625 
217 115 0.0625 
218 128 0.5 
218 94 0.5 
219 22 0.5 
219 95 0.0625 
219 167 0.0625 
220 14 0.0625 
220 16 0.0625 
220 59 0.5 
220 210 0.015625 
221 80 0.0625 
221 123 0.5 
221 256 0.5 
222 78 0.0625 
223 210 0.5 
223 96 0.5 
223 12 0.0625 
223 93 0.5 
223 217 0.0625 
223 224 0.5 
223 225 0.0625 
223 232 0.5 
223 263 0.5 
224 223 0.015625 
224 226 0.0625 
224 228 0.0625 
224 229 0.0625 
224 233 0.5 
225 223 0.015625 
225 227 0.0625 
225 231 0.0625 
225 234 0.5 
226 224 0.015625 
226 228 0.0625 
226 229 0.5 
227 225 0.015625 
228 224 0.0625 
228 226 0.5 
228 229 0.0625 
228 230 0.015625 
228 236 0.5 
229 228 0.015625 
229 226 0.0625 
229 224 0.015625 
229 235 0.5 
230 228 0.0625 
231 225 0.5 
232 223 0.015625 
232 225 0.0625 
233 224 0.5 
234 225 0.015625 
235 229 0.5 
236 228 0.0625 
236 237 0.015625 
237 236 0.015625 
238 42 0.015625 
238 16 0.0625 
238 76 0.5 
238 88 0.5 
238 239 0.5 
238 240 0.015625 
238 244 0.015625 
239 238 0.0625 
239 241 0.015625 
239 245 0.015625 
239 248 0.5 
239 254 0.5 
240 238 0.0625 
240 242 0.015625 
240 243 0.015625 
240 246 0.0625 
240 249 0.015625 
241 239 0.0625 
241 245 0.5 
241 248 0.5 
242 240 0.015625 
243 240 0.015625 
244 238 0.015625 
244 247 0.5 
245 241 0.0625 
245 239 0.015625 
246 240 0.5 
247 244 0.015625 
248 239 0.0625 
248 241 0.015625 
248 464 0.5 
249 240 0.5 
249 250 0.015625 
249 252 0.5 
249 253 0.0625 
250 249 0.0625 
250 251 0.5 
250 461 0.5 
251 250 0.5 
251 253 0.5 
252 249 0.015625 
253 249 0.0625 
253 251 0.5 
254 239 0.5 
254 253 0.0625 
255 249 0.5 
255 240 0.5 
256 221 0.0625 
256 147 0.5 
256 54 0.015625 
256 94 0.015625 
256 14 0.015625 
256 257 0.015625 
256 258 0.5 
256 259 0.5 
256 260 0.5 
256 261 0.015625 
257 256 0.015625 
258 256 0.5 
258 259 0.015625 
258 260 0.5 
258 261 0.015625 
259 256 0.0625 
259 258 0.0625 
260 256 0.5 
260 258 0.015625 
261 134 0.0625 
261 178 0.5 
261 15 0.0625 
261 258 0.0625 
261 256 0.5 
261 262 0.0625 
262 261 0.015625 
263 223 0.5 
263 90 0.5 
263 138 0.5 
263 189 0.0625 
263 244 0.5 
263 264 0.5 
263 275 0.015625 
263 278 0.0625 
263 322 0.015625 
263 326 0.5 
263 428 0.5 
264 263 0.5 
264 266 0.015625 
264 300 0.5 
264 330 0.0625 
264 335 0.015625 
264 420 0.0625 
265 263 0.5 
265 264 0.5 
265 267 0.5 
265 272 0.0625 
265 275 0.0625 
265 283 0.015625 
265 288 0.0625 
265 305 0.0625 
265 317 0.015625 
265 331 0.5 
265 375 0.0625 
265 445 0.015625 
266 264 0.5 
266 303 0.5 
266 330 0.015625 
266 335 0.015625 
266 420 0.015625 
267 265 0.5 
267 268 0.0625 
267 269 0.0625 
267 271 0.5 
267 274 0.5 
267 332 0.0625 
267 337 0.0625 
267 343 0.5 
267 356 0.015625 
267 364 0.0625 
268 267 0.015625 
269 267 0.5 
269 268 0.0625 
269 270 0.015625 
269 280 0.015625 
269 403 0.015625 
270 269 0.0625 
270 331 0.015625 
270 437 0.5 
271 267 0.5 
271 302 0.5 
271 350 0.0625 
271 412 0.5 
272 265 0.0625 
272 273 0.015625 
272 277 0.0625 
272 280 0.0625 
272 284 0.0625 
272 309 0.015625 
272 312 0.0625 
272 407 0.015625 
272 423 0.0625 
272 446 0.015625 
272 481 0.015625 
273 272 0.015625 
273 277 0.015625 
273 284 0.0625 
273 403 0.5 
273 481 0.015625 
274 267 0.0625 
274 268 0.0625 
274 294 0.015625 
274 440 0.0625 
274 453 0.015625 
275 263 0.015625 
275 265 0.015625 
275 276 0.015625 
275 286 0.0625 
275 429 0.015625 
276 275 0.0625 
276 263 0.5 
276 297 0.0625 
276 318 0.015625 
276 324 0.015625 
277 273 0.015625 
277 272 0.5 
278 263 0.0625 
278 275 0.5 
278 276 0.5 
278 361 0.015625 
278 393 0.5 
279 269 0.015625 
279 280 0.0625 
279 293 0.0625 
279 295 0.015625 
279 319 0.015625 
279 320 0.0625 
279 370 0.5 
279 395 0.015625 
280 272 0.0625 
280 277 0.0625 
280 279 0.0625 
280 269 0.0625 
280 281 0.5 
280 282 0.0625 
280 285 0.0625 
280 307 0.5 
281 280 0.0625 
281 285 0.015625 
281 287 0.015625 
282 280 0.015625 
282 442 0.0625 
282 451 0.015625 
283 265 0.015625 
283 288 0.0625 
283 304 0.0625 
283 338 0.0625 
283 396 0.0625 
284 272 0.0625 
284 273 0.5 
284 290 0.5 
284 291 0.5 
284 313 0.015625 
284 335 0.5 
284 376 0.0625 
284 383 0.0625 
285 280 0.0625 
285 281 0.015625 
285 332 0.0625 
285 431 0.5 
286 275 0.5 
286 373 0.0625 
287 281 0.015625 
287 272 0.0625 
287 263 0.015625 
287 311 0.015625 
287 327 0.5 
287 349 0.0625 
287 389 0.015625 
287 397 0.0625 
287 404 0.5 
288 283 0.5 
288 265 0.0625 
288 292 0.5 
288 296 0.0625 
288 311 0.0625 
288 351 0.0625 
288 377 0.0625 
288 406 0.015625 
289 275 0.015625 
289 265 0.015625 
289 314 0.015625 
289 363 0.5 
289 401 0.015625 
290 284 0.0625 
290 291 0.0625 
290 301 0.015625 
290 376 0.0625 
290 383 0.5 
291 284 0.015625 
291 290 0.5 
291 298 0.015625 
291 299 0.015625 
291 308 0.0625 
291 312 0.0625 
291 347 0.0625 
292 288 0.0625 
292 321 0.015625 
292 344 0.015625 
292 353 0.0625 
292 367 0.0625 
292 390 0.5 
292 398 0.5 
293 279 0.015625 
293 323 0.0625 
293 458 0.015625 
294 274 0.015625 
295 279 0.0625 
295 370 0.5 
296 288 0.0625 
296 310 0.0625 
297 276 0.015625 
297 316 0.0625 
297 318 0.0625 
297 346 0.5 
297 369 0.5 
297 372 0.5 
297 399 0.015625 
297 426 0.5 
297 448 0.0625 
298 291 0.0625 
298 299 0.015625 
298 312 0.015625 
298 355 0.5 
298 405 0.0625 
299 298 0.0625 
299 291 0.015625 
299 308 0.5 
299 347 0.0625 
300 264 0.0625 
300 315 0.5 
300 329 0.015625 
300 341 0.0625 
300 413 0.015625 
300 417 0.0625 
300 430 0.0625 
301 290 0.0625 
301 284 0.0625 
301 306 0.015625 
301 345 0.5 
301 438 0.5 
301 447 0.015625 
302 271 0.0625 
302 350 0.5 
302 385 0.5 
302 412 0.5 
302 425 0.0625 
303 266 0.5 
303 264 0.5 
303 353 0.5 
303 433 0.0625 
304 283 0.5 
304 338 0.015625 
304 410 0.5 
305 265 0.0625 
305 331 0.0625 
305 333 0.015625 
306 301 0.5 
306 347 0.0625 
306 438 0.015625 
307 280 0.5 
307 281 0.0625 
307 325 0.015625 
307 388 0.0625 
307 409 0.0625 
308 291 0.5 
308 299 0.5 
308 347 0.0625 
308 405 0.5 
309 272 0.015625 
309 382 0.0625 
309 391 0.5 
309 432 0.0625 
310 296 0.015625 
310 332 0.015625 
311 288 0.0625 
311 281 0.015625 
311 287 0.5 
311 349 0.0625 
311 415 0.5 
312 272 0.015625 
312 308 0.015625 
312 298 0.0625 
312 291 0.015625 
312 334 0.5 
312 339 0.0625 
312 371 0.0625 
312 384 0.015625 
312 402 0.015625 
312 461 0.015625 
313 284 0.5 
313 290 0.5 
313 383 0.5 
314 289 0.0625 
314 342 0.5 
315 300 0.015625 
315 329 0.0625 
315 430 0.0625 
315 449 0.0625 
316 297 0.0625 
316 372 0.0625 
316 426 0.5 
317 265 0.0625 
317 375 0.0625 
318 297 0.0625 
318 276 0.5 
318 386 0.015625 
319 279 0.015625 
319 270 0.5 
319 328 0.0625 
319 352 0.0625 
320 279 0.0625 
320 295 0.5 
320 395 0.5 
321 292 0.5 
322 263 0.5 
322 359 0.0625 
322 372 0.5 
323 293 0.015625 
324 276 0.0625 
324 340 0.5 
324 358 0.015625 
324 368 0.015625 
325 307 0.5 
325 327 0.015625 
325 422 0.0625 
326 263 0.0625 
326 300 0.015625 
327 325 0.5 
327 287 0.015625 
327 354 0.015625 
327 444 0.5 
328 319 0.0625 
329 300 0.015625 
329 315 0.5 
329 341 0.0625 
329 417 0.5 
330 264 0.0625 
330 266 0.5 
330 420 0.0625 
330 433 0.015625 
331 272 0.015625 
331 265 0.5 
331 305 0.015625 
331 270 0.015625 
331 309 0.5 
331 366 0.015625 
331 381 0.5 
331 394 0.0625 
332 267 0.0625 
332 285 0.5 
332 310 0.0625 
332 336 0.5 
333 305 0.015625 
334 312 0.015625 
334 371 0.015625 
334 384 0.0625 
335 264 0.0625 
335 266 0.5 
335 284 0.015625 
335 424 0.0625 
335 451 0.5 
336 332 0.015625 
336 348 0.0625 
336 350 0.5 
336 385 0.015625 
337 267 0.015625 
338 304 0.015625 
338 283 0.015625 
339 334 0.0625 
339 312 0.5 
339 342 0.5 
339 365 0.0625 
339 371 0.5 
339 384 0.5 
339 402 0.015625 
340 324 0.5 
341 300 0.0625 
341 315 0.0625 
341 329 0.5 
341 413 0.015625 
341 430 0.5 
342 314 0.015625 
342 339 0.5 
342 312 0.015625 
342 305 0.5 
342 411 0.5 
343 267 0.5 
343 332 0.5 
343 427 0.015625 
344 292 0.5 
344 296 0.0625 
344 387 0.0625 
345 301 0.0625 
345 306 0.015625 
345 447 0.0625 
346 297 0.5 
346 314 0.0625 
346 289 0.0625 
346 361 0.015625 
346 369 0.0625 
347 308 0.0625 
347 291 0.015625 
347 306 0.5 
347 299 0.5 
347 379 0.0625 
347 435 0.5 
347 492 0.5 
348 336 0.0625 
349 287 0.015625 
349 311 0.015625 
349 281 0.015625 
349 360 0.0625 
349 443 0.015625 
350 302 0.5 
350 271 0.5 
350 336 0.0625 
350 380 0.015625 
351 288 0.5 
351 377 0.015625 
352 269 0.5 
352 319 0.015625 
353 292 0.0625 
353 347 0.5 
353 303 0.015625 
353 264 0.0625 
353 396 0.015625 
353 414 0.0625 
353 442 0.5 
354 327 0.0625 
354 444 0.0625 
354 479 0.0625 
355 308 0.015625 
355 291 0.5 
355 298 0.5 
356 267 0.5 
356 337 0.5 
357 347 0.015625 
357 379 0.015625 
358 324 0.015625 
358 340 0.0625 
358 363 0.5 
359 322 0.5 
360 349 0.015625 
360 378 0.0625 
360 404 0.5 
360 415 0.0625 
361 278 0.5 
361 346 0.015625 
361 418 0.0625 
362 339 0.0625 
362 334 0.015625 
362 312 0.0625 
363 289 0.015625 
363 314 0.0625 
363 358 0.0625 
363 374 0.0625 
363 419 0.0625 
364 267 0.0625 
364 337 0.0625 
365 339 0.0625 
365 362 0.0625 
365 334 0.0625 
365 312 0.0625 
365 371 0.5 
366 331 0.0625 
366 381 0.015625 
366 394 0.015625 
367 292 0.5 
367 321 0.5 
368 324 0.0625 
369 358 0.015625 
369 297 0.015625 
369 346 0.5 
369 455 0.5 
370 295 0.0625 
370 279 0.5 
371 339 0.0625 
371 365 0.015625 
371 334 0.0625 
371 312 0.5 
371 402 0.5 
372 316 0.015625 
372 322 0.5 
372 297 0.015625 
372 400 0.5 
373 286 0.5 
373 346 0.0625 
373 426 0.0625 
374 363 0.5 
374 378 0.0625 
374 419 0.5 
374 434 0.015625 
374 452 0.5 
375 265 0.015625 
375 317 0.015625 
375 446 0.0625 
376 284 0.0625 
376 290 0.0625 
377 288 0.015625 
377 351 0.015625 
377 406 0.015625 
378 361 0.0625 
378 360 0.5 
378 374 0.015625 
379 347 0.015625 
379 357 0.015625 
379 421 0.015625 
380 268 0.015625 
380 350 0.015625 
380 296 0.015625 
381 366 0.0625 
381 331 0.5 
382 309 0.5 
382 439 0.015625 
383 284 0.5 
383 313 0.015625 
383 290 0.0625 
384 314 0.015625 
384 312 0.015625 
384 365 0.5 
384 339 0.015625 
384 334 0.5 
384 441 0.5 
385 302 0.5 
385 336 0.5 
386 318 0.015625 
386 368 0.5 
387 344 0.5 
387 392 0.015625 
388 307 0.0625 
388 409 0.015625 
389 287 0.5 
390 292 0.5 
390 398 0.5 
391 382 0.0625 
391 309 0.015625 
391 432 0.015625 
392 387 0.5 
392 344 0.0625 
393 278 0.5 
393 361 0.5 
393 378 0.015625 
394 331 0.0625 
394 366 0.5 
395 279 0.0625 
395 320 0.0625 
395 295 0.0625 
396 338 0.5 
396 353 0.0625 
396 283 0.015625 
396 410 0.5 
397 287 0.5 
398 372 0.5 
398 292 0.0625 
398 390 0.015625 
398 367 0.015625 
399 297 0.5 
399 316 0.015625 
399 448 0.015625 
400 316 0.0625 
400 372 0.015625 
400 297 0.0625 
400 276 0.0625 
400 459 0.0625 
401 305 0.015625 
401 289 0.0625 
401 314 0.5 
401 333 0.5 
401 415 0.015625 
401 434 0.0625 
401 445 0.5 
401 479 0.015625 
402 312 0.015625 
402 371 0.5 
402 339 0.5 
402 365 0.5 
403 273 0.5 
403 269 0.5 
403 290 0.015625 
403 272 0.5 
403 454 0.0625 
404 378 0.015625 
404 287 0.015625 
404 360 0.0625 
404 397 0.015625 
405 308 0.5 
405 298 0.0625 
405 291 0.015625 
405 355 0.0625 
405 408 0.015625 
406 377 0.0625 
406 288 0.5 
406 398 0.015625 
407 272 0.5 
407 273 0.5 
407 423 0.015625 
408 405 0.015625 
409 307 0.5 
409 388 0.0625 
410 396 0.5 
410 304 0.5 
410 283 0.015625 
410 334 0.0625 
411 342 0.015625 
412 271 0.015625 
412 302 0.015625 
413 341 0.5 
413 300 0.5 
413 329 0.015625 
414 353 0.5 
415 360 0.5 
415 311 0.015625 
415 401 0.015625 
416 327 0.015625 
416 354 0.015625 
417 329 0.5 
417 341 0.5 
417 300 0.5 
417 315 0.015625 
417 449 0.0625 
418 361 0.5 
419 374 0.5 
419 363 0.015625 
420 264 0.5 
420 303 0.015625 
420 330 0.5 
420 266 0.015625 
420 433 0.5 
421 347 0.0625 
421 379 0.5 
422 325 0.0625 
423 410 0.015625 
423 407 0.5 
423 272 0.015625 
424 335 0.5 
425 302 0.5 
425 271 0.015625 
426 316 0.5 
426 373 0.0625 
426 297 0.0625 
427 343 0.015625 
428 263 0.0625 
429 275 0.015625 
430 341 0.015625 
430 300 0.5 
430 315 0.0625 
430 456 0.5 
431 285 0.0625 
432 309 0.5 
432 391 0.0625 
432 439 0.5 
433 420 0.5 
433 330 0.5 
433 264 0.0625 
433 303 0.015625 
434 374 0.0625 
434 340 0.5 
434 324 0.0625 
434 401 0.5 
435 347 0.0625 
435 421 0.015625 
436 302 0.015625 
436 425 0.0625 
436 271 0.5 
436 412 0.5 
437 270 0.0625 
438 345 0.0625 
438 306 0.0625 
438 301 0.5 
438 447 0.0625 
439 382 0.0625 
439 309 0.5 
439 432 0.5 
440 274 0.5 
440 453 0.015625 
441 384 0.0625 
442 282 0.015625 
442 353 0.0625 
442 430 0.0625 
443 349 0.0625 
444 327 0.5 
444 354 0.015625 
445 265 0.015625 
445 401 0.0625 
446 265 0.015625 
446 272 0.015625 
446 375 0.5 
446 331 0.5 
447 438 0.015625 
447 345 0.015625 
447 301 0.0625 
448 316 0.5 
448 399 0.0625 
448 297 0.015625 
449 417 0.5 
449 341 0.5 
449 315 0.5 
450 280 0.0625 
451 335 0.015625 
451 282 0.015625 
451 332 0.015625 
451 457 0.015625 
452 363 0.015625 
452 374 0.0625 
453 440 0.5 
453 274 0.5 
454 403 0.5 
454 481 0.015625 
455 369 0.015625 
456 430 0.0625 
457 451 0.0625 
458 293 0.015625 
458 412 0.0625 
459 400 0.5 
460 288 0.5 
460 377 0.5 
461 69 0.015625 
461 312 0.5 
461 315 0.015625 
461 250 0.015625 
461 73 0.5 
461 462 0.0625 
461 463 0.015625 
462 461 0.5 
462 463 0.015625 
463 462 0.5 
463 461 0.0625 
464 180 0.0625 
464 248 0.015625 
464 343 0.5 
464 332 0.5 
464 465 0.015625 
464 466 0.5 
465 464 0.5 
465 467 0.5 
466 464 0.5 
466 468 0.015625 
466 470 0.0625 
466 471 0.5 
466 472 0.5 
466 475 0.5 
466 476 0.015625 
467 465 0.5 
468 466 0.5 
468 470 0.5 
468 474 0.0625 
469 464 0.0625 
470 466 0.015625 
470 468 0.015625 
470 477 0.5 
471 466 0.015625 
471 478 0.015625 
472 466 0.015625 
472 473 0.5 
472 475 0.0625 
473 472 0.5 
474 470 0.5 
474 468 0.0625 
475 466 0.015625 
475 472 0.015625 
476 466 0.5 
477 470 0.5 
478 471 0.5 
479 354 0.0625 
479 401 0.015625 
479 121 0.5 
479 51 0.0625 
479 42 0.5 
479 480 0.5 
480 479 0.015625 
481 272 0.0625 
481 28 0.0625 
481 27 0.015625 
481 454 0.0625 
481 273 0.5 
481 482 0.015625 
481 489 0.015625 
482 481 0.015625 
482 483 0.0625 
483 482 0.0625 
483 484 0.015625 
483 485 0.5 
483 486 0.015625 
483 487 0.015625 
483 489 0.5 
484 483 0.5 
484 488 0.0625 
485 483 0.015625 
485 491 0.5 
486 483 0.5 
486 485 0.015625 
486 488 0.0625 
486 490 0.5 
486 492 0.5 
487 483 0.015625 
488 486 0.0625 
488 484 0.5 
489 481 0.0625 
489 483 0.5 
489 490 0.0625 
490 486 0.015625 
490 489 0.0625 
491 485 0.0625 
492 347 0.0625 
492 486 0.5 
492 39 0.0625 
492 0 0.5 
492 487 0.0625 
492 493 0.015625 
492 494 0.015625 
492 497 0.5 
493 492 0.0625 
494 492 0.0625 
494 495 0.0625 
494 496 0.0625 
494 498 0.015625 
495 494 0.015625 
495 499 0.0625 
496 494 0.0625 
496 497 0.0625 
497 496 0.5 
497 492 0.015625 
497 494 0.5 
498 496 0.0625 
498 494 0.5 
498 499 0.015625 
499 495 0.015625 
499 498 0.5 
