500
0 1 0.125 
0 2 0.125 
1 0 0.125 
1 3 0.25 
1 4 0.5 
2 0 0.5 
3 1 0.25 
3 2 0.125 
3 5 0.5 
4 1 0.25 
5 3 0.25 
5 2 0.125 
5 6 0.5 
5 7 0.5 
5 8 0.5 
6 5 0.5 
7 5 0.5 
7 9 0.5 
8 5 0.125 
8 11 0.125 
9 7 0.25 
9 12 0.5 
10 5 0.25 
10 8 0.25 
11 8 0.5 
11 5 0.25 
11 461 0.125 
12 9 0.125 
12 13 0.5 
12 15 0.25 
12 21 0.5 
12 148 0.25 
12 168 0.5 
12 183 0.125 
13 12 0.125 
13 14 0.5 
13 20 0.125 
13 23 0.5 
13 26 0.125 
13 48 0.5 
13 52 0.25 
13 95 0.125 
13 96 0.125 
13 100 0.5 
13 146 0.25 
14 13 0.5 
14 17 0.5 
14 103 0.125 
14 132 0.125 
15 12 0.25 
15 16 0.5 
15 28 0.5 
15 72 0.5 
15 76 0.25 
15 107 0.25 
15 174 0.125 
16 15 0.5 
16 39 0.125 
16 43 0.125 
17 14 0.25 
17 18 0.5 
17 19 0.5 
17 24 0.125 
17 25 0.125 
17 27 0.25 
17 30 0.5 
17 67 0.25 
17 74 0.25 
17 84 0.125 
17 88 0.125 
17 150 0.5 
17 152 0.25 
18 17 0.5 
18 19 0.5 
18 29 0.25 
18 37 0.5 
18 74 0.25 
18 80 0.5 
18 92 0.125 
18 200 0.125 
18 201 0.125 
18 479 0.5 
19 18 0.125 
19 17 0.5 
19 22 0.25 
19 25 0.5 
19 30 0.125 
19 31 0.25 
19 32 0.25 
19 44 0.125 
19 50 0.5 
19 51 0.5 
19 85 0.5 
19 86 0.5 
19 90 0.25 
19 114 0.25 
19 115 0.5 
19 170 0.125 
19 256 0.125 
20 13 0.25 
20 33 0.125 
20 104 0.25 
20 106 0.5 
20 142 0.25 
20 205 0.125 
21 12 0.5 
21 78 0.125 
21 143 0.5 
22 19 0.125 
22 25 0.5 
22 96 0.25 
22 124 0.125 
23 13 0.5 
23 34 0.125 
23 35 0.125 
23 49 0.5 
23 167 0.5 
24 17 0.5 
24 25 0.125 
24 27 0.125 
24 42 0.25 
24 46 0.5 
24 172 0.5 
25 24 0.5 
25 22 0.125 
25 17 0.5 
25 19 0.125 
25 68 0.5 
25 98 0.25 
25 140 0.5 
25 155 0.125 
25 162 0.5 
26 13 0.25 
26 33 0.5 
26 38 0.125 
26 64 0.125 
26 83 0.25 
26 85 0.125 
26 110 0.5 
26 134 0.5 
26 192 0.5 
27 24 0.5 
27 17 0.5 
28 15 0.125 
28 29 0.5 
28 54 0.25 
28 55 0.125 
28 145 0.25 
28 149 0.25 
29 28 0.125 
29 18 0.5 
29 36 0.25 
29 91 0.25 
29 173 0.5 
29 197 0.125 
29 198 0.125 
29 199 0.125 
30 19 0.5 
30 17 0.25 
30 45 0.5 
30 47 0.25 
30 59 0.25 
30 71 0.25 
30 87 0.25 
30 108 0.125 
30 177 0.125 
30 184 0.5 
30 223 0.5 
31 19 0.125 
31 17 0.125 
31 32 0.125 
31 58 0.25 
31 74 0.25 
31 102 0.125 
31 131 0.125 
31 481 0.25 
32 19 0.125 
32 31 0.5 
32 40 0.5 
32 45 0.5 
32 47 0.125 
32 79 0.5 
32 111 0.125 
32 214 0.25 
33 20 0.25 
33 26 0.125 
33 83 0.125 
33 106 0.5 
33 130 0.5 
34 23 0.25 
34 41 0.5 
34 61 0.5 
34 160 0.5 
35 23 0.5 
36 29 0.25 
36 81 0.125 
36 116 0.5 
37 18 0.125 
37 92 0.5 
37 201 0.25 
38 26 0.5 
38 62 0.5 
38 147 0.25 
39 16 0.5 
39 43 0.125 
39 58 0.125 
40 32 0.125 
41 34 0.5 
41 61 0.125 
41 94 0.125 
41 160 0.5 
42 24 0.125 
42 46 0.5 
42 161 0.125 
42 182 0.25 
43 16 0.125 
43 39 0.25 
43 69 0.25 
43 176 0.125 
44 19 0.25 
44 51 0.5 
44 77 0.25 
44 114 0.125 
45 30 0.25 
45 32 0.125 
45 19 0.25 
45 56 0.25 
45 63 0.125 
45 94 0.125 
45 123 0.25 
45 216 0.25 
46 42 0.125 
46 24 0.25 
47 30 0.125 
47 32 0.5 
47 53 0.5 
47 57 0.5 
47 108 0.125 
47 129 0.25 
48 30 0.25 
48 13 0.25 
48 77 0.5 
48 89 0.125 
48 99 0.5 
48 105 0.125 
48 120 0.125 
49 23 0.125 
49 35 0.25 
50 44 0.5 
50 19 0.25 
50 51 0.25 
50 85 0.125 
51 19 0.5 
51 50 0.125 
51 44 0.5 
51 74 0.125 
51 85 0.125 
51 86 0.25 
51 90 0.25 
51 114 0.5 
51 115 0.5 
51 170 0.5 
52 13 0.25 
52 146 0.125 
53 47 0.125 
53 106 0.125 
54 28 0.25 
54 171 0.5 
54 204 0.125 
55 28 0.5 
55 193 0.125 
56 45 0.5 
56 60 0.25 
56 135 0.25 
56 263 0.5 
57 47 0.125 
57 129 0.5 
58 46 0.125 
58 31 0.125 
58 43 0.25 
58 39 0.25 
59 30 0.125 
59 71 0.125 
60 56 0.5 
60 135 0.125 
61 34 0.125 
61 41 0.5 
61 203 0.5 
62 38 0.5 
62 175 0.125 
63 45 0.25 
64 33 0.5 
64 26 0.125 
64 65 0.125 
64 75 0.5 
64 206 0.25 
65 33 0.5 
65 64 0.5 
65 93 0.25 
65 137 0.125 
65 188 0.25 
65 222 0.5 
66 15 0.5 
66 21 0.5 
67 17 0.125 
67 131 0.125 
67 152 0.125 
68 56 0.5 
68 25 0.5 
68 121 0.5 
68 140 0.125 
68 158 0.25 
68 215 0.25 
69 43 0.25 
69 81 0.25 
69 143 0.125 
69 196 0.5 
70 31 0.5 
70 112 0.25 
70 169 0.125 
71 30 0.25 
71 59 0.5 
72 15 0.125 
72 76 0.5 
73 41 0.5 
73 34 0.5 
73 141 0.125 
74 18 0.25 
74 17 0.125 
74 51 0.25 
74 31 0.5 
74 113 0.125 
74 124 0.25 
74 173 0.5 
74 218 0.5 
75 64 0.25 
75 206 0.125 
76 15 0.25 
76 72 0.25 
77 51 0.125 
77 44 0.5 
77 18 0.5 
77 19 0.25 
77 48 0.5 
77 82 0.125 
78 21 0.25 
78 144 0.25 
79 32 0.25 
79 220 0.25 
80 18 0.25 
80 200 0.125 
81 36 0.25 
81 69 0.5 
81 136 0.5 
82 18 0.25 
82 42 0.25 
82 73 0.25 
82 77 0.5 
82 95 0.25 
82 261 0.125 
82 479 0.25 
83 26 0.25 
83 33 0.125 
83 101 0.25 
84 17 0.5 
85 19 0.5 
85 50 0.5 
85 26 0.25 
85 51 0.25 
85 101 0.125 
85 108 0.125 
86 19 0.125 
86 51 0.125 
87 30 0.125 
87 177 0.125 
87 184 0.25 
88 17 0.25 
89 48 0.125 
90 19 0.5 
90 51 0.125 
91 29 0.25 
91 186 0.25 
91 198 0.5 
92 17 0.125 
92 18 0.125 
92 37 0.25 
92 48 0.5 
92 138 0.5 
92 157 0.25 
92 219 0.5 
93 65 0.25 
93 52 0.5 
93 97 0.125 
93 153 0.125 
94 45 0.125 
94 34 0.5 
94 41 0.25 
94 118 0.5 
94 166 0.25 
94 217 0.5 
95 13 0.125 
95 35 0.125 
95 82 0.5 
95 23 0.5 
95 119 0.5 
95 122 0.25 
95 185 0.25 
96 22 0.25 
96 13 0.25 
96 133 0.25 
97 93 0.25 
98 25 0.125 
99 48 0.5 
100 13 0.125 
100 134 0.125 
101 85 0.25 
101 83 0.5 
102 31 0.5 
103 14 0.25 
103 127 0.125 
104 20 0.25 
105 99 0.25 
105 48 0.25 
106 33 0.25 
106 20 0.25 
106 53 0.25 
106 125 0.125 
106 178 0.25 
106 179 0.5 
107 72 0.25 
107 15 0.25 
108 13 0.125 
108 87 0.5 
108 47 0.5 
108 30 0.5 
108 85 0.25 
108 256 0.25 
109 58 0.125 
109 21 0.5 
109 78 0.25 
109 117 0.25 
110 26 0.125 
110 134 0.25 
110 180 0.25 
111 27 0.5 
111 19 0.5 
111 32 0.5 
112 43 0.5 
112 70 0.5 
113 74 0.125 
114 44 0.125 
114 51 0.125 
114 50 0.5 
114 19 0.25 
115 51 0.5 
115 86 0.25 
115 19 0.125 
116 36 0.25 
117 109 0.25 
117 183 0.125 
118 94 0.25 
118 155 0.125 
118 217 0.125 
118 223 0.125 
119 82 0.5 
119 95 0.5 
120 48 0.25 
120 99 0.125 
120 89 0.5 
120 263 0.125 
120 479 0.5 
121 68 0.5 
121 140 0.125 
121 158 0.25 
121 215 0.5 
122 95 0.5 
123 45 0.125 
123 63 0.25 
124 22 0.125 
124 74 0.125 
124 128 0.125 
124 195 0.125 
125 106 0.25 
125 156 0.25 
126 79 0.5 
126 40 0.5 
126 32 0.125 
126 220 0.125 
127 103 0.25 
128 124 0.5 
129 47 0.5 
129 57 0.125 
129 104 0.5 
130 33 0.125 
131 31 0.125 
131 67 0.25 
131 17 0.5 
131 169 0.25 
131 187 0.25 
131 210 0.125 
132 14 0.25 
133 23 0.25 
133 96 0.5 
133 238 0.5 
134 26 0.5 
134 52 0.125 
134 110 0.125 
134 100 0.125 
134 165 0.25 
135 56 0.25 
135 60 0.125 
135 213 0.25 
136 81 0.25 
136 143 0.25 
136 151 0.5 
136 183 0.125 
137 65 0.125 
137 53 0.25 
137 33 0.25 
138 29 0.5 
138 92 0.125 
138 139 0.5 
138 163 0.5 
138 191 0.25 
139 138 0.25 
139 191 0.5 
140 121 0.5 
140 68 0.25 
140 25 0.125 
140 212 0.25 
141 23 0.25 
141 73 0.125 
141 202 0.25 
142 20 0.5 
142 104 0.25 
143 136 0.125 
143 21 0.125 
143 43 0.5 
143 69 0.5 
144 21 0.5 
144 78 0.25 
144 213 0.125 
145 28 0.125 
146 52 0.5 
146 13 0.25 
146 49 0.25 
147 26 0.125 
147 38 0.125 
147 154 0.25 
148 107 0.5 
148 12 0.125 
148 61 0.25 
149 28 0.5 
149 55 0.5 
150 17 0.5 
150 67 0.5 
151 136 0.25 
152 67 0.5 
152 17 0.25 
152 164 0.25 
153 93 0.25 
153 165 0.5 
154 147 0.25 
155 25 0.25 
155 94 0.5 
155 118 0.5 
155 73 0.25 
155 202 0.5 
155 207 0.25 
155 216 0.25 
156 125 0.25 
156 106 0.5 
157 92 0.5 
158 121 0.25 
158 68 0.5 
159 155 0.125 
159 202 0.5 
160 34 0.5 
160 41 0.25 
161 42 0.125 
161 182 0.125 
162 25 0.25 
163 139 0.25 
163 138 0.25 
163 191 0.5 
164 152 0.125 
164 189 0.25 
164 193 0.25 
165 134 0.5 
165 153 0.125 
165 75 0.5 
165 64 0.25 
165 190 0.25 
166 94 0.125 
167 23 0.125 
168 12 0.5 
169 131 0.125 
169 17 0.25 
169 70 0.25 
169 208 0.125 
169 209 0.5 
169 221 0.25 
170 19 0.25 
170 51 0.125 
171 54 0.125 
171 193 0.5 
171 204 0.25 
172 24 0.125 
173 152 0.125 
173 74 0.25 
173 29 0.5 
174 15 0.125 
175 62 0.25 
176 43 0.125 
176 209 0.125 
177 87 0.25 
177 30 0.25 
177 223 0.5 
178 106 0.25 
178 181 0.125 
179 106 0.5 
179 194 0.25 
179 211 0.125 
179 238 0.125 
179 492 0.5 
180 65 0.125 
180 26 0.125 
180 110 0.5 
181 178 0.5 
182 42 0.25 
182 161 0.125 
183 136 0.5 
183 12 0.5 
183 117 0.25 
183 39 0.25 
184 177 0.25 
184 87 0.125 
184 30 0.25 
185 95 0.125 
186 91 0.5 
186 29 0.25 
187 131 0.25 
188 65 0.25 
189 152 0.125 
189 164 0.25 
190 165 0.125 
191 138 0.25 
191 163 0.125 
191 139 0.5 
192 110 0.125 
192 26 0.25 
193 171 0.5 
193 152 0.25 
193 164 0.125 
193 55 0.5 
193 221 0.125 
194 179 0.125 
194 211 0.5 
194 222 0.25 
195 124 0.25 
196 69 0.125 
197 29 0.5 
198 29 0.125 
198 91 0.5 
198 171 0.25 
199 29 0.25 
199 197 0.125 
199 91 0.5 
200 80 0.25 
200 18 0.25 
200 37 0.125 
201 200 0.5 
201 18 0.5 
201 37 0.5 
202 141 0.5 
202 155 0.25 
202 159 0.5 
203 61 0.5 
204 171 0.125 
204 54 0.25 
205 20 0.5 
205 492 0.5 
206 64 0.125 
206 75 0.5 
207 155 0.5 
208 169 0.5 
209 176 0.125 
209 169 0.125 
210 131 0.5 
210 223 0.25 
211 179 0.125 
211 194 0.125 
212 25 0.25 
212 140 0.125 
212 107 0.125 
213 140 0.25 
213 56 0.5 
213 144 0.5 
213 135 0.5 
214 32 0.125 
214 79 0.125 
215 121 0.125 
215 158 0.125 
215 68 0.5 
216 45 0.25 
216 155 0.5 
217 118 0.5 
217 94 0.5 
218 74 0.125 
219 92 0.5 
219 157 0.125 
220 32 0.5 
220 126 0.25 
220 40 0.25 
220 79 0.5 
221 193 0.125 
221 169 0.5 
222 65 0.125 
222 194 0.125 
223 30 0.5 
223 118 0.5 
223 210 0.25 
223 177 0.25 
223 224 0.25 
223 237 0.125 
224 223 0.5 
224 225 0.5 
224 227 0.5 
224 234 0.25 
224 461 0.25 
225 224 0.25 
225 226 0.5 
225 227 0.5 
225 228 0.25 
225 234 0.5 
226 225 0.25 
226 229 0.5 
226 230 0.5 
227 225 0.125 
227 224 0.25 
228 225 0.25 
228 232 0.125 
229 226 0.5 
230 226 0.25 
230 231 0.5 
231 230 0.5 
231 233 0.5 
232 228 0.5 
232 235 0.125 
233 229 0.5 
233 231 0.5 
233 230 0.5 
234 225 0.25 
234 224 0.125 
234 223 0.25 
235 232 0.5 
236 227 0.5 
237 223 0.125 
238 179 0.125 
238 133 0.25 
238 75 0.125 
238 211 0.5 
238 239 0.125 
238 242 0.5 
238 492 0.5 
239 238 0.5 
239 240 0.5 
239 242 0.25 
239 244 0.25 
239 249 0.25 
239 256 0.25 
239 461 0.125 
240 239 0.25 
240 241 0.25 
240 243 0.5 
240 244 0.125 
240 248 0.25 
241 240 0.25 
241 243 0.5 
242 239 0.5 
242 238 0.125 
243 241 0.125 
243 240 0.125 
243 245 0.125 
243 250 0.125 
244 239 0.125 
244 240 0.125 
244 246 0.125 
244 247 0.25 
244 263 0.5 
245 243 0.125 
246 244 0.25 
246 247 0.25 
247 244 0.125 
247 246 0.25 
247 249 0.125 
247 252 0.5 
247 254 0.25 
248 240 0.5 
248 253 0.25 
248 255 0.25 
249 239 0.25 
249 247 0.5 
250 243 0.25 
250 251 0.125 
251 250 0.5 
252 247 0.125 
252 239 0.25 
253 248 0.5 
254 247 0.5 
255 248 0.25 
256 177 0.125 
256 14 0.5 
256 239 0.125 
256 19 0.25 
256 108 0.125 
256 257 0.5 
256 258 0.5 
256 259 0.125 
257 256 0.25 
258 256 0.125 
259 256 0.25 
259 260 0.125 
260 259 0.125 
261 13 0.125 
261 155 0.5 
261 17 0.125 
261 19 0.25 
261 82 0.5 
261 262 0.125 
262 261 0.25 
263 56 0.25 
263 103 0.5 
263 120 0.25 
263 213 0.25 
263 244 0.5 
263 264 0.125 
263 276 0.5 
263 308 0.125 
263 320 0.5 
263 327 0.25 
263 340 0.5 
263 363 0.125 
263 413 0.5 
264 263 0.5 
264 265 0.25 
264 266 0.5 
264 267 0.125 
264 268 0.25 
264 275 0.125 
264 289 0.5 
264 292 0.5 
264 298 0.25 
264 316 0.5 
264 389 0.25 
264 394 0.125 
264 422 0.125 
265 264 0.25 
265 266 0.25 
265 267 0.25 
265 270 0.25 
265 274 0.25 
265 283 0.5 
265 289 0.25 
265 297 0.25 
265 298 0.125 
265 300 0.5 
265 335 0.25 
265 369 0.25 
265 403 0.5 
265 421 0.5 
265 437 0.125 
265 454 0.5 
266 264 0.25 
266 265 0.25 
266 271 0.125 
266 274 0.25 
266 299 0.25 
266 303 0.5 
266 311 0.5 
266 319 0.25 
266 342 0.25 
266 377 0.25 
267 265 0.25 
267 264 0.25 
267 268 0.125 
267 269 0.125 
267 278 0.25 
267 291 0.125 
267 296 0.5 
267 341 0.25 
267 345 0.25 
267 428 0.25 
267 432 0.25 
268 264 0.125 
268 267 0.5 
268 273 0.5 
268 277 0.25 
268 281 0.5 
268 294 0.25 
268 302 0.25 
268 351 0.5 
268 371 0.125 
268 390 0.25 
269 267 0.125 
269 434 0.125 
270 265 0.5 
270 394 0.125 
271 266 0.125 
271 272 0.5 
271 274 0.5 
271 279 0.25 
271 290 0.25 
271 317 0.25 
271 323 0.5 
271 343 0.5 
272 271 0.25 
272 301 0.5 
273 268 0.25 
273 284 0.5 
273 349 0.5 
274 265 0.125 
274 266 0.125 
274 271 0.25 
274 279 0.25 
274 304 0.125 
274 344 0.5 
274 421 0.5 
275 264 0.5 
275 306 0.25 
275 313 0.125 
275 364 0.25 
275 454 0.125 
276 263 0.5 
276 280 0.125 
276 295 0.25 
276 308 0.5 
276 445 0.5 
276 446 0.25 
277 268 0.5 
277 388 0.5 
277 459 0.125 
278 267 0.5 
278 370 0.25 
278 392 0.5 
278 418 0.25 
279 271 0.125 
279 274 0.125 
279 323 0.5 
279 391 0.125 
279 452 0.5 
280 276 0.5 
280 331 0.25 
281 268 0.125 
281 390 0.125 
282 277 0.25 
282 281 0.5 
282 285 0.5 
282 319 0.5 
282 322 0.125 
282 338 0.25 
282 351 0.125 
282 396 0.125 
283 265 0.125 
283 286 0.25 
283 381 0.125 
283 420 0.5 
284 273 0.5 
284 326 0.125 
284 439 0.5 
285 282 0.25 
285 319 0.5 
285 322 0.5 
285 396 0.25 
286 283 0.125 
287 264 0.5 
287 292 0.25 
287 407 0.5 
288 264 0.5 
288 267 0.125 
288 293 0.125 
288 310 0.125 
288 318 0.125 
288 409 0.5 
288 433 0.25 
288 438 0.5 
289 265 0.5 
289 264 0.125 
289 267 0.125 
289 348 0.5 
289 384 0.5 
289 393 0.25 
289 395 0.5 
289 404 0.125 
290 271 0.25 
291 267 0.125 
291 443 0.5 
292 287 0.5 
292 264 0.125 
293 288 0.5 
293 310 0.5 
293 318 0.125 
293 438 0.125 
294 268 0.125 
294 293 0.125 
294 286 0.125 
294 288 0.125 
294 375 0.25 
295 276 0.25 
295 309 0.125 
295 411 0.25 
295 427 0.125 
295 448 0.5 
295 455 0.125 
296 267 0.125 
296 308 0.5 
296 333 0.5 
296 336 0.125 
296 352 0.125 
296 361 0.125 
296 397 0.5 
296 464 0.25 
297 265 0.5 
298 264 0.25 
298 265 0.25 
298 359 0.5 
299 266 0.25 
299 312 0.5 
299 319 0.5 
299 330 0.25 
300 270 0.125 
300 265 0.25 
300 297 0.5 
300 421 0.25 
300 437 0.25 
301 271 0.125 
301 272 0.5 
301 307 0.5 
301 311 0.5 
301 337 0.5 
301 365 0.5 
301 436 0.25 
301 460 0.25 
302 268 0.125 
302 390 0.125 
302 417 0.125 
303 266 0.25 
303 298 0.125 
304 274 0.125 
305 289 0.25 
305 348 0.25 
305 393 0.25 
305 395 0.5 
305 423 0.25 
305 425 0.5 
306 289 0.125 
306 275 0.125 
307 301 0.25 
308 276 0.125 
308 294 0.125 
308 263 0.25 
308 296 0.5 
308 334 0.5 
308 378 0.125 
308 408 0.5 
309 295 0.25 
309 314 0.25 
310 288 0.5 
310 293 0.125 
311 266 0.25 
311 301 0.25 
311 313 0.5 
311 355 0.5 
311 376 0.125 
312 299 0.25 
313 275 0.125 
313 311 0.25 
313 284 0.5 
313 365 0.125 
313 367 0.5 
313 381 0.5 
313 400 0.125 
314 295 0.125 
314 309 0.125 
314 320 0.25 
314 329 0.5 
314 331 0.125 
314 386 0.5 
314 442 0.25 
314 464 0.5 
315 277 0.5 
315 402 0.125 
316 264 0.125 
316 287 0.25 
316 407 0.25 
317 272 0.25 
317 271 0.125 
318 293 0.25 
318 310 0.25 
318 288 0.25 
318 416 0.5 
319 282 0.25 
319 266 0.5 
319 299 0.125 
319 285 0.25 
319 339 0.125 
319 342 0.125 
319 379 0.5 
319 382 0.25 
319 385 0.125 
319 424 0.5 
320 263 0.125 
320 314 0.125 
320 321 0.125 
320 324 0.125 
320 328 0.5 
320 347 0.25 
321 320 0.25 
321 409 0.125 
321 457 0.125 
322 285 0.125 
322 282 0.25 
322 453 0.25 
323 279 0.25 
323 271 0.25 
323 307 0.5 
324 320 0.125 
324 291 0.125 
324 325 0.125 
324 350 0.25 
324 383 0.5 
324 387 0.5 
325 324 0.125 
325 350 0.25 
326 284 0.25 
326 439 0.5 
326 456 0.125 
327 263 0.125 
328 320 0.5 
329 314 0.5 
330 299 0.25 
330 312 0.5 
331 281 0.125 
331 314 0.25 
331 280 0.25 
331 374 0.5 
332 324 0.5 
333 296 0.125 
333 291 0.5 
333 350 0.25 
333 366 0.125 
333 430 0.125 
334 308 0.5 
334 373 0.5 
335 267 0.25 
335 300 0.25 
335 318 0.125 
335 265 0.5 
335 406 0.25 
335 415 0.125 
336 296 0.5 
337 301 0.125 
337 398 0.125 
338 282 0.5 
338 285 0.5 
338 322 0.125 
338 396 0.125 
338 449 0.5 
338 453 0.25 
339 319 0.5 
339 342 0.25 
340 263 0.25 
341 267 0.25 
341 432 0.125 
342 319 0.25 
342 266 0.125 
342 339 0.125 
342 410 0.125 
343 272 0.5 
343 271 0.25 
344 274 0.125 
345 267 0.25 
346 276 0.25 
347 320 0.125 
347 414 0.25 
348 289 0.25 
348 305 0.5 
349 273 0.125 
349 353 0.25 
349 360 0.25 
349 419 0.125 
349 423 0.125 
349 481 0.125 
350 333 0.5 
350 324 0.25 
350 325 0.5 
350 356 0.125 
350 357 0.125 
350 362 0.25 
350 399 0.25 
350 464 0.125 
351 268 0.5 
351 282 0.5 
351 285 0.5 
352 336 0.25 
352 288 0.5 
352 296 0.5 
353 349 0.125 
353 358 0.5 
353 360 0.125 
353 419 0.125 
353 481 0.25 
354 310 0.5 
354 288 0.25 
354 293 0.5 
355 311 0.125 
355 417 0.5 
356 350 0.125 
356 413 0.25 
357 350 0.125 
357 368 0.25 
357 413 0.5 
358 353 0.5 
358 349 0.25 
358 360 0.25 
359 283 0.5 
359 298 0.25 
360 349 0.5 
360 358 0.25 
360 353 0.125 
360 376 0.25 
360 450 0.25 
361 296 0.25 
362 350 0.125 
362 357 0.125 
363 263 0.25 
364 275 0.125 
365 313 0.125 
365 301 0.25 
365 337 0.25 
366 333 0.125 
366 430 0.125 
367 326 0.5 
367 313 0.25 
368 350 0.5 
368 357 0.125 
368 356 0.25 
368 399 0.5 
369 265 0.5 
369 300 0.125 
369 437 0.25 
370 278 0.25 
371 268 0.125 
371 281 0.5 
372 307 0.5 
373 334 0.125 
374 331 0.125 
374 268 0.5 
375 359 0.25 
375 294 0.5 
375 420 0.25 
376 360 0.125 
376 311 0.25 
376 435 0.5 
377 266 0.125 
378 308 0.5 
378 357 0.25 
379 319 0.5 
379 382 0.5 
380 266 0.125 
380 377 0.125 
381 283 0.5 
381 313 0.25 
381 444 0.5 
382 339 0.125 
382 319 0.5 
382 379 0.25 
382 385 0.5 
383 324 0.25 
384 289 0.125 
384 412 0.5 
385 339 0.25 
385 319 0.5 
385 379 0.5 
385 382 0.125 
385 424 0.5 
386 314 0.125 
386 329 0.25 
386 442 0.125 
387 324 0.125 
388 277 0.125 
389 264 0.125 
389 296 0.25 
389 423 0.25 
390 268 0.125 
390 302 0.125 
390 281 0.25 
391 279 0.5 
391 405 0.25 
392 278 0.25 
392 318 0.25 
392 409 0.25 
393 289 0.5 
393 305 0.125 
394 270 0.5 
394 264 0.125 
394 318 0.5 
394 429 0.25 
394 454 0.5 
395 289 0.125 
395 305 0.5 
395 423 0.5 
396 282 0.125 
396 285 0.25 
396 338 0.5 
396 453 0.25 
397 296 0.125 
397 336 0.25 
398 330 0.25 
398 299 0.125 
398 337 0.5 
399 368 0.5 
399 350 0.5 
399 357 0.25 
400 365 0.25 
400 313 0.125 
400 381 0.5 
400 286 0.25 
401 351 0.125 
401 302 0.25 
401 268 0.5 
402 315 0.125 
402 295 0.5 
402 314 0.25 
402 277 0.125 
402 388 0.25 
403 265 0.125 
403 300 0.125 
404 393 0.5 
404 305 0.5 
404 289 0.5 
405 344 0.125 
405 391 0.5 
406 335 0.5 
406 415 0.5 
407 287 0.25 
407 264 0.5 
407 316 0.25 
408 308 0.25 
409 321 0.125 
409 320 0.5 
409 288 0.25 
409 392 0.25 
410 342 0.5 
411 309 0.5 
411 295 0.25 
411 427 0.5 
412 306 0.5 
412 289 0.125 
412 305 0.5 
412 384 0.125 
413 263 0.125 
413 357 0.125 
413 356 0.5 
414 347 0.25 
415 335 0.25 
415 406 0.125 
416 318 0.25 
417 302 0.25 
417 355 0.25 
417 273 0.25 
417 281 0.125 
418 278 0.5 
418 370 0.25 
419 353 0.25 
419 349 0.5 
419 358 0.5 
420 375 0.25 
420 283 0.25 
420 426 0.125 
421 265 0.125 
421 274 0.25 
421 300 0.5 
422 264 0.25 
422 292 0.25 
422 407 0.25 
423 397 0.125 
423 395 0.125 
423 389 0.5 
423 305 0.25 
423 349 0.25 
424 385 0.125 
424 319 0.5 
424 358 0.25 
424 431 0.25 
424 447 0.125 
424 458 0.125 
425 305 0.25 
425 393 0.25 
425 348 0.125 
426 420 0.5 
427 309 0.125 
427 295 0.125 
427 411 0.125 
428 267 0.5 
429 394 0.125 
430 366 0.125 
430 333 0.25 
431 424 0.125 
431 299 0.5 
431 360 0.5 
431 440 0.25 
432 267 0.125 
432 341 0.25 
432 428 0.5 
433 288 0.125 
433 293 0.125 
434 269 0.5 
435 376 0.125 
436 275 0.25 
436 307 0.125 
436 301 0.25 
436 452 0.125 
436 460 0.25 
437 265 0.125 
437 300 0.25 
437 369 0.125 
438 433 0.25 
438 288 0.125 
438 293 0.25 
439 294 0.25 
439 326 0.125 
439 313 0.125 
439 359 0.5 
439 284 0.5 
440 431 0.25 
441 378 0.125 
442 314 0.125 
442 386 0.25 
443 291 0.5 
444 381 0.5 
445 276 0.125 
446 276 0.5 
447 424 0.5 
448 295 0.125 
448 309 0.25 
449 322 0.25 
449 338 0.25 
449 282 0.125 
450 360 0.5 
451 271 0.125 
451 343 0.5 
452 279 0.25 
452 272 0.25 
452 436 0.25 
452 323 0.5 
453 449 0.25 
453 282 0.125 
453 396 0.5 
453 338 0.5 
453 322 0.125 
454 265 0.5 
454 394 0.125 
454 275 0.125 
455 295 0.125 
455 309 0.125 
456 326 0.25 
456 284 0.125 
457 321 0.5 
457 320 0.125 
458 424 0.5 
459 277 0.125 
459 315 0.25 
459 388 0.5 
460 337 0.125 
460 436 0.5 
460 301 0.25 
460 400 0.5 
461 11 0.5 
461 239 0.5 
461 17 0.125 
461 224 0.25 
461 47 0.125 
461 462 0.125 
461 463 0.5 
462 461 0.5 
463 461 0.5 
464 296 0.25 
464 263 0.125 
464 314 0.25 
464 350 0.25 
464 171 0.25 
464 465 0.125 
464 466 0.25 
464 476 0.5 
465 464 0.5 
465 467 0.25 
465 469 0.125 
465 470 0.125 
465 473 0.125 
466 464 0.5 
466 476 0.125 
467 465 0.5 
467 468 0.125 
467 475 0.125 
467 478 0.125 
468 467 0.125 
468 477 0.125 
469 465 0.125 
469 472 0.125 
469 474 0.5 
470 465 0.125 
471 469 0.25 
471 466 0.125 
472 469 0.25 
473 465 0.125 
473 474 0.125 
474 469 0.25 
474 473 0.125 
475 467 0.125 
475 478 0.125 
476 466 0.25 
476 464 0.5 
477 468 0.125 
478 475 0.125 
478 467 0.5 
479 150 0.5 
479 419 0.5 
479 82 0.5 
479 120 0.125 
479 18 0.5 
479 480 0.5 
480 479 0.25 
481 353 0.125 
481 349 0.25 
481 31 0.5 
481 273 0.5 
481 482 0.25 
481 483 0.25 
481 485 0.125 
482 481 0.125 
482 488 0.5 
483 481 0.5 
484 482 0.125 
485 481 0.5 
485 487 0.25 
486 483 0.25 
486 490 0.125 
487 485 0.25 
487 489 0.5 
487 491 0.5 
488 482 0.125 
489 487 0.25 
490 486 0.5 
491 487 0.125 
491 489 0.25 
492 238 0.25 
492 205 0.5 
492 179 0.125 
492 49 0.5 
492 493 0.5 
493 492 0.5 
493 494 0.125 
494 493 0.25 
494 495 0.5 
494 496 0.25 
494 497 0.125 
494 498 0.125 
495 494 0.25 
495 493 0.25 
496 494 0.25 
497 494 0.125 
497 496 0.125 
498 494 0.125 
498 499 0.5 
499 498 0.5 
