500
0 1 0.5 
0 2 0.5 
1 0 0.5 
1 3 0.0625 
1 4 0.015625 
2 0 0.0625 
3 1 0.5 
3 2 0.015625 
3 5 0.0625 
4 1 0.5 
5 3 0.5 
5 2 0.5 
5 6 0.0625 
5 7 0.5 
5 8 0.5 
6 5 0.015625 
7 5 0.0625 
7 9 0.5 
8 5 0.5 
8 11 0.0625 
9 7 0.5 
9 12 0.5 
10 5 0.5 
10 8 0.5 
11 8 0.0625 
11 5 0.5 
11 461 0.015625 
12 9 0.5 
12 13 0.0625 
12 15 0.0625 
12 21 0.5 
12 148 0.5 
12 168 0.5 
12 183 0.0625 
13 12 0.5 
13 14 0.015625 
13 20 0.0625 
13 23 0.5 
13 26 0.015625 
13 48 0.015625 
13 52 0.015625 
13 95 0.015625 
13 96 0.5 
13 100 0.5 
13 146 0.0625 
14 13 0.0625 
14 17 0.5 
14 103 0.5 
14 132 0.015625 
15 12 0.015625 
15 16 0.0625 
15 28 0.5 
15 72 0.0625 
15 76 0.5 
15 107 0.5 
15 174 0.015625 
16 15 0.0625 
16 39 0.0625 
16 43 0.5 
17 14 0.015625 
17 18 0.5 
17 19 0.5 
17 24 0.5 
17 25 0.5 
17 27 0.015625 
17 30 0.5 
17 67 0.5 
17 74 0.0625 
17 84 0.5 
17 88 0.0625 
17 150 0.0625 
17 152 0.015625 
18 17 0.015625 
18 19 0.0625 
18 29 0.0625 
18 37 0.5 
18 74 0.0625 
18 80 0.015625 
18 92 0.015625 
18 200 0.0625 
18 201 0.0625 
18 479 0.5 
19 18 0.5 
19 17 0.5 
19 22 0.0625 
19 25 0.5 
19 30 0.015625 
19 31 0.0625 
19 32 0.5 
19 44 0.0625 
19 50 0.0625 
19 51 0.0625 
19 85 0.5 
19 86 0.5 
19 90 0.015625 
19 114 0.0625 
19 115 0.0625 
19 170 0.015625 
19 256 0.015625 
20 13 0.0625 
20 33 0.015625 
20 104 0.5 
20 106 0.015625 
20 142 0.0625 
20 205 0.015625 
21 12 0.0625 
21 78 0.0625 
21 143 0.015625 
22 19 0.0625 
22 25 0.5 
22 96 0.5 
22 124 0.0625 
23 13 0.0625 
23 34 0.5 
23 35 0.5 
23 49 0.015625 
23 167 0.0625 
24 17 0.0625 
24 25 0.0625 
24 27 0.5 
24 42 0.015625 
24 46 0.0625 
24 172 0.5 
25 24 0.5 
25 22 0.015625 
25 17 0.5 
25 19 0.0625 
25 68 0.015625 
25 98 0.5 
25 140 0.0625 
25 155 0.5 
25 162 0.0625 
26 13 0.5 
26 33 0.5 
26 38 0.5 
26 64 0.5 
26 83 0.0625 
26 85 0.5 
26 110 0.5 
26 134 0.5 
26 192 0.0625 
27 24 0.015625 
27 17 0.0625 
28 15 0.5 
28 29 0.0625 
28 54 0.0625 
28 55 0.015625 
28 145 0.0625 
28 149 0.5 
29 28 0.5 
29 18 0.015625 
29 36 0.5 
29 91 0.015625 
29 173 0.0625 
29 197 0.5 
29 198 0.015625 
29 199 0.0625 
30 19 0.5 
30 17 0.015625 
30 45 0.5 
30 47 0.015625 
30 59 0.015625 
30 71 0.015625 
30 87 0.0625 
30 108 0.5 
30 177 0.5 
30 184 0.0625 
30 223 0.0625 
31 19 0.5 
31 17 0.0625 
31 32 0.0625 
31 58 0.015625 
31 74 0.5 
31 102 0.0625 
31 131 0.0625 
31 481 0.015625 
32 19 0.015625 
32 31 0.015625 
32 40 0.5 
32 45 0.015625 
32 47 0.0625 
32 79 0.0625 
32 111 0.0625 
32 214 0.015625 
33 20 0.015625 
33 26 0.0625 
33 83 0.015625 
33 106 0.0625 
33 130 0.5 
34 23 0.5 
34 41 0.0625 
34 61 0.5 
34 160 0.015625 
35 23 0.015625 
36 29 0.5 
36 81 0.0625 
36 116 0.5 
37 18 0.5 
37 92 0.015625 
37 201 0.015625 
38 26 0.0625 
38 62 0.015625 
38 147 0.5 
39 16 0.0625 
39 43 0.0625 
39 58 0.015625 
40 32 0.015625 
41 34 0.5 
41 61 0.5 
41 94 0.0625 
41 160 0.015625 
42 24 0.015625 
42 46 0.5 
42 161 0.5 
42 182 0.0625 
43 16 0.015625 
43 39 0.5 
43 69 0.015625 
43 176 0.5 
44 19 0.015625 
44 51 0.0625 
44 77 0.015625 
44 114 0.015625 
45 30 0.015625 
45 32 0.015625 
45 19 0.5 
45 56 0.5 
45 63 0.5 
45 94 0.5 
45 123 0.5 
45 216 0.015625 
46 42 0.5 
46 24 0.5 
47 30 0.5 
47 32 0.5 
47 53 0.0625 
47 57 0.015625 
47 108 0.015625 
47 129 0.015625 
48 30 0.0625 
48 13 0.015625 
48 77 0.015625 
48 89 0.5 
48 99 0.0625 
48 105 0.0625 
48 120 0.0625 
49 23 0.0625 
49 35 0.015625 
50 44 0.015625 
50 19 0.0625 
50 51 0.0625 
50 85 0.015625 
51 19 0.5 
51 50 0.5 
51 44 0.0625 
51 74 0.015625 
51 85 0.0625 
51 86 0.015625 
51 90 0.5 
51 114 0.5 
51 115 0.015625 
51 170 0.5 
52 13 0.5 
52 146 0.0625 
53 47 0.5 
53 106 0.5 
54 28 0.0625 
54 171 0.0625 
54 204 0.015625 
55 28 0.015625 
55 193 0.0625 
56 45 0.5 
56 60 0.5 
56 135 0.015625 
56 263 0.0625 
57 47 0.015625 
57 129 0.015625 
58 46 0.5 
58 31 0.0625 
58 43 0.015625 
58 39 0.0625 
59 30 0.015625 
59 71 0.0625 
60 56 0.5 
60 135 0.5 
61 34 0.015625 
61 41 0.5 
61 203 0.5 
62 38 0.015625 
62 175 0.5 
63 45 0.5 
64 33 0.5 
64 26 0.015625 
64 65 0.5 
64 75 0.0625 
64 206 0.0625 
65 33 0.0625 
65 64 0.0625 
65 93 0.0625 
65 137 0.5 
65 188 0.015625 
65 222 0.0625 
66 15 0.0625 
66 21 0.015625 
67 17 0.5 
67 131 0.015625 
67 152 0.0625 
68 56 0.5 
68 25 0.0625 
68 121 0.5 
68 140 0.5 
68 158 0.015625 
68 215 0.5 
69 43 0.015625 
69 81 0.015625 
69 143 0.5 
69 196 0.0625 
70 31 0.0625 
70 112 0.015625 
70 169 0.0625 
71 30 0.0625 
71 59 0.5 
72 15 0.5 
72 76 0.0625 
73 41 0.0625 
73 34 0.0625 
73 141 0.0625 
74 18 0.5 
74 17 0.5 
74 51 0.015625 
74 31 0.0625 
74 113 0.015625 
74 124 0.015625 
74 173 0.015625 
74 218 0.015625 
75 64 0.015625 
75 206 0.5 
76 15 0.5 
76 72 0.015625 
77 51 0.0625 
77 44 0.5 
77 18 0.0625 
77 19 0.0625 
77 48 0.5 
77 82 0.015625 
78 21 0.5 
78 144 0.015625 
79 32 0.015625 
79 220 0.5 
80 18 0.015625 
80 200 0.0625 
81 36 0.015625 
81 69 0.5 
81 136 0.015625 
82 18 0.015625 
82 42 0.5 
82 73 0.0625 
82 77 0.5 
82 95 0.0625 
82 261 0.0625 
82 479 0.015625 
83 26 0.015625 
83 33 0.5 
83 101 0.015625 
84 17 0.0625 
85 19 0.0625 
85 50 0.015625 
85 26 0.0625 
85 51 0.0625 
85 101 0.015625 
85 108 0.015625 
86 19 0.5 
86 51 0.0625 
87 30 0.015625 
87 177 0.5 
87 184 0.5 
88 17 0.015625 
89 48 0.5 
90 19 0.0625 
90 51 0.0625 
91 29 0.015625 
91 186 0.5 
91 198 0.0625 
92 17 0.5 
92 18 0.0625 
92 37 0.015625 
92 48 0.015625 
92 138 0.0625 
92 157 0.015625 
92 219 0.015625 
93 65 0.015625 
93 52 0.5 
93 97 0.5 
93 153 0.0625 
94 45 0.015625 
94 34 0.5 
94 41 0.015625 
94 118 0.5 
94 166 0.015625 
94 217 0.5 
95 13 0.0625 
95 35 0.015625 
95 82 0.015625 
95 23 0.5 
95 119 0.5 
95 122 0.0625 
95 185 0.0625 
96 22 0.015625 
96 13 0.0625 
96 133 0.0625 
97 93 0.015625 
98 25 0.5 
99 48 0.0625 
100 13 0.0625 
100 134 0.0625 
101 85 0.0625 
101 83 0.015625 
102 31 0.015625 
103 14 0.015625 
103 127 0.0625 
104 20 0.5 
105 99 0.0625 
105 48 0.5 
106 33 0.015625 
106 20 0.5 
106 53 0.5 
106 125 0.015625 
106 178 0.5 
106 179 0.015625 
107 72 0.0625 
107 15 0.0625 
108 13 0.5 
108 87 0.0625 
108 47 0.0625 
108 30 0.0625 
108 85 0.015625 
108 256 0.015625 
109 58 0.0625 
109 21 0.5 
109 78 0.5 
109 117 0.0625 
110 26 0.015625 
110 134 0.0625 
110 180 0.0625 
111 27 0.015625 
111 19 0.015625 
111 32 0.015625 
112 43 0.5 
112 70 0.5 
113 74 0.0625 
114 44 0.5 
114 51 0.0625 
114 50 0.0625 
114 19 0.0625 
115 51 0.5 
115 86 0.0625 
115 19 0.0625 
116 36 0.5 
117 109 0.0625 
117 183 0.015625 
118 94 0.015625 
118 155 0.0625 
118 217 0.015625 
118 223 0.5 
119 82 0.0625 
119 95 0.5 
120 48 0.015625 
120 99 0.5 
120 89 0.015625 
120 263 0.015625 
120 479 0.5 
121 68 0.0625 
121 140 0.015625 
121 158 0.015625 
121 215 0.5 
122 95 0.0625 
123 45 0.015625 
123 63 0.015625 
124 22 0.015625 
124 74 0.015625 
124 128 0.5 
124 195 0.0625 
125 106 0.5 
125 156 0.015625 
126 79 0.015625 
126 40 0.5 
126 32 0.5 
126 220 0.5 
127 103 0.0625 
128 124 0.5 
129 47 0.5 
129 57 0.0625 
129 104 0.015625 
130 33 0.015625 
131 31 0.5 
131 67 0.5 
131 17 0.015625 
131 169 0.0625 
131 187 0.0625 
131 210 0.5 
132 14 0.0625 
133 23 0.015625 
133 96 0.5 
133 238 0.015625 
134 26 0.015625 
134 52 0.0625 
134 110 0.015625 
134 100 0.5 
134 165 0.015625 
135 56 0.0625 
135 60 0.0625 
135 213 0.015625 
136 81 0.015625 
136 143 0.0625 
136 151 0.015625 
136 183 0.5 
137 65 0.5 
137 53 0.5 
137 33 0.0625 
138 29 0.0625 
138 92 0.015625 
138 139 0.5 
138 163 0.0625 
138 191 0.5 
139 138 0.5 
139 191 0.0625 
140 121 0.0625 
140 68 0.0625 
140 25 0.015625 
140 212 0.5 
141 23 0.5 
141 73 0.5 
141 202 0.0625 
142 20 0.0625 
142 104 0.015625 
143 136 0.015625 
143 21 0.5 
143 43 0.015625 
143 69 0.015625 
144 21 0.5 
144 78 0.015625 
144 213 0.0625 
145 28 0.5 
146 52 0.0625 
146 13 0.015625 
146 49 0.5 
147 26 0.0625 
147 38 0.015625 
147 154 0.015625 
148 107 0.5 
148 12 0.5 
148 61 0.015625 
149 28 0.0625 
149 55 0.0625 
150 17 0.5 
150 67 0.0625 
151 136 0.015625 
152 67 0.015625 
152 17 0.015625 
152 164 0.5 
153 93 0.5 
153 165 0.0625 
154 147 0.015625 
155 25 0.0625 
155 94 0.0625 
155 118 0.0625 
155 73 0.0625 
155 202 0.0625 
155 207 0.5 
155 216 0.5 
156 125 0.015625 
156 106 0.015625 
157 92 0.0625 
158 121 0.015625 
158 68 0.0625 
159 155 0.5 
159 202 0.5 
160 34 0.0625 
160 41 0.0625 
161 42 0.015625 
161 182 0.5 
162 25 0.0625 
163 139 0.0625 
163 138 0.015625 
163 191 0.0625 
164 152 0.5 
164 189 0.5 
164 193 0.5 
165 134 0.0625 
165 153 0.0625 
165 75 0.015625 
165 64 0.5 
165 190 0.015625 
166 94 0.015625 
167 23 0.0625 
168 12 0.5 
169 131 0.015625 
169 17 0.5 
169 70 0.5 
169 208 0.0625 
169 209 0.5 
169 221 0.0625 
170 19 0.5 
170 51 0.5 
171 54 0.5 
171 193 0.015625 
171 204 0.0625 
172 24 0.5 
173 152 0.015625 
173 74 0.0625 
173 29 0.0625 
174 15 0.015625 
175 62 0.015625 
176 43 0.015625 
176 209 0.015625 
177 87 0.015625 
177 30 0.5 
177 223 0.015625 
178 106 0.5 
178 181 0.5 
179 106 0.5 
179 194 0.5 
179 211 0.015625 
179 238 0.0625 
179 492 0.015625 
180 65 0.0625 
180 26 0.0625 
180 110 0.0625 
181 178 0.5 
182 42 0.015625 
182 161 0.0625 
183 136 0.5 
183 12 0.015625 
183 117 0.5 
183 39 0.5 
184 177 0.0625 
184 87 0.0625 
184 30 0.015625 
185 95 0.0625 
186 91 0.0625 
186 29 0.015625 
187 131 0.0625 
188 65 0.015625 
189 152 0.5 
189 164 0.5 
190 165 0.0625 
191 138 0.015625 
191 163 0.0625 
191 139 0.5 
192 110 0.0625 
192 26 0.015625 
193 171 0.0625 
193 152 0.015625 
193 164 0.015625 
193 55 0.015625 
193 221 0.5 
194 179 0.015625 
194 211 0.0625 
194 222 0.5 
195 124 0.0625 
196 69 0.015625 
197 29 0.5 
198 29 0.0625 
198 91 0.015625 
198 171 0.015625 
199 29 0.0625 
199 197 0.5 
199 91 0.015625 
200 80 0.015625 
200 18 0.015625 
200 37 0.0625 
201 200 0.015625 
201 18 0.5 
201 37 0.015625 
202 141 0.5 
202 155 0.0625 
202 159 0.015625 
203 61 0.5 
204 171 0.015625 
204 54 0.015625 
205 20 0.015625 
205 492 0.015625 
206 64 0.0625 
206 75 0.0625 
207 155 0.0625 
208 169 0.0625 
209 176 0.5 
209 169 0.015625 
210 131 0.0625 
210 223 0.5 
211 179 0.015625 
211 194 0.5 
212 25 0.0625 
212 140 0.5 
212 107 0.015625 
213 140 0.015625 
213 56 0.0625 
213 144 0.0625 
213 135 0.5 
214 32 0.015625 
214 79 0.5 
215 121 0.5 
215 158 0.015625 
215 68 0.015625 
216 45 0.015625 
216 155 0.015625 
217 118 0.0625 
217 94 0.015625 
218 74 0.5 
219 92 0.0625 
219 157 0.5 
220 32 0.5 
220 126 0.0625 
220 40 0.015625 
220 79 0.0625 
221 193 0.5 
221 169 0.0625 
222 65 0.0625 
222 194 0.5 
223 30 0.5 
223 118 0.015625 
223 210 0.0625 
223 177 0.0625 
223 224 0.5 
223 237 0.0625 
224 223 0.015625 
224 225 0.5 
224 227 0.015625 
224 234 0.015625 
224 461 0.5 
225 224 0.5 
225 226 0.5 
225 227 0.5 
225 228 0.0625 
225 234 0.0625 
226 225 0.5 
226 229 0.5 
226 230 0.015625 
227 225 0.0625 
227 224 0.0625 
228 225 0.5 
228 232 0.0625 
229 226 0.5 
230 226 0.5 
230 231 0.0625 
231 230 0.5 
231 233 0.015625 
232 228 0.0625 
232 235 0.5 
233 229 0.015625 
233 231 0.0625 
233 230 0.015625 
234 225 0.0625 
234 224 0.015625 
234 223 0.015625 
235 232 0.0625 
236 227 0.0625 
237 223 0.015625 
238 179 0.0625 
238 133 0.5 
238 75 0.015625 
238 211 0.0625 
238 239 0.0625 
238 242 0.0625 
238 492 0.0625 
239 238 0.5 
239 240 0.0625 
239 242 0.5 
239 244 0.015625 
239 249 0.0625 
239 256 0.5 
239 461 0.5 
240 239 0.0625 
240 241 0.5 
240 243 0.0625 
240 244 0.5 
240 248 0.5 
241 240 0.5 
241 243 0.0625 
242 239 0.015625 
242 238 0.015625 
243 241 0.5 
243 240 0.5 
243 245 0.0625 
243 250 0.0625 
244 239 0.015625 
244 240 0.5 
244 246 0.5 
244 247 0.015625 
244 263 0.015625 
245 243 0.015625 
246 244 0.015625 
246 247 0.015625 
247 244 0.0625 
247 246 0.0625 
247 249 0.5 
247 252 0.0625 
247 254 0.0625 
248 240 0.0625 
248 253 0.5 
248 255 0.5 
249 239 0.0625 
249 247 0.5 
250 243 0.015625 
250 251 0.0625 
251 250 0.5 
252 247 0.5 
252 239 0.0625 
253 248 0.0625 
254 247 0.5 
255 248 0.5 
256 177 0.5 
256 14 0.015625 
256 239 0.5 
256 19 0.015625 
256 108 0.5 
256 257 0.015625 
256 258 0.5 
256 259 0.5 
257 256 0.015625 
258 256 0.015625 
259 256 0.0625 
259 260 0.5 
260 259 0.5 
261 13 0.015625 
261 155 0.0625 
261 17 0.0625 
261 19 0.5 
261 82 0.015625 
261 262 0.0625 
262 261 0.015625 
263 56 0.5 
263 103 0.5 
263 120 0.0625 
263 213 0.015625 
263 244 0.5 
263 264 0.5 
263 276 0.0625 
263 308 0.5 
263 320 0.5 
263 327 0.015625 
263 340 0.015625 
263 363 0.5 
263 413 0.5 
264 263 0.5 
264 265 0.015625 
264 266 0.015625 
264 267 0.015625 
264 268 0.015625 
264 275 0.0625 
264 289 0.015625 
264 292 0.015625 
264 298 0.5 
264 316 0.015625 
264 389 0.5 
264 394 0.5 
264 422 0.0625 
265 264 0.0625 
265 266 0.0625 
265 267 0.015625 
265 270 0.015625 
265 274 0.5 
265 283 0.015625 
265 289 0.015625 
265 297 0.015625 
265 298 0.0625 
265 300 0.015625 
265 335 0.0625 
265 369 0.0625 
265 403 0.015625 
265 421 0.5 
265 437 0.5 
265 454 0.015625 
266 264 0.015625 
266 265 0.015625 
266 271 0.015625 
266 274 0.015625 
266 299 0.0625 
266 303 0.015625 
266 311 0.015625 
266 319 0.0625 
266 342 0.015625 
266 377 0.5 
267 265 0.015625 
267 264 0.015625 
267 268 0.0625 
267 269 0.0625 
267 278 0.5 
267 291 0.0625 
267 296 0.5 
267 341 0.015625 
267 345 0.5 
267 428 0.5 
267 432 0.5 
268 264 0.0625 
268 267 0.015625 
268 273 0.015625 
268 277 0.0625 
268 281 0.0625 
268 294 0.0625 
268 302 0.0625 
268 351 0.0625 
268 371 0.015625 
268 390 0.0625 
269 267 0.5 
269 434 0.5 
270 265 0.0625 
270 394 0.0625 
271 266 0.015625 
271 272 0.5 
271 274 0.0625 
271 279 0.015625 
271 290 0.0625 
271 317 0.015625 
271 323 0.5 
271 343 0.5 
272 271 0.0625 
272 301 0.5 
273 268 0.5 
273 284 0.015625 
273 349 0.015625 
274 265 0.5 
274 266 0.015625 
274 271 0.015625 
274 279 0.0625 
274 304 0.5 
274 344 0.015625 
274 421 0.015625 
275 264 0.015625 
275 306 0.0625 
275 313 0.015625 
275 364 0.5 
275 454 0.0625 
276 263 0.0625 
276 280 0.5 
276 295 0.015625 
276 308 0.5 
276 445 0.5 
276 446 0.015625 
277 268 0.5 
277 388 0.015625 
277 459 0.0625 
278 267 0.5 
278 370 0.5 
278 392 0.015625 
278 418 0.5 
279 271 0.015625 
279 274 0.5 
279 323 0.5 
279 391 0.015625 
279 452 0.0625 
280 276 0.5 
280 331 0.0625 
281 268 0.015625 
281 390 0.015625 
282 277 0.015625 
282 281 0.015625 
282 285 0.0625 
282 319 0.5 
282 322 0.5 
282 338 0.0625 
282 351 0.0625 
282 396 0.0625 
283 265 0.5 
283 286 0.5 
283 381 0.015625 
283 420 0.0625 
284 273 0.015625 
284 326 0.0625 
284 439 0.0625 
285 282 0.0625 
285 319 0.0625 
285 322 0.5 
285 396 0.0625 
286 283 0.5 
287 264 0.0625 
287 292 0.0625 
287 407 0.0625 
288 264 0.0625 
288 267 0.015625 
288 293 0.015625 
288 310 0.015625 
288 318 0.015625 
288 409 0.015625 
288 433 0.015625 
288 438 0.015625 
289 265 0.5 
289 264 0.0625 
289 267 0.015625 
289 348 0.5 
289 384 0.0625 
289 393 0.0625 
289 395 0.015625 
289 404 0.5 
290 271 0.5 
291 267 0.5 
291 443 0.015625 
292 287 0.015625 
292 264 0.015625 
293 288 0.015625 
293 310 0.015625 
293 318 0.5 
293 438 0.5 
294 268 0.0625 
294 293 0.015625 
294 286 0.0625 
294 288 0.5 
294 375 0.0625 
295 276 0.015625 
295 309 0.015625 
295 411 0.0625 
295 427 0.0625 
295 448 0.0625 
295 455 0.5 
296 267 0.0625 
296 308 0.5 
296 333 0.0625 
296 336 0.0625 
296 352 0.0625 
296 361 0.0625 
296 397 0.0625 
296 464 0.0625 
297 265 0.0625 
298 264 0.0625 
298 265 0.5 
298 359 0.015625 
299 266 0.015625 
299 312 0.015625 
299 319 0.5 
299 330 0.5 
300 270 0.0625 
300 265 0.015625 
300 297 0.5 
300 421 0.015625 
300 437 0.015625 
301 271 0.5 
301 272 0.0625 
301 307 0.0625 
301 311 0.0625 
301 337 0.0625 
301 365 0.015625 
301 436 0.5 
301 460 0.015625 
302 268 0.0625 
302 390 0.015625 
302 417 0.015625 
303 266 0.015625 
303 298 0.5 
304 274 0.5 
305 289 0.0625 
305 348 0.015625 
305 393 0.015625 
305 395 0.0625 
305 423 0.0625 
305 425 0.015625 
306 289 0.0625 
306 275 0.5 
307 301 0.015625 
308 276 0.0625 
308 294 0.015625 
308 263 0.015625 
308 296 0.0625 
308 334 0.015625 
308 378 0.0625 
308 408 0.0625 
309 295 0.0625 
309 314 0.015625 
310 288 0.0625 
310 293 0.5 
311 266 0.015625 
311 301 0.015625 
311 313 0.5 
311 355 0.0625 
311 376 0.0625 
312 299 0.0625 
313 275 0.0625 
313 311 0.015625 
313 284 0.015625 
313 365 0.015625 
313 367 0.0625 
313 381 0.5 
313 400 0.015625 
314 295 0.5 
314 309 0.5 
314 320 0.015625 
314 329 0.5 
314 331 0.0625 
314 386 0.5 
314 442 0.5 
314 464 0.0625 
315 277 0.0625 
315 402 0.5 
316 264 0.0625 
316 287 0.0625 
316 407 0.0625 
317 272 0.015625 
317 271 0.0625 
318 293 0.5 
318 310 0.0625 
318 288 0.5 
318 416 0.5 
319 282 0.015625 
319 266 0.015625 
319 299 0.5 
319 285 0.5 
319 339 0.0625 
319 342 0.0625 
319 379 0.5 
319 382 0.015625 
319 385 0.5 
319 424 0.0625 
320 263 0.015625 
320 314 0.0625 
320 321 0.015625 
320 324 0.0625 
320 328 0.015625 
320 347 0.5 
321 320 0.5 
321 409 0.5 
321 457 0.5 
322 285 0.0625 
322 282 0.5 
322 453 0.015625 
323 279 0.5 
323 271 0.015625 
323 307 0.015625 
324 320 0.015625 
324 291 0.5 
324 325 0.5 
324 350 0.015625 
324 383 0.015625 
324 387 0.015625 
325 324 0.015625 
325 350 0.0625 
326 284 0.015625 
326 439 0.0625 
326 456 0.0625 
327 263 0.015625 
328 320 0.5 
329 314 0.0625 
330 299 0.5 
330 312 0.0625 
331 281 0.5 
331 314 0.015625 
331 280 0.5 
331 374 0.5 
332 324 0.0625 
333 296 0.0625 
333 291 0.5 
333 350 0.015625 
333 366 0.0625 
333 430 0.0625 
334 308 0.015625 
334 373 0.015625 
335 267 0.015625 
335 300 0.0625 
335 318 0.5 
335 265 0.0625 
335 406 0.0625 
335 415 0.015625 
336 296 0.015625 
337 301 0.5 
337 398 0.0625 
338 282 0.0625 
338 285 0.0625 
338 322 0.5 
338 396 0.5 
338 449 0.015625 
338 453 0.5 
339 319 0.0625 
339 342 0.5 
340 263 0.015625 
341 267 0.5 
341 432 0.5 
342 319 0.0625 
342 266 0.5 
342 339 0.0625 
342 410 0.015625 
343 272 0.0625 
343 271 0.015625 
344 274 0.015625 
345 267 0.0625 
346 276 0.015625 
347 320 0.5 
347 414 0.0625 
348 289 0.015625 
348 305 0.5 
349 273 0.5 
349 353 0.5 
349 360 0.5 
349 419 0.5 
349 423 0.015625 
349 481 0.015625 
350 333 0.015625 
350 324 0.0625 
350 325 0.5 
350 356 0.5 
350 357 0.5 
350 362 0.5 
350 399 0.0625 
350 464 0.0625 
351 268 0.015625 
351 282 0.5 
351 285 0.0625 
352 336 0.0625 
352 288 0.0625 
352 296 0.015625 
353 349 0.5 
353 358 0.5 
353 360 0.015625 
353 419 0.5 
353 481 0.015625 
354 310 0.5 
354 288 0.0625 
354 293 0.015625 
355 311 0.015625 
355 417 0.015625 
356 350 0.0625 
356 413 0.5 
357 350 0.5 
357 368 0.5 
357 413 0.5 
358 353 0.015625 
358 349 0.0625 
358 360 0.015625 
359 283 0.0625 
359 298 0.0625 
360 349 0.0625 
360 358 0.0625 
360 353 0.0625 
360 376 0.0625 
360 450 0.5 
361 296 0.015625 
362 350 0.015625 
362 357 0.5 
363 263 0.5 
364 275 0.5 
365 313 0.5 
365 301 0.015625 
365 337 0.0625 
366 333 0.015625 
366 430 0.015625 
367 326 0.0625 
367 313 0.5 
368 350 0.0625 
368 357 0.0625 
368 356 0.015625 
368 399 0.015625 
369 265 0.015625 
369 300 0.5 
369 437 0.5 
370 278 0.015625 
371 268 0.0625 
371 281 0.5 
372 307 0.0625 
373 334 0.0625 
374 331 0.0625 
374 268 0.5 
375 359 0.5 
375 294 0.0625 
375 420 0.0625 
376 360 0.0625 
376 311 0.0625 
376 435 0.0625 
377 266 0.015625 
378 308 0.5 
378 357 0.5 
379 319 0.5 
379 382 0.5 
380 266 0.5 
380 377 0.5 
381 283 0.015625 
381 313 0.5 
381 444 0.0625 
382 339 0.015625 
382 319 0.0625 
382 379 0.0625 
382 385 0.015625 
383 324 0.015625 
384 289 0.5 
384 412 0.015625 
385 339 0.0625 
385 319 0.0625 
385 379 0.015625 
385 382 0.015625 
385 424 0.0625 
386 314 0.0625 
386 329 0.5 
386 442 0.0625 
387 324 0.015625 
388 277 0.0625 
389 264 0.5 
389 296 0.5 
389 423 0.0625 
390 268 0.0625 
390 302 0.0625 
390 281 0.0625 
391 279 0.5 
391 405 0.015625 
392 278 0.0625 
392 318 0.5 
392 409 0.5 
393 289 0.015625 
393 305 0.0625 
394 270 0.5 
394 264 0.0625 
394 318 0.015625 
394 429 0.0625 
394 454 0.015625 
395 289 0.0625 
395 305 0.5 
395 423 0.5 
396 282 0.0625 
396 285 0.5 
396 338 0.015625 
396 453 0.5 
397 296 0.015625 
397 336 0.0625 
398 330 0.5 
398 299 0.015625 
398 337 0.0625 
399 368 0.015625 
399 350 0.5 
399 357 0.0625 
400 365 0.0625 
400 313 0.015625 
400 381 0.5 
400 286 0.0625 
401 351 0.0625 
401 302 0.5 
401 268 0.5 
402 315 0.0625 
402 295 0.0625 
402 314 0.0625 
402 277 0.0625 
402 388 0.015625 
403 265 0.015625 
403 300 0.5 
404 393 0.015625 
404 305 0.015625 
404 289 0.015625 
405 344 0.015625 
405 391 0.0625 
406 335 0.015625 
406 415 0.5 
407 287 0.0625 
407 264 0.015625 
407 316 0.0625 
408 308 0.0625 
409 321 0.015625 
409 320 0.0625 
409 288 0.5 
409 392 0.015625 
410 342 0.015625 
411 309 0.015625 
411 295 0.0625 
411 427 0.5 
412 306 0.5 
412 289 0.015625 
412 305 0.5 
412 384 0.015625 
413 263 0.0625 
413 357 0.0625 
413 356 0.015625 
414 347 0.015625 
415 335 0.5 
415 406 0.0625 
416 318 0.0625 
417 302 0.0625 
417 355 0.0625 
417 273 0.0625 
417 281 0.0625 
418 278 0.015625 
418 370 0.5 
419 353 0.0625 
419 349 0.5 
419 358 0.0625 
420 375 0.0625 
420 283 0.5 
420 426 0.5 
421 265 0.0625 
421 274 0.0625 
421 300 0.015625 
422 264 0.0625 
422 292 0.0625 
422 407 0.015625 
423 397 0.0625 
423 395 0.015625 
423 389 0.5 
423 305 0.015625 
423 349 0.015625 
424 385 0.015625 
424 319 0.015625 
424 358 0.015625 
424 431 0.0625 
424 447 0.0625 
424 458 0.015625 
425 305 0.015625 
425 393 0.0625 
425 348 0.0625 
426 420 0.0625 
427 309 0.015625 
427 295 0.015625 
427 411 0.0625 
428 267 0.5 
429 394 0.5 
430 366 0.015625 
430 333 0.5 
431 424 0.0625 
431 299 0.0625 
431 360 0.0625 
431 440 0.5 
432 267 0.0625 
432 341 0.5 
432 428 0.5 
433 288 0.5 
433 293 0.015625 
434 269 0.015625 
435 376 0.015625 
436 275 0.5 
436 307 0.015625 
436 301 0.015625 
436 452 0.0625 
436 460 0.015625 
437 265 0.015625 
437 300 0.0625 
437 369 0.015625 
438 433 0.015625 
438 288 0.5 
438 293 0.5 
439 294 0.015625 
439 326 0.5 
439 313 0.015625 
439 359 0.5 
439 284 0.0625 
440 431 0.015625 
441 378 0.5 
442 314 0.5 
442 386 0.5 
443 291 0.5 
444 381 0.015625 
445 276 0.5 
446 276 0.5 
447 424 0.5 
448 295 0.0625 
448 309 0.015625 
449 322 0.0625 
449 338 0.0625 
449 282 0.0625 
450 360 0.015625 
451 271 0.0625 
451 343 0.5 
452 279 0.015625 
452 272 0.0625 
452 436 0.5 
452 323 0.5 
453 449 0.5 
453 282 0.5 
453 396 0.0625 
453 338 0.5 
453 322 0.0625 
454 265 0.5 
454 394 0.015625 
454 275 0.0625 
455 295 0.015625 
455 309 0.015625 
456 326 0.0625 
456 284 0.5 
457 321 0.5 
457 320 0.5 
458 424 0.5 
459 277 0.015625 
459 315 0.015625 
459 388 0.5 
460 337 0.0625 
460 436 0.015625 
460 301 0.5 
460 400 0.5 
461 11 0.5 
461 239 0.0625 
461 17 0.5 
461 224 0.0625 
461 47 0.0625 
461 462 0.015625 
461 463 0.015625 
462 461 0.5 
463 461 0.015625 
464 296 0.5 
464 263 0.0625 
464 314 0.5 
464 350 0.5 
464 171 0.015625 
464 465 0.5 
464 466 0.5 
464 476 0.0625 
465 464 0.015625 
465 467 0.5 
465 469 0.015625 
465 470 0.015625 
465 473 0.5 
466 464 0.015625 
466 476 0.5 
467 465 0.5 
467 468 0.5 
467 475 0.5 
467 478 0.5 
468 467 0.0625 
468 477 0.015625 
469 465 0.0625 
469 472 0.015625 
469 474 0.0625 
470 465 0.5 
471 469 0.0625 
471 466 0.015625 
472 469 0.015625 
473 465 0.0625 
473 474 0.015625 
474 469 0.0625 
474 473 0.015625 
475 467 0.015625 
475 478 0.015625 
476 466 0.015625 
476 464 0.5 
477 468 0.015625 
478 475 0.5 
478 467 0.015625 
479 150 0.0625 
479 419 0.0625 
479 82 0.5 
479 120 0.5 
479 18 0.015625 
479 480 0.015625 
480 479 0.5 
481 353 0.5 
481 349 0.0625 
481 31 0.5 
481 273 0.0625 
481 482 0.5 
481 483 0.015625 
481 485 0.015625 
482 481 0.015625 
482 488 0.0625 
483 481 0.015625 
484 482 0.0625 
485 481 0.5 
485 487 0.015625 
486 483 0.015625 
486 490 0.015625 
487 485 0.5 
487 489 0.0625 
487 491 0.5 
488 482 0.5 
489 487 0.5 
490 486 0.015625 
491 487 0.015625 
491 489 0.0625 
492 238 0.0625 
492 205 0.015625 
492 179 0.015625 
492 49 0.5 
492 493 0.5 
493 492 0.5 
493 494 0.5 
494 493 0.5 
494 495 0.0625 
494 496 0.015625 
494 497 0.5 
494 498 0.015625 
495 494 0.015625 
495 493 0.5 
496 494 0.0625 
497 494 0.015625 
497 496 0.5 
498 494 0.0625 
498 499 0.0625 
499 498 0.0625 
