500
0 1 0.5 
0 2 0.125 
0 3 0.25 
0 263 0.125 
1 0 0.25 
2 0 0.25 
3 0 0.25 
3 4 0.5 
3 5 0.5 
4 3 0.25 
4 5 0.125 
4 12 0.5 
5 4 0.125 
5 3 0.5 
5 6 0.5 
5 8 0.25 
5 9 0.5 
5 10 0.25 
5 12 0.5 
6 5 0.125 
6 7 0.125 
6 12 0.125 
7 6 0.25 
8 5 0.125 
8 9 0.5 
8 238 0.25 
9 5 0.125 
9 8 0.25 
9 10 0.25 
9 11 0.25 
9 263 0.125 
10 5 0.25 
10 9 0.25 
11 9 0.25 
12 6 0.125 
12 4 0.125 
12 5 0.5 
12 13 0.125 
12 14 0.25 
12 15 0.125 
12 22 0.25 
12 23 0.125 
12 28 0.5 
12 38 0.125 
12 64 0.5 
12 132 0.5 
12 192 0.125 
12 261 0.125 
13 12 0.5 
13 16 0.25 
13 18 0.25 
13 30 0.25 
13 45 0.25 
13 48 0.5 
13 49 0.125 
13 95 0.5 
13 175 0.25 
14 12 0.125 
14 31 0.5 
14 61 0.125 
14 214 0.125 
14 261 0.5 
15 12 0.5 
15 89 0.25 
15 91 0.125 
15 211 0.125 
16 13 0.5 
16 17 0.25 
16 19 0.5 
16 34 0.25 
16 57 0.25 
16 80 0.125 
16 82 0.25 
17 16 0.125 
17 41 0.125 
17 43 0.5 
17 57 0.5 
18 13 0.5 
18 21 0.5 
18 24 0.25 
18 44 0.125 
18 45 0.125 
18 65 0.5 
18 78 0.5 
19 16 0.5 
19 20 0.25 
19 25 0.5 
19 100 0.125 
20 19 0.125 
20 26 0.25 
20 27 0.125 
20 29 0.25 
20 60 0.5 
20 62 0.5 
20 134 0.5 
20 187 0.25 
20 191 0.5 
21 18 0.125 
21 51 0.25 
21 59 0.5 
22 12 0.5 
22 36 0.25 
22 85 0.125 
22 107 0.5 
22 137 0.5 
22 198 0.5 
23 12 0.25 
23 40 0.5 
23 42 0.25 
23 132 0.5 
23 184 0.5 
24 18 0.5 
24 37 0.5 
24 50 0.125 
24 55 0.5 
24 56 0.125 
24 65 0.125 
24 139 0.25 
24 168 0.125 
25 19 0.125 
25 35 0.25 
25 77 0.5 
26 24 0.5 
26 20 0.25 
26 29 0.25 
26 33 0.25 
26 54 0.5 
26 62 0.5 
26 87 0.125 
26 113 0.125 
26 140 0.25 
26 188 0.125 
26 205 0.125 
26 479 0.125 
27 20 0.5 
27 33 0.125 
27 79 0.5 
27 125 0.125 
27 138 0.5 
28 12 0.125 
28 145 0.125 
28 169 0.125 
29 20 0.5 
29 26 0.125 
29 62 0.125 
29 81 0.25 
29 98 0.5 
29 117 0.125 
29 221 0.25 
30 13 0.25 
30 41 0.125 
30 54 0.5 
30 80 0.25 
30 82 0.125 
30 94 0.125 
30 121 0.5 
30 171 0.125 
31 14 0.25 
31 32 0.125 
32 31 0.125 
32 14 0.25 
32 214 0.5 
33 26 0.25 
33 19 0.5 
33 27 0.5 
33 20 0.125 
33 39 0.5 
33 71 0.5 
33 87 0.125 
33 122 0.5 
34 16 0.25 
35 25 0.25 
35 47 0.5 
35 58 0.125 
35 73 0.5 
35 74 0.5 
35 93 0.125 
35 99 0.5 
35 148 0.5 
35 150 0.125 
35 172 0.125 
35 213 0.5 
36 22 0.25 
36 85 0.5 
36 107 0.25 
36 198 0.5 
37 24 0.25 
37 75 0.25 
37 190 0.5 
37 200 0.25 
38 12 0.25 
38 64 0.5 
39 33 0.125 
39 173 0.5 
40 23 0.25 
40 42 0.125 
41 30 0.125 
41 17 0.25 
41 49 0.25 
41 86 0.25 
41 114 0.25 
42 40 0.125 
42 23 0.25 
42 52 0.25 
42 63 0.25 
43 17 0.5 
43 83 0.5 
43 124 0.25 
44 18 0.125 
44 46 0.125 
45 18 0.125 
45 13 0.125 
46 44 0.25 
46 53 0.25 
46 66 0.25 
46 180 0.25 
47 35 0.5 
47 73 0.25 
47 113 0.125 
47 116 0.125 
47 126 0.125 
47 151 0.125 
47 170 0.5 
47 177 0.25 
47 207 0.125 
47 216 0.125 
48 13 0.25 
49 41 0.25 
49 13 0.5 
49 210 0.25 
50 24 0.5 
50 37 0.125 
50 75 0.25 
50 190 0.25 
51 22 0.25 
51 21 0.25 
51 52 0.5 
52 42 0.5 
52 51 0.5 
52 84 0.125 
53 46 0.25 
54 26 0.125 
54 30 0.125 
54 50 0.5 
55 24 0.125 
55 20 0.25 
55 78 0.25 
55 79 0.25 
55 92 0.5 
55 110 0.25 
55 202 0.5 
55 223 0.125 
56 24 0.125 
56 37 0.25 
56 190 0.25 
56 200 0.125 
57 16 0.5 
57 17 0.25 
57 101 0.125 
57 164 0.125 
58 35 0.125 
58 47 0.5 
58 69 0.125 
58 70 0.25 
58 79 0.25 
58 201 0.25 
59 21 0.25 
59 115 0.5 
59 123 0.5 
59 139 0.25 
59 155 0.5 
59 164 0.5 
60 20 0.25 
60 191 0.25 
61 14 0.5 
61 31 0.25 
61 32 0.125 
61 12 0.5 
62 26 0.125 
62 29 0.5 
62 20 0.5 
62 165 0.5 
62 217 0.5 
63 42 0.5 
64 12 0.5 
64 38 0.125 
64 89 0.25 
64 218 0.125 
65 24 0.5 
65 18 0.25 
65 174 0.25 
65 193 0.25 
65 209 0.5 
66 36 0.5 
66 46 0.5 
66 21 0.125 
66 67 0.5 
66 68 0.25 
66 96 0.5 
66 105 0.125 
66 464 0.125 
67 66 0.25 
67 68 0.125 
67 96 0.25 
67 130 0.125 
68 66 0.125 
68 67 0.5 
68 75 0.25 
68 96 0.5 
69 58 0.125 
69 76 0.25 
69 128 0.125 
69 208 0.25 
70 58 0.25 
71 33 0.5 
72 58 0.5 
72 45 0.5 
72 33 0.5 
72 118 0.5 
73 47 0.25 
73 35 0.5 
73 77 0.5 
73 112 0.125 
73 156 0.5 
73 166 0.5 
73 199 0.25 
74 35 0.125 
74 55 0.125 
75 24 0.25 
75 37 0.5 
75 50 0.25 
75 29 0.25 
75 68 0.125 
75 103 0.25 
75 104 0.25 
75 119 0.25 
75 129 0.25 
75 149 0.125 
75 163 0.5 
75 212 0.125 
75 238 0.5 
76 69 0.125 
76 108 0.25 
76 179 0.5 
77 73 0.125 
77 25 0.5 
77 88 0.125 
77 144 0.5 
78 18 0.25 
78 55 0.25 
78 109 0.25 
79 55 0.5 
79 27 0.125 
79 58 0.25 
79 113 0.25 
80 30 0.5 
80 16 0.25 
80 158 0.5 
81 29 0.25 
82 30 0.5 
82 16 0.5 
82 106 0.25 
82 157 0.5 
83 43 0.125 
83 134 0.125 
83 189 0.125 
84 52 0.25 
84 90 0.125 
84 215 0.25 
85 22 0.25 
85 36 0.125 
85 256 0.5 
86 41 0.125 
86 89 0.125 
86 160 0.25 
87 33 0.125 
87 26 0.5 
87 141 0.5 
87 174 0.5 
88 77 0.25 
88 71 0.5 
88 97 0.25 
88 133 0.5 
89 15 0.25 
89 86 0.5 
89 64 0.25 
89 145 0.125 
90 43 0.5 
90 84 0.5 
91 15 0.5 
91 12 0.5 
92 55 0.25 
93 35 0.5 
94 30 0.5 
95 13 0.25 
95 48 0.25 
95 102 0.25 
95 111 0.125 
95 159 0.5 
95 179 0.25 
95 197 0.5 
96 66 0.25 
96 67 0.125 
96 68 0.5 
96 105 0.5 
96 154 0.5 
96 222 0.125 
97 88 0.25 
97 133 0.125 
97 143 0.5 
98 29 0.5 
98 117 0.125 
98 135 0.5 
98 185 0.125 
98 221 0.5 
98 238 0.5 
99 35 0.25 
99 93 0.125 
99 148 0.5 
99 150 0.5 
99 178 0.5 
99 181 0.5 
99 213 0.5 
100 34 0.25 
100 19 0.125 
101 57 0.125 
102 95 0.25 
103 75 0.5 
104 75 0.5 
104 129 0.5 
104 139 0.5 
104 163 0.5 
105 66 0.5 
105 96 0.125 
105 68 0.25 
106 82 0.25 
106 203 0.25 
107 22 0.125 
107 36 0.25 
107 137 0.25 
108 76 0.5 
108 69 0.125 
108 128 0.5 
109 78 0.5 
110 55 0.125 
110 92 0.5 
111 95 0.5 
111 127 0.125 
112 73 0.25 
112 199 0.125 
113 79 0.25 
113 26 0.25 
113 47 0.25 
113 131 0.125 
114 41 0.5 
115 59 0.25 
115 123 0.25 
116 47 0.125 
117 29 0.5 
117 98 0.25 
117 185 0.5 
118 72 0.5 
118 19 0.5 
118 33 0.5 
118 120 0.125 
118 136 0.25 
119 75 0.25 
119 129 0.5 
119 147 0.5 
119 149 0.5 
120 118 0.5 
120 136 0.25 
121 30 0.5 
122 33 0.25 
122 204 0.25 
123 59 0.25 
123 115 0.25 
123 155 0.25 
123 164 0.25 
124 43 0.25 
125 27 0.125 
125 138 0.5 
126 47 0.125 
126 151 0.25 
126 216 0.125 
127 111 0.25 
128 69 0.25 
128 108 0.5 
128 186 0.125 
129 119 0.125 
129 75 0.25 
129 104 0.5 
130 105 0.25 
130 67 0.125 
130 66 0.5 
130 96 0.125 
130 481 0.125 
131 113 0.5 
131 73 0.5 
131 112 0.25 
131 74 0.25 
131 153 0.5 
132 12 0.25 
132 23 0.5 
132 137 0.25 
132 195 0.25 
133 88 0.5 
133 97 0.125 
134 83 0.125 
134 16 0.125 
134 20 0.125 
135 29 0.25 
135 98 0.5 
135 117 0.25 
135 185 0.25 
136 120 0.125 
136 19 0.5 
136 118 0.125 
136 219 0.25 
137 107 0.125 
137 132 0.125 
137 22 0.5 
138 27 0.25 
138 125 0.25 
138 142 0.125 
139 20 0.5 
139 59 0.5 
139 24 0.5 
139 104 0.125 
139 162 0.125 
139 176 0.5 
140 26 0.125 
140 167 0.5 
141 87 0.5 
141 174 0.25 
141 209 0.25 
142 116 0.125 
142 138 0.5 
142 27 0.25 
142 183 0.125 
143 97 0.125 
143 133 0.25 
144 77 0.125 
145 89 0.25 
145 28 0.125 
146 102 0.5 
146 95 0.125 
146 127 0.5 
146 80 0.5 
146 34 0.25 
147 119 0.125 
147 75 0.5 
147 129 0.5 
147 104 0.25 
147 223 0.125 
148 35 0.125 
148 99 0.5 
148 178 0.125 
148 461 0.5 
149 129 0.25 
149 75 0.25 
149 119 0.125 
149 163 0.25 
150 99 0.5 
150 35 0.5 
150 172 0.25 
150 181 0.125 
151 47 0.125 
151 126 0.5 
151 207 0.5 
152 26 0.125 
153 131 0.5 
153 263 0.125 
154 96 0.5 
154 67 0.25 
154 66 0.125 
154 222 0.125 
155 59 0.5 
155 123 0.5 
155 115 0.125 
156 73 0.25 
157 82 0.125 
157 106 0.25 
157 203 0.5 
158 80 0.125 
159 95 0.25 
160 86 0.5 
161 107 0.5 
161 22 0.5 
162 139 0.125 
163 75 0.5 
163 149 0.125 
163 103 0.25 
163 104 0.5 
163 212 0.25 
164 59 0.25 
164 123 0.25 
164 57 0.25 
165 62 0.25 
165 217 0.25 
166 73 0.25 
166 112 0.5 
167 26 0.5 
167 140 0.125 
168 24 0.125 
168 50 0.125 
169 28 0.25 
170 47 0.25 
171 30 0.125 
172 35 0.125 
172 150 0.25 
172 99 0.5 
172 213 0.125 
173 39 0.25 
173 122 0.25 
173 33 0.25 
173 182 0.25 
174 65 0.25 
174 141 0.25 
174 87 0.5 
175 30 0.125 
175 13 0.25 
175 119 0.5 
176 139 0.125 
177 151 0.5 
177 47 0.25 
177 126 0.125 
178 99 0.25 
178 35 0.5 
178 148 0.5 
178 150 0.25 
178 213 0.125 
179 95 0.25 
179 76 0.125 
179 146 0.5 
180 46 0.125 
181 35 0.25 
181 99 0.5 
181 150 0.125 
182 173 0.25 
183 142 0.5 
184 23 0.125 
184 40 0.5 
185 135 0.5 
185 98 0.25 
185 117 0.125 
185 29 0.25 
185 221 0.5 
186 128 0.125 
187 20 0.25 
188 26 0.25 
188 220 0.125 
189 83 0.5 
190 50 0.125 
190 37 0.125 
190 56 0.5 
191 20 0.5 
191 60 0.5 
192 12 0.5 
193 65 0.125 
193 134 0.25 
194 123 0.5 
194 66 0.5 
194 135 0.25 
194 68 0.25 
194 98 0.125 
194 206 0.5 
195 132 0.25 
196 75 0.5 
196 129 0.25 
196 147 0.5 
196 103 0.125 
197 95 0.5 
198 36 0.125 
198 22 0.25 
199 73 0.125 
199 112 0.25 
199 166 0.125 
200 56 0.25 
200 24 0.5 
200 37 0.25 
201 58 0.25 
202 55 0.25 
202 92 0.5 
203 157 0.125 
203 82 0.5 
203 106 0.125 
203 492 0.125 
204 122 0.125 
205 26 0.5 
205 167 0.25 
206 28 0.125 
206 36 0.125 
206 194 0.125 
206 22 0.5 
207 151 0.125 
207 126 0.5 
207 47 0.25 
208 69 0.125 
209 65 0.125 
209 141 0.25 
210 49 0.5 
211 15 0.125 
212 75 0.5 
212 163 0.25 
213 178 0.5 
213 99 0.125 
213 150 0.5 
213 35 0.5 
213 172 0.5 
214 14 0.5 
214 32 0.5 
214 31 0.25 
215 84 0.125 
216 207 0.25 
216 47 0.5 
216 126 0.125 
217 165 0.125 
217 62 0.25 
218 64 0.5 
219 136 0.25 
219 50 0.125 
220 188 0.5 
221 185 0.5 
221 29 0.125 
221 98 0.25 
221 117 0.5 
221 135 0.125 
222 105 0.5 
222 154 0.25 
222 67 0.25 
222 130 0.25 
222 96 0.125 
223 117 0.5 
223 55 0.125 
223 147 0.5 
223 26 0.125 
223 224 0.25 
223 225 0.25 
223 227 0.25 
223 228 0.125 
223 231 0.125 
223 235 0.5 
224 223 0.5 
225 223 0.125 
225 226 0.125 
225 228 0.125 
225 230 0.125 
226 225 0.125 
226 230 0.5 
226 232 0.5 
226 236 0.125 
227 223 0.125 
228 223 0.5 
228 225 0.25 
228 229 0.25 
228 234 0.5 
228 492 0.25 
229 228 0.5 
229 234 0.25 
230 225 0.5 
230 226 0.125 
230 233 0.25 
231 223 0.5 
231 237 0.125 
232 226 0.125 
232 236 0.5 
233 230 0.125 
233 232 0.25 
234 229 0.125 
234 228 0.125 
235 223 0.25 
236 232 0.25 
236 226 0.5 
237 231 0.125 
238 157 0.25 
238 98 0.5 
238 235 0.125 
238 8 0.25 
238 75 0.125 
238 239 0.25 
238 245 0.5 
238 250 0.5 
239 238 0.25 
239 240 0.5 
239 241 0.125 
239 464 0.5 
240 239 0.25 
240 242 0.25 
240 244 0.125 
240 247 0.5 
240 249 0.125 
240 251 0.25 
240 252 0.25 
240 254 0.125 
240 255 0.125 
241 239 0.125 
241 240 0.125 
242 240 0.25 
242 243 0.5 
242 251 0.5 
242 253 0.125 
243 242 0.5 
243 238 0.25 
244 240 0.5 
244 239 0.5 
244 246 0.5 
244 248 0.5 
245 238 0.125 
246 244 0.5 
247 240 0.125 
247 249 0.125 
247 255 0.125 
248 244 0.5 
249 240 0.125 
249 247 0.5 
250 245 0.25 
250 238 0.25 
251 240 0.125 
251 242 0.125 
252 240 0.5 
252 255 0.25 
253 242 0.5 
254 240 0.5 
255 252 0.25 
255 240 0.5 
255 247 0.25 
256 85 0.5 
256 57 0.5 
256 4 0.125 
256 3 0.25 
256 36 0.25 
256 257 0.5 
256 259 0.5 
257 256 0.25 
257 258 0.125 
258 257 0.5 
259 256 0.125 
259 260 0.25 
260 259 0.125 
261 14 0.25 
261 31 0.5 
261 12 0.5 
261 262 0.5 
262 261 0.25 
263 0 0.5 
263 223 0.5 
263 153 0.25 
263 9 0.5 
263 24 0.125 
263 264 0.125 
263 265 0.5 
263 266 0.25 
263 270 0.125 
263 277 0.5 
263 280 0.125 
263 290 0.25 
263 300 0.125 
263 308 0.25 
263 311 0.125 
263 339 0.5 
263 365 0.25 
263 404 0.125 
263 431 0.5 
264 263 0.5 
264 266 0.5 
264 268 0.25 
264 295 0.25 
264 306 0.5 
264 378 0.5 
264 425 0.25 
265 263 0.25 
265 267 0.125 
265 272 0.25 
265 280 0.125 
265 301 0.25 
265 310 0.125 
265 314 0.5 
266 263 0.25 
266 265 0.125 
266 264 0.125 
266 269 0.125 
266 275 0.25 
266 281 0.5 
266 282 0.5 
266 287 0.125 
266 296 0.125 
266 326 0.25 
266 349 0.125 
266 371 0.25 
266 402 0.125 
266 449 0.125 
266 455 0.125 
266 457 0.125 
267 263 0.125 
267 265 0.25 
267 274 0.25 
267 373 0.125 
268 264 0.25 
268 295 0.125 
269 266 0.5 
269 273 0.125 
269 282 0.5 
269 307 0.5 
269 346 0.125 
269 371 0.25 
270 263 0.125 
270 271 0.25 
270 279 0.5 
270 285 0.5 
270 286 0.125 
270 291 0.125 
270 362 0.5 
270 419 0.25 
270 446 0.125 
271 270 0.5 
271 272 0.5 
271 293 0.5 
271 320 0.25 
271 324 0.25 
271 341 0.25 
271 427 0.125 
272 265 0.5 
272 271 0.125 
272 283 0.25 
272 343 0.125 
273 269 0.5 
273 299 0.125 
273 327 0.5 
273 330 0.25 
273 338 0.25 
273 340 0.125 
273 389 0.25 
274 267 0.5 
274 270 0.25 
274 284 0.5 
274 311 0.25 
274 328 0.5 
275 266 0.125 
275 276 0.125 
275 278 0.25 
275 296 0.25 
275 302 0.25 
275 361 0.125 
275 386 0.5 
275 387 0.25 
275 408 0.25 
276 275 0.25 
276 278 0.25 
276 361 0.125 
276 386 0.5 
276 387 0.5 
276 408 0.125 
276 423 0.5 
277 266 0.25 
277 263 0.25 
277 282 0.5 
277 300 0.25 
277 380 0.125 
278 275 0.5 
278 276 0.125 
278 298 0.5 
278 305 0.5 
278 348 0.125 
278 397 0.5 
279 270 0.25 
279 419 0.5 
280 263 0.125 
280 265 0.5 
280 288 0.25 
280 337 0.125 
280 350 0.5 
280 355 0.5 
280 388 0.125 
280 407 0.125 
280 454 0.125 
281 269 0.5 
281 278 0.25 
281 266 0.125 
281 275 0.25 
281 319 0.5 
281 390 0.5 
282 277 0.25 
282 269 0.5 
282 266 0.125 
282 297 0.5 
283 272 0.5 
283 303 0.25 
283 334 0.25 
283 363 0.5 
283 373 0.125 
284 274 0.125 
285 270 0.25 
285 286 0.25 
285 291 0.125 
285 303 0.25 
285 316 0.5 
285 322 0.5 
285 335 0.25 
285 384 0.25 
285 385 0.5 
285 400 0.125 
285 440 0.125 
286 285 0.125 
286 283 0.5 
286 270 0.5 
286 329 0.125 
286 418 0.25 
287 266 0.125 
287 289 0.125 
287 304 0.25 
287 354 0.125 
287 402 0.125 
288 280 0.25 
288 292 0.25 
288 337 0.125 
288 350 0.5 
288 353 0.5 
288 454 0.25 
289 274 0.25 
289 287 0.5 
289 270 0.5 
289 263 0.5 
289 317 0.25 
289 359 0.5 
289 403 0.25 
289 413 0.5 
290 263 0.25 
291 270 0.5 
291 285 0.5 
291 313 0.25 
291 317 0.125 
291 321 0.125 
291 336 0.25 
291 381 0.5 
291 422 0.5 
292 288 0.5 
292 280 0.125 
292 294 0.5 
292 301 0.125 
292 307 0.25 
292 367 0.5 
292 406 0.25 
292 449 0.125 
293 271 0.25 
293 341 0.25 
293 418 0.5 
294 292 0.25 
294 406 0.125 
295 264 0.125 
295 268 0.5 
295 378 0.25 
295 425 0.25 
296 266 0.5 
296 275 0.125 
296 386 0.25 
296 415 0.5 
297 282 0.5 
298 278 0.125 
298 305 0.125 
298 338 0.125 
299 273 0.125 
299 282 0.125 
299 309 0.125 
299 327 0.125 
299 366 0.25 
300 263 0.5 
300 277 0.125 
300 292 0.125 
300 308 0.5 
300 315 0.5 
301 265 0.25 
301 292 0.5 
301 325 0.125 
301 363 0.5 
301 398 0.5 
301 399 0.25 
301 492 0.25 
302 275 0.25 
302 396 0.5 
303 285 0.5 
303 283 0.5 
303 272 0.5 
303 413 0.125 
304 287 0.5 
304 289 0.125 
304 386 0.25 
304 447 0.5 
305 278 0.25 
305 298 0.125 
306 264 0.125 
306 295 0.5 
306 312 0.5 
306 363 0.5 
306 378 0.125 
307 269 0.125 
307 292 0.5 
307 282 0.125 
307 340 0.5 
307 344 0.25 
307 364 0.25 
307 367 0.5 
307 379 0.25 
307 392 0.5 
308 263 0.125 
308 290 0.5 
308 300 0.125 
308 372 0.5 
309 299 0.5 
309 323 0.5 
309 332 0.25 
309 345 0.25 
309 424 0.25 
309 426 0.125 
310 265 0.25 
310 314 0.5 
310 438 0.5 
311 263 0.125 
311 274 0.25 
311 377 0.125 
311 425 0.25 
312 306 0.25 
312 358 0.5 
312 378 0.25 
313 291 0.25 
313 321 0.5 
313 336 0.5 
313 422 0.25 
313 445 0.25 
314 265 0.25 
314 310 0.125 
314 301 0.5 
314 443 0.5 
315 300 0.125 
316 285 0.25 
317 289 0.25 
317 291 0.125 
317 318 0.5 
317 333 0.125 
317 342 0.25 
317 347 0.125 
317 394 0.125 
317 412 0.25 
318 317 0.25 
318 442 0.25 
319 281 0.25 
319 390 0.25 
319 397 0.125 
320 271 0.125 
321 291 0.25 
321 313 0.125 
321 381 0.125 
322 285 0.5 
323 309 0.5 
323 351 0.125 
323 356 0.25 
323 452 0.25 
324 271 0.25 
324 341 0.125 
325 301 0.125 
326 266 0.5 
326 457 0.5 
327 299 0.5 
327 273 0.25 
327 269 0.5 
327 371 0.5 
328 289 0.125 
328 274 0.25 
328 263 0.5 
328 459 0.5 
329 286 0.25 
330 327 0.25 
330 273 0.5 
330 356 0.125 
330 368 0.25 
330 375 0.25 
330 389 0.5 
331 269 0.125 
332 309 0.25 
333 317 0.25 
333 342 0.5 
333 347 0.125 
333 394 0.125 
334 283 0.125 
335 285 0.125 
335 384 0.125 
336 291 0.125 
336 313 0.25 
336 357 0.5 
336 421 0.125 
336 430 0.5 
337 280 0.5 
337 288 0.25 
337 314 0.125 
337 338 0.125 
337 364 0.5 
337 370 0.25 
338 273 0.125 
338 337 0.125 
338 307 0.25 
338 298 0.25 
338 432 0.5 
339 263 0.125 
339 431 0.25 
340 273 0.5 
340 307 0.5 
340 364 0.5 
341 293 0.25 
341 324 0.125 
341 271 0.25 
342 317 0.125 
342 333 0.25 
342 347 0.5 
342 394 0.125 
343 272 0.125 
344 307 0.125 
345 309 0.125 
345 352 0.125 
345 374 0.5 
345 414 0.125 
345 444 0.25 
346 269 0.5 
347 317 0.5 
347 333 0.5 
347 342 0.5 
348 278 0.125 
348 305 0.25 
348 298 0.25 
349 266 0.125 
349 455 0.125 
349 457 0.125 
350 280 0.125 
350 288 0.25 
350 382 0.5 
350 407 0.125 
350 454 0.5 
351 323 0.5 
352 345 0.125 
352 374 0.25 
352 444 0.125 
353 288 0.5 
353 280 0.25 
353 355 0.125 
353 365 0.5 
353 407 0.5 
353 454 0.25 
354 287 0.25 
355 280 0.125 
355 353 0.5 
355 379 0.5 
356 330 0.25 
356 323 0.5 
356 376 0.125 
356 414 0.25 
357 336 0.5 
357 421 0.25 
357 430 0.25 
358 312 0.25 
358 306 0.25 
358 295 0.5 
358 451 0.25 
359 289 0.125 
359 302 0.5 
359 360 0.125 
360 359 0.25 
360 302 0.5 
360 442 0.5 
361 276 0.5 
361 275 0.5 
361 387 0.5 
361 393 0.125 
362 270 0.25 
363 283 0.25 
363 301 0.125 
363 306 0.5 
364 337 0.5 
364 340 0.125 
364 307 0.5 
364 439 0.25 
365 353 0.25 
365 280 0.125 
365 263 0.125 
365 435 0.125 
366 299 0.25 
367 307 0.25 
367 337 0.5 
367 292 0.5 
367 383 0.25 
367 395 0.125 
367 436 0.5 
367 460 0.5 
368 330 0.25 
369 299 0.5 
369 296 0.25 
369 351 0.5 
369 401 0.125 
370 337 0.5 
371 266 0.125 
371 269 0.25 
371 327 0.25 
371 433 0.125 
372 308 0.5 
372 267 0.25 
372 265 0.25 
372 264 0.5 
373 267 0.5 
373 283 0.5 
374 345 0.25 
374 352 0.25 
374 414 0.25 
375 330 0.25 
375 356 0.5 
376 356 0.125 
376 351 0.125 
377 311 0.5 
378 295 0.125 
378 264 0.125 
378 306 0.5 
378 312 0.125 
378 455 0.5 
379 355 0.25 
379 307 0.5 
379 292 0.25 
380 277 0.5 
380 365 0.5 
380 450 0.125 
381 321 0.5 
381 291 0.125 
381 428 0.5 
381 445 0.125 
382 350 0.25 
382 288 0.25 
383 367 0.125 
383 395 0.5 
383 405 0.5 
383 460 0.25 
384 316 0.5 
384 285 0.5 
384 335 0.25 
384 385 0.5 
384 400 0.125 
384 440 0.125 
385 285 0.5 
385 384 0.25 
385 400 0.125 
385 413 0.25 
386 296 0.25 
386 275 0.25 
386 276 0.25 
386 304 0.125 
386 411 0.125 
387 275 0.25 
387 361 0.125 
387 276 0.5 
387 393 0.125 
387 423 0.5 
388 353 0.125 
388 280 0.25 
388 382 0.5 
389 273 0.25 
389 330 0.125 
390 281 0.125 
390 319 0.25 
390 397 0.125 
391 301 0.5 
391 334 0.25 
391 283 0.25 
391 409 0.5 
391 410 0.25 
391 429 0.5 
392 307 0.125 
393 275 0.25 
393 361 0.5 
393 276 0.5 
393 387 0.125 
394 333 0.25 
394 317 0.25 
394 342 0.5 
394 412 0.25 
395 367 0.125 
395 383 0.125 
395 436 0.125 
396 302 0.125 
397 390 0.125 
397 278 0.25 
397 319 0.5 
397 417 0.25 
398 301 0.125 
398 399 0.25 
399 301 0.125 
399 398 0.25 
400 285 0.25 
400 384 0.25 
400 385 0.125 
401 377 0.5 
401 369 0.25 
402 397 0.25 
402 287 0.25 
402 266 0.125 
402 396 0.25 
403 289 0.25 
404 263 0.5 
405 383 0.125 
405 395 0.25 
405 367 0.5 
406 292 0.5 
406 294 0.25 
406 449 0.25 
407 280 0.25 
407 350 0.125 
407 353 0.5 
408 275 0.25 
408 276 0.25 
408 453 0.5 
409 391 0.5 
409 410 0.5 
409 429 0.5 
410 409 0.125 
410 391 0.25 
410 416 0.5 
410 429 0.125 
411 386 0.5 
411 349 0.5 
411 326 0.25 
411 420 0.5 
412 317 0.125 
412 342 0.5 
412 394 0.5 
413 311 0.25 
413 385 0.125 
413 328 0.5 
413 289 0.125 
413 303 0.125 
413 458 0.5 
414 356 0.125 
414 389 0.125 
414 345 0.25 
414 374 0.25 
414 330 0.125 
415 296 0.5 
415 433 0.125 
416 391 0.25 
416 409 0.125 
416 410 0.5 
416 479 0.125 
417 397 0.5 
418 286 0.125 
418 293 0.25 
418 441 0.25 
419 279 0.25 
419 270 0.5 
420 411 0.5 
421 336 0.125 
421 357 0.25 
422 313 0.25 
422 291 0.5 
422 321 0.5 
423 275 0.125 
423 387 0.125 
423 276 0.25 
424 309 0.25 
424 414 0.25 
424 330 0.5 
424 448 0.25 
425 268 0.5 
425 311 0.5 
425 295 0.5 
425 264 0.125 
426 309 0.125 
427 271 0.5 
428 422 0.125 
428 313 0.25 
428 291 0.25 
428 381 0.25 
429 410 0.25 
429 391 0.5 
429 409 0.25 
430 336 0.125 
430 357 0.25 
431 263 0.25 
431 339 0.125 
432 338 0.5 
433 371 0.25 
433 420 0.5 
433 411 0.5 
433 415 0.5 
433 296 0.5 
434 307 0.25 
435 365 0.5 
436 367 0.25 
436 395 0.5 
437 270 0.5 
437 339 0.125 
437 263 0.5 
438 265 0.25 
438 310 0.5 
439 364 0.125 
440 384 0.5 
440 285 0.5 
441 418 0.5 
442 360 0.25 
442 318 0.25 
443 314 0.125 
444 352 0.5 
444 340 0.5 
444 374 0.25 
444 345 0.5 
445 313 0.25 
445 381 0.25 
445 321 0.25 
446 419 0.25 
446 270 0.25 
447 304 0.5 
448 424 0.5 
449 349 0.125 
449 406 0.5 
449 292 0.125 
449 266 0.5 
450 380 0.125 
451 358 0.125 
452 351 0.5 
452 323 0.5 
453 423 0.125 
453 276 0.5 
453 408 0.125 
454 288 0.25 
454 350 0.25 
454 353 0.5 
454 280 0.125 
455 349 0.25 
455 378 0.125 
455 266 0.25 
456 402 0.25 
457 266 0.25 
457 326 0.125 
457 349 0.5 
458 413 0.25 
459 328 0.125 
460 405 0.125 
460 395 0.25 
460 367 0.25 
460 383 0.25 
461 272 0.25 
461 324 0.125 
461 223 0.125 
461 285 0.5 
461 148 0.5 
461 462 0.5 
462 461 0.5 
462 463 0.125 
463 462 0.25 
464 66 0.5 
464 24 0.25 
464 50 0.25 
464 137 0.125 
464 239 0.25 
464 465 0.25 
464 470 0.125 
464 471 0.25 
464 475 0.125 
465 464 0.25 
465 466 0.125 
465 467 0.25 
465 476 0.5 
466 465 0.5 
466 468 0.125 
466 469 0.5 
466 473 0.5 
467 465 0.25 
468 466 0.125 
469 466 0.125 
469 474 0.5 
470 464 0.125 
470 478 0.125 
471 464 0.125 
471 470 0.125 
471 472 0.125 
472 471 0.5 
473 466 0.25 
474 469 0.25 
474 477 0.125 
475 464 0.5 
476 465 0.125 
477 474 0.5 
478 470 0.5 
479 301 0.125 
479 228 0.25 
479 416 0.25 
479 26 0.25 
479 280 0.5 
479 480 0.25 
480 479 0.25 
481 379 0.5 
481 263 0.125 
481 130 0.125 
481 280 0.125 
481 66 0.125 
481 482 0.25 
481 483 0.25 
481 484 0.25 
481 485 0.125 
481 487 0.5 
481 488 0.25 
482 481 0.25 
482 485 0.5 
482 486 0.125 
482 489 0.125 
483 481 0.25 
484 481 0.5 
484 487 0.25 
485 482 0.125 
485 481 0.5 
485 483 0.125 
485 489 0.25 
485 491 0.5 
486 481 0.25 
486 482 0.5 
487 484 0.25 
487 481 0.25 
487 490 0.25 
488 481 0.25 
489 481 0.125 
489 482 0.5 
489 485 0.125 
490 487 0.25 
491 485 0.5 
492 301 0.125 
492 228 0.125 
492 203 0.25 
492 185 0.125 
492 494 0.125 
492 496 0.25 
492 497 0.5 
492 498 0.125 
493 492 0.25 
494 492 0.5 
494 495 0.125 
495 494 0.125 
496 492 0.25 
497 492 0.5 
497 498 0.125 
497 499 0.25 
498 492 0.5 
498 493 0.5 
498 497 0.125 
499 497 0.125 
499 495 0.5 
