500
0 1 0.3333333333333333
0 2 0.3333333333333333
1 0 0.5
1 3 1.0
2 0 0.5
2 4 1.0
2 5 0.2
3 1 0.3333333333333333
4 2 0.3333333333333333
5 2 0.3333333333333333
5 1 0.3333333333333333
5 6 0.2
5 7 1.0
5 10 0.5
6 5 0.2
6 8 0.5
6 9 0.25
6 11 0.5
6 12 0.07692307692307693
7 5 0.2
8 6 0.2
8 9 0.25
9 6 0.2
9 8 0.5
9 10 0.5
10 9 0.25
10 5 0.2
11 6 0.2
12 11 0.5
12 5 0.2
12 9 0.25
12 6 0.2
12 13 0.058823529411764705
12 14 0.07692307692307693
12 19 0.14285714285714285
12 43 0.16666666666666666
12 69 0.5
12 154 0.5
12 168 0.5
12 192 0.3333333333333333
12 238 0.125
13 12 0.07692307692307693
13 17 0.058823529411764705
13 18 0.07692307692307693
13 24 0.1111111111111111
13 33 0.1111111111111111
13 39 0.1
13 55 0.2
13 63 0.5
13 68 0.5
13 75 0.5
13 102 0.3333333333333333
13 104 0.1111111111111111
13 124 1.0
13 158 1.0
14 12 0.07692307692307693
14 15 0.09090909090909091
14 20 0.16666666666666666
14 27 0.2
14 30 0.16666666666666666
14 31 0.5
14 37 0.125
14 201 1.0
15 14 0.07692307692307693
15 16 0.25
15 22 0.2
15 27 0.2
15 31 0.5
15 37 0.125
15 143 0.25
15 147 0.5
16 14 0.07692307692307693
16 15 0.09090909090909091
16 46 0.5
16 106 0.5
16 176 0.3333333333333333
17 13 0.058823529411764705
17 18 0.07692307692307693
17 21 0.1
17 26 0.2
17 33 0.1111111111111111
17 59 0.14285714285714285
17 73 1.0
17 79 0.2
17 125 0.3333333333333333
17 134 0.25
17 141 0.3333333333333333
17 171 0.5
17 197 1.0
17 199 0.5
18 13 0.058823529411764705
18 17 0.058823529411764705
18 23 0.14285714285714285
18 45 0.125
18 56 0.3333333333333333
18 94 1.0
18 96 0.5
18 117 0.3333333333333333
18 122 0.25
18 135 0.3333333333333333
18 185 0.5
18 256 0.25
19 12 0.07692307692307693
19 38 0.125
19 155 1.0
19 162 0.5
20 14 0.07692307692307693
20 15 0.09090909090909091
20 65 0.3333333333333333
20 151 0.5
20 198 0.3333333333333333
21 13 0.058823529411764705
21 17 0.058823529411764705
21 24 0.1111111111111111
21 29 0.2
21 34 0.125
21 55 0.2
21 95 0.2
21 97 0.16666666666666666
21 103 0.5
21 112 0.2
21 136 1.0
22 15 0.09090909090909091
22 14 0.07692307692307693
22 26 0.2
22 28 0.3333333333333333
22 30 0.16666666666666666
22 90 0.3333333333333333
23 18 0.07692307692307693
23 77 0.14285714285714285
23 156 0.3333333333333333
23 464 0.25
24 13 0.058823529411764705
24 21 0.1
24 40 0.125
24 42 0.3333333333333333
24 170 0.5
24 172 0.5
25 20 0.16666666666666666
25 41 0.25
25 101 0.16666666666666666
25 163 0.16666666666666666
25 183 0.25
26 17 0.058823529411764705
26 22 0.2
27 15 0.09090909090909091
27 14 0.07692307692307693
27 36 0.1111111111111111
27 61 0.14285714285714285
27 159 1.0
28 22 0.2
28 40 0.125
29 21 0.1
29 32 0.16666666666666666
30 14 0.07692307692307693
30 22 0.2
30 40 0.125
30 49 0.5
30 118 0.5
30 150 1.0
31 14 0.07692307692307693
31 15 0.09090909090909091
32 29 0.2
32 34 0.125
32 54 1.0
32 78 1.0
32 112 0.2
33 17 0.058823529411764705
33 19 0.14285714285714285
33 13 0.058823529411764705
33 35 0.1
33 43 0.16666666666666666
33 47 0.14285714285714285
33 165 0.25
33 196 0.5
33 218 1.0
33 223 0.14285714285714285
34 21 0.1
34 24 0.1111111111111111
34 32 0.16666666666666666
34 29 0.2
34 37 0.125
34 67 0.5
34 71 0.5
34 85 0.125
34 143 0.25
35 33 0.1111111111111111
35 51 0.25
35 72 0.3333333333333333
35 80 0.2
35 97 0.16666666666666666
35 116 0.25
35 129 0.5
35 181 0.5
35 206 0.5
36 27 0.2
36 20 0.16666666666666666
36 48 0.2
36 61 0.14285714285714285
36 123 0.3333333333333333
36 163 0.16666666666666666
36 167 0.5
36 221 0.3333333333333333
37 34 0.125
37 14 0.07692307692307693
37 15 0.09090909090909091
37 35 0.1
37 76 0.5
37 85 0.125
37 184 0.3333333333333333
37 214 1.0
37 238 0.125
38 19 0.14285714285714285
38 44 0.1111111111111111
38 47 0.14285714285714285
38 58 0.3333333333333333
38 77 0.14285714285714285
38 120 0.5
38 121 0.5
38 187 0.25
39 13 0.058823529411764705
39 17 0.058823529411764705
39 52 0.1
39 84 0.125
39 138 0.3333333333333333
39 153 1.0
39 164 0.3333333333333333
39 169 1.0
39 191 0.3333333333333333
39 216 0.3333333333333333
40 30 0.16666666666666666
40 15 0.09090909090909091
40 28 0.3333333333333333
40 24 0.1111111111111111
40 95 0.2
40 115 0.3333333333333333
40 160 0.3333333333333333
40 195 1.0
40 210 1.0
41 25 0.2
41 111 0.25
41 183 0.25
42 24 0.1111111111111111
42 172 0.5
43 12 0.07692307692307693
43 33 0.1111111111111111
43 83 0.5
43 131 0.5
43 154 0.5
44 18 0.07692307692307693
44 23 0.14285714285714285
44 38 0.125
44 53 0.125
44 60 0.25
44 87 0.2
44 100 0.3333333333333333
44 149 1.0
44 175 0.3333333333333333
44 194 1.0
45 18 0.07692307692307693
45 56 0.3333333333333333
45 93 1.0
45 98 0.5
45 108 0.3333333333333333
45 117 0.3333333333333333
45 220 0.5
46 16 0.25
46 157 1.0
47 33 0.1111111111111111
47 38 0.125
47 77 0.14285714285714285
47 146 0.5
47 202 1.0
48 36 0.1111111111111111
48 70 0.25
48 163 0.16666666666666666
48 221 0.3333333333333333
49 30 0.16666666666666666
50 24 0.1111111111111111
50 13 0.058823529411764705
50 42 0.3333333333333333
50 85 0.125
50 107 0.25
50 132 0.5
50 142 0.3333333333333333
51 35 0.1
51 89 0.5
51 90 0.3333333333333333
52 39 0.1
52 77 0.14285714285714285
52 84 0.125
52 138 0.3333333333333333
52 191 0.3333333333333333
52 216 0.3333333333333333
53 44 0.1111111111111111
53 57 0.25
53 60 0.25
53 66 0.3333333333333333
53 81 0.25
53 82 0.5
53 100 0.3333333333333333
53 109 1.0
54 32 0.16666666666666666
54 29 0.2
55 21 0.1
55 17 0.058823529411764705
55 13 0.058823529411764705
55 88 0.5
55 212 1.0
56 44 0.1111111111111111
56 45 0.125
56 18 0.07692307692307693
56 209 1.0
57 53 0.125
57 127 0.25
58 38 0.125
58 120 0.5
58 187 0.25
59 17 0.058823529411764705
59 62 0.2
59 74 0.5
59 88 0.5
59 126 0.25
59 189 0.5
60 53 0.125
60 44 0.1111111111111111
60 204 1.0
61 27 0.2
61 36 0.1111111111111111
61 14 0.07692307692307693
61 86 0.3333333333333333
61 148 0.3333333333333333
61 152 0.5
61 217 0.5
62 59 0.14285714285714285
62 64 0.5
62 81 0.25
62 211 0.3333333333333333
62 219 1.0
63 13 0.058823529411764705
63 68 0.5
64 62 0.2
65 20 0.16666666666666666
65 198 0.3333333333333333
66 53 0.125
67 34 0.125
68 63 0.5
68 13 0.058823529411764705
69 12 0.07692307692307693
69 192 0.3333333333333333
70 48 0.2
70 36 0.1111111111111111
70 123 0.3333333333333333
70 167 0.5
70 221 0.3333333333333333
71 34 0.125
71 67 0.5
71 41 0.25
71 133 1.0
72 35 0.1
73 17 0.058823529411764705
74 59 0.14285714285714285
74 126 0.25
75 13 0.058823529411764705
75 104 0.1111111111111111
76 61 0.14285714285714285
76 37 0.125
76 184 0.3333333333333333
77 52 0.1
77 23 0.14285714285714285
77 47 0.14285714285714285
77 19 0.14285714285714285
77 38 0.125
77 127 0.25
77 190 1.0
78 32 0.16666666666666666
78 29 0.2
79 17 0.058823529411764705
79 134 0.25
79 141 0.3333333333333333
79 199 0.5
80 35 0.1
80 72 0.3333333333333333
80 116 0.25
80 181 0.5
80 206 0.5
81 66 0.3333333333333333
81 62 0.2
81 53 0.125
81 130 1.0
81 161 0.5
82 53 0.125
82 45 0.125
83 43 0.16666666666666666
83 127 0.25
84 52 0.1
84 39 0.1
84 164 0.3333333333333333
84 216 0.3333333333333333
85 50 0.2
85 37 0.125
85 34 0.125
85 99 0.3333333333333333
85 112 0.2
85 131 0.5
85 179 0.3333333333333333
86 61 0.14285714285714285
86 99 0.3333333333333333
87 44 0.1111111111111111
87 128 0.5
87 137 0.5
87 144 0.5
88 59 0.14285714285714285
88 55 0.2
89 51 0.25
89 47 0.14285714285714285
90 22 0.2
90 51 0.25
90 28 0.3333333333333333
90 193 1.0
91 85 0.125
91 86 0.3333333333333333
91 177 1.0
91 215 1.0
92 12 0.07692307692307693
92 26 0.2
92 19 0.14285714285714285
93 45 0.125
94 18 0.07692307692307693
95 21 0.1
95 17 0.058823529411764705
95 40 0.125
95 178 0.5
95 186 0.3333333333333333
95 208 1.0
96 18 0.07692307692307693
96 135 0.3333333333333333
97 32 0.16666666666666666
97 21 0.1
97 35 0.1
97 116 0.25
97 129 0.5
98 45 0.125
98 108 0.3333333333333333
99 85 0.125
99 86 0.3333333333333333
99 114 1.0
100 53 0.125
100 57 0.25
100 44 0.1111111111111111
100 113 0.5
101 25 0.2
101 111 0.25
101 143 0.25
101 179 0.3333333333333333
101 183 0.25
102 55 0.2
102 13 0.058823529411764705
102 77 0.14285714285714285
102 47 0.14285714285714285
102 105 1.0
103 21 0.1
104 13 0.058823529411764705
104 75 0.5
104 110 0.2
104 119 0.25
104 140 0.25
104 203 0.25
104 207 0.3333333333333333
105 102 0.3333333333333333
105 97 0.16666666666666666
106 16 0.25
106 176 0.3333333333333333
107 50 0.2
107 139 0.3333333333333333
108 45 0.125
108 98 0.5
108 220 0.5
109 53 0.125
109 66 0.3333333333333333
110 104 0.1111111111111111
110 481 0.14285714285714285
111 25 0.2
111 41 0.25
111 101 0.16666666666666666
111 163 0.16666666666666666
111 183 0.25
112 21 0.1
112 34 0.125
112 32 0.16666666666666666
112 85 0.125
112 139 0.3333333333333333
112 145 1.0
113 100 0.3333333333333333
113 162 0.5
114 99 0.3333333333333333
114 12 0.07692307692307693
115 40 0.125
115 160 0.3333333333333333
116 97 0.16666666666666666
116 35 0.1
116 80 0.2
116 165 0.25
117 18 0.07692307692307693
117 23 0.14285714285714285
117 45 0.125
117 156 0.3333333333333333
118 30 0.16666666666666666
118 49 0.5
119 104 0.1111111111111111
119 110 0.2
119 140 0.25
119 203 0.25
119 207 0.3333333333333333
120 58 0.3333333333333333
120 38 0.125
121 38 0.125
121 137 0.5
122 64 0.5
122 18 0.07692307692307693
122 82 0.5
122 166 1.0
122 256 0.25
123 70 0.25
123 36 0.1111111111111111
124 13 0.058823529411764705
125 17 0.058823529411764705
125 79 0.2
125 171 0.5
126 59 0.14285714285714285
126 74 0.5
127 23 0.14285714285714285
127 77 0.14285714285714285
127 60 0.25
127 57 0.25
127 83 0.5
128 87 0.2
128 144 0.5
129 80 0.2
129 35 0.1
129 97 0.16666666666666666
129 89 0.5
130 81 0.25
131 85 0.125
131 43 0.16666666666666666
132 50 0.2
132 107 0.25
132 142 0.3333333333333333
133 71 0.5
134 17 0.058823529411764705
134 79 0.2
135 18 0.07692307692307693
135 96 0.5
135 185 0.5
136 103 0.5
136 21 0.1
137 87 0.2
137 121 0.5
138 39 0.1
138 52 0.1
138 84 0.125
139 97 0.16666666666666666
139 107 0.25
139 112 0.2
139 50 0.2
139 461 0.25
140 104 0.1111111111111111
140 110 0.2
140 119 0.25
140 203 0.25
140 207 0.3333333333333333
141 17 0.058823529411764705
141 79 0.2
142 107 0.25
142 132 0.5
142 50 0.2
142 223 0.14285714285714285
143 34 0.125
143 15 0.09090909090909091
143 101 0.16666666666666666
143 179 0.3333333333333333
144 87 0.2
144 128 0.5
145 112 0.2
146 47 0.14285714285714285
147 15 0.09090909090909091
147 14 0.07692307692307693
148 61 0.14285714285714285
148 152 0.5
148 217 0.5
149 44 0.1111111111111111
150 30 0.16666666666666666
150 118 0.5
151 20 0.16666666666666666
151 65 0.3333333333333333
151 198 0.3333333333333333
152 61 0.14285714285714285
152 148 0.3333333333333333
153 39 0.1
153 52 0.1
153 138 0.3333333333333333
153 84 0.125
154 12 0.07692307692307693
154 43 0.16666666666666666
155 19 0.14285714285714285
156 117 0.3333333333333333
156 23 0.14285714285714285
157 46 0.5
158 13 0.058823529411764705
159 27 0.2
160 40 0.125
160 115 0.3333333333333333
161 59 0.14285714285714285
161 81 0.25
161 126 0.25
161 213 1.0
162 113 0.5
162 19 0.14285714285714285
163 25 0.2
163 101 0.16666666666666666
163 36 0.1111111111111111
163 48 0.2
163 111 0.25
163 174 1.0
163 182 1.0
164 52 0.1
164 39 0.1
164 84 0.125
165 33 0.1111111111111111
165 116 0.25
165 180 0.5
166 122 0.25
167 70 0.25
167 36 0.1111111111111111
167 48 0.2
168 12 0.07692307692307693
169 164 0.3333333333333333
169 39 0.1
170 24 0.1111111111111111
171 134 0.25
171 17 0.058823529411764705
171 125 0.3333333333333333
172 42 0.3333333333333333
172 170 0.5
172 24 0.1111111111111111
173 12 0.07692307692307693
173 168 0.5
174 163 0.16666666666666666
175 44 0.1111111111111111
175 263 0.1111111111111111
176 16 0.25
176 106 0.5
176 184 0.3333333333333333
177 91 0.5
178 95 0.2
178 186 0.3333333333333333
179 143 0.25
179 85 0.125
179 101 0.16666666666666666
179 14 0.07692307692307693
180 165 0.25
181 35 0.1
181 80 0.2
182 163 0.16666666666666666
183 111 0.25
183 101 0.16666666666666666
183 25 0.2
183 41 0.25
184 176 0.3333333333333333
184 37 0.125
184 76 0.5
185 18 0.07692307692307693
185 135 0.3333333333333333
186 178 0.5
186 95 0.2
187 58 0.3333333333333333
187 38 0.125
188 57 0.25
189 84 0.125
189 52 0.1
189 104 0.1111111111111111
189 39 0.1
189 59 0.14285714285714285
190 77 0.14285714285714285
191 39 0.1
191 52 0.1
191 84 0.125
192 69 0.5
192 12 0.07692307692307693
193 90 0.3333333333333333
194 44 0.1111111111111111
194 175 0.3333333333333333
195 115 0.3333333333333333
195 40 0.125
195 160 0.3333333333333333
196 33 0.1111111111111111
197 17 0.058823529411764705
197 125 0.3333333333333333
197 134 0.25
198 65 0.3333333333333333
198 20 0.16666666666666666
198 151 0.5
199 17 0.058823529411764705
199 79 0.2
200 102 0.3333333333333333
201 14 0.07692307692307693
201 15 0.09090909090909091
201 147 0.5
202 47 0.14285714285714285
202 146 0.5
203 104 0.1111111111111111
203 119 0.25
203 140 0.25
204 60 0.25
205 26 0.2
206 72 0.3333333333333333
206 35 0.1
206 80 0.2
207 119 0.25
207 203 0.25
207 104 0.1111111111111111
207 110 0.2
207 140 0.25
208 186 0.3333333333333333
208 95 0.2
209 56 0.3333333333333333
210 40 0.125
211 62 0.2
211 261 0.3333333333333333
212 55 0.2
213 161 0.5
214 37 0.125
215 91 0.5
216 84 0.125
216 39 0.1
216 191 0.3333333333333333
216 52 0.1
217 61 0.14285714285714285
217 148 0.3333333333333333
218 33 0.1111111111111111
218 51 0.25
218 187 0.25
219 62 0.2
219 211 0.3333333333333333
220 108 0.3333333333333333
220 45 0.125
221 48 0.2
221 70 0.25
221 36 0.1111111111111111
221 123 0.3333333333333333
222 165 0.25
222 180 0.5
223 33 0.1111111111111111
223 142 0.3333333333333333
223 13 0.058823529411764705
223 43 0.16666666666666666
223 225 0.3333333333333333
223 226 0.2
223 234 0.5
224 223 0.14285714285714285
224 226 0.2
224 227 0.2
224 230 0.3333333333333333
224 233 0.5
225 223 0.14285714285714285
225 227 0.2
225 234 0.5
226 223 0.14285714285714285
226 224 0.25
226 228 0.25
226 229 0.25
226 235 1.0
227 225 0.3333333333333333
227 224 0.25
227 230 0.3333333333333333
227 233 0.5
228 226 0.2
228 229 0.25
229 226 0.2
229 228 0.25
229 231 0.3333333333333333
229 461 0.25
230 224 0.25
230 227 0.2
230 236 1.0
231 229 0.25
231 232 1.0
232 231 0.3333333333333333
233 224 0.25
233 223 0.14285714285714285
233 227 0.2
234 225 0.3333333333333333
234 223 0.14285714285714285
235 226 0.2
235 228 0.25
236 230 0.3333333333333333
237 228 0.25
238 52 0.1
238 192 0.3333333333333333
238 12 0.07692307692307693
238 37 0.125
238 187 0.25
238 239 0.16666666666666666
238 240 1.0
238 241 0.16666666666666666
238 246 0.3333333333333333
238 247 0.5
238 255 0.3333333333333333
239 238 0.125
239 242 0.5
239 243 0.25
239 244 0.5
239 254 0.5
239 255 0.3333333333333333
240 238 0.125
241 238 0.125
241 245 0.2
241 247 0.5
241 249 0.3333333333333333
241 251 0.3333333333333333
241 254 0.5
242 239 0.16666666666666666
242 244 0.5
243 239 0.16666666666666666
243 255 0.3333333333333333
243 261 0.3333333333333333
244 239 0.16666666666666666
244 242 0.5
245 241 0.16666666666666666
245 246 0.3333333333333333
245 248 1.0
245 249 0.3333333333333333
246 238 0.125
246 245 0.2
246 250 1.0
247 238 0.125
247 241 0.16666666666666666
248 245 0.2
249 245 0.2
249 241 0.16666666666666666
250 246 0.3333333333333333
251 241 0.16666666666666666
251 252 0.5
251 253 0.5
252 251 0.3333333333333333
252 253 0.5
253 252 0.5
253 251 0.3333333333333333
254 239 0.16666666666666666
254 241 0.16666666666666666
255 243 0.25
255 238 0.125
255 249 0.3333333333333333
255 239 0.16666666666666666
256 18 0.07692307692307693
256 87 0.2
256 156 0.3333333333333333
256 122 0.25
256 257 0.5
256 259 1.0
257 256 0.25
257 258 0.5
258 257 0.5
258 260 1.0
259 256 0.25
260 258 0.5
261 189 0.5
261 211 0.3333333333333333
261 243 0.25
261 26 0.2
261 126 0.25
261 262 1.0
262 261 0.3333333333333333
263 122 0.25
263 175 0.3333333333333333
263 231 0.3333333333333333
263 243 0.25
263 127 0.25
263 264 0.07692307692307693
263 266 0.1111111111111111
263 315 0.16666666666666666
263 321 0.25
263 333 1.0
263 336 0.5
263 342 0.5
264 263 0.1111111111111111
264 265 0.08333333333333333
264 267 0.1111111111111111
264 270 0.125
264 291 0.2
264 307 0.3333333333333333
264 343 0.3333333333333333
264 359 0.5
264 492 0.3333333333333333
265 264 0.07692307692307693
265 268 0.125
265 271 0.038461538461538464
265 273 0.16666666666666666
265 274 0.125
265 282 0.14285714285714285
265 284 0.16666666666666666
265 288 1.0
265 338 0.2
266 263 0.1111111111111111
266 272 0.2
266 279 0.25
266 294 0.3333333333333333
266 318 0.3333333333333333
266 322 0.3333333333333333
266 324 1.0
266 381 1.0
266 405 0.2
267 264 0.07692307692307693
267 269 0.16666666666666666
267 303 0.1
267 305 0.5
267 310 0.14285714285714285
267 346 0.5
267 373 0.5
268 265 0.08333333333333333
268 274 0.125
268 275 0.16666666666666666
268 285 0.16666666666666666
268 286 0.25
268 311 1.0
268 317 0.125
268 355 0.3333333333333333
269 267 0.1111111111111111
269 326 0.16666666666666666
269 361 0.5
269 375 1.0
269 378 0.5
270 264 0.07692307692307693
270 348 0.5
270 351 0.3333333333333333
270 407 1.0
271 265 0.08333333333333333
271 272 0.2
271 276 0.125
271 278 0.1
271 280 0.1111111111111111
271 282 0.14285714285714285
271 284 0.16666666666666666
271 287 0.09090909090909091
271 289 0.25
271 297 0.1111111111111111
271 308 0.1111111111111111
271 309 0.14285714285714285
271 347 0.14285714285714285
271 350 0.14285714285714285
271 364 0.3333333333333333
271 366 1.0
271 399 1.0
271 423 0.25
271 448 0.5
271 452 0.25
271 481 0.14285714285714285
272 271 0.038461538461538464
272 266 0.1111111111111111
272 275 0.16666666666666666
272 279 0.25
272 345 1.0
273 265 0.08333333333333333
273 275 0.16666666666666666
273 277 0.3333333333333333
273 316 0.3333333333333333
273 409 0.5
274 265 0.08333333333333333
274 268 0.125
274 285 0.16666666666666666
274 299 0.2
274 300 0.14285714285714285
274 301 0.1111111111111111
274 455 0.5
275 273 0.16666666666666666
275 272 0.2
275 268 0.125
275 326 0.16666666666666666
275 371 0.25
275 408 1.0
276 271 0.038461538461538464
276 278 0.1
276 280 0.1111111111111111
276 452 0.25
277 265 0.08333333333333333
277 273 0.16666666666666666
277 291 0.2
278 271 0.038461538461538464
278 276 0.125
278 287 0.09090909090909091
278 293 0.2
278 322 0.3333333333333333
278 323 0.3333333333333333
278 328 1.0
278 398 1.0
278 403 0.25
278 416 1.0
279 272 0.2
279 266 0.1111111111111111
279 290 1.0
279 314 0.5
280 271 0.038461538461538464
280 276 0.125
280 284 0.16666666666666666
280 297 0.1111111111111111
280 308 0.1111111111111111
280 350 0.14285714285714285
281 264 0.07692307692307693
281 270 0.125
281 295 0.2
281 302 0.5
281 320 0.2
281 327 0.1111111111111111
281 367 0.3333333333333333
281 385 0.3333333333333333
281 413 0.5
281 422 0.25
282 271 0.038461538461538464
282 265 0.08333333333333333
282 289 0.25
282 385 0.3333333333333333
282 425 1.0
283 265 0.08333333333333333
283 338 0.2
284 265 0.08333333333333333
284 271 0.038461538461538464
284 280 0.1111111111111111
284 329 1.0
284 429 1.0
284 440 1.0
285 268 0.125
285 265 0.08333333333333333
285 274 0.125
285 338 0.2
285 376 0.25
285 410 0.5
286 268 0.125
286 317 0.125
286 355 0.3333333333333333
287 271 0.038461538461538464
287 278 0.1
287 296 1.0
287 303 0.1
287 312 0.14285714285714285
287 384 0.5
287 393 0.2
287 403 0.25
287 424 0.5
287 450 1.0
288 283 0.5
288 265 0.08333333333333333
289 282 0.14285714285714285
289 271 0.038461538461538464
289 438 1.0
290 279 0.25
291 277 0.3333333333333333
291 264 0.07692307692307693
291 292 0.3333333333333333
291 360 0.3333333333333333
291 376 0.25
292 277 0.3333333333333333
292 291 0.2
292 327 0.1111111111111111
292 344 0.25
293 278 0.1
293 312 0.14285714285714285
293 321 0.25
293 417 1.0
293 428 0.25
294 266 0.1111111111111111
294 433 0.5
294 443 0.3333333333333333
295 281 0.1
295 327 0.1111111111111111
295 386 0.3333333333333333
296 287 0.09090909090909091
296 269 0.16666666666666666
297 280 0.1111111111111111
297 276 0.125
297 271 0.038461538461538464
297 298 0.1
297 309 0.14285714285714285
297 347 0.14285714285714285
297 364 0.3333333333333333
297 377 0.3333333333333333
297 452 0.25
298 271 0.038461538461538464
298 297 0.1111111111111111
298 301 0.1111111111111111
298 303 0.1
298 313 0.1111111111111111
298 330 0.14285714285714285
298 335 0.5
298 374 0.5
298 397 0.25
298 441 0.5
298 479 0.5
299 267 0.1111111111111111
299 274 0.125
299 306 0.3333333333333333
299 313 0.1111111111111111
300 274 0.125
300 301 0.1111111111111111
300 313 0.1111111111111111
300 371 0.25
300 401 0.5
300 418 1.0
301 300 0.14285714285714285
301 274 0.125
301 298 0.1
301 420 0.3333333333333333
301 460 1.0
302 281 0.1
302 282 0.14285714285714285
302 264 0.07692307692307693
302 385 0.3333333333333333
303 298 0.1
303 287 0.09090909090909091
303 299 0.2
303 267 0.1111111111111111
303 310 0.14285714285714285
303 330 0.14285714285714285
303 388 1.0
303 395 0.5
303 457 0.5
303 481 0.14285714285714285
304 300 0.14285714285714285
304 358 0.5
304 415 0.3333333333333333
305 267 0.1111111111111111
305 373 0.5
306 299 0.2
306 314 0.5
306 363 1.0
307 264 0.07692307692307693
307 270 0.125
307 351 0.3333333333333333
307 359 0.5
308 280 0.1111111111111111
308 276 0.125
308 271 0.038461538461538464
308 309 0.14285714285714285
308 364 0.3333333333333333
308 368 0.3333333333333333
308 377 0.3333333333333333
308 423 0.25
309 271 0.038461538461538464
309 280 0.1111111111111111
309 297 0.1111111111111111
309 308 0.1111111111111111
309 350 0.14285714285714285
309 368 0.3333333333333333
309 423 0.25
309 448 0.5
310 303 0.1
310 267 0.1111111111111111
310 325 0.2
310 337 1.0
310 357 0.25
310 372 0.2
310 414 0.3333333333333333
311 268 0.125
311 286 0.25
312 293 0.2
312 287 0.09090909090909091
312 271 0.038461538461538464
312 331 0.16666666666666666
312 380 0.2
312 400 0.3333333333333333
313 300 0.14285714285714285
313 298 0.1
313 299 0.2
313 301 0.1111111111111111
313 346 0.5
313 382 0.5
313 391 0.5
313 426 0.5
314 287 0.09090909090909091
314 306 0.3333333333333333
314 279 0.25
315 263 0.1111111111111111
315 349 0.2
315 356 0.5
315 362 0.25
315 369 0.3333333333333333
315 442 0.5
316 273 0.16666666666666666
316 338 0.2
316 371 0.25
317 268 0.125
317 282 0.14285714285714285
317 299 0.2
317 286 0.25
317 319 0.3333333333333333
317 383 0.5
317 427 1.0
317 436 0.5
317 445 1.0
318 266 0.1111111111111111
318 394 0.5
319 317 0.125
319 332 0.5
320 295 0.2
320 281 0.1
320 327 0.1111111111111111
320 367 0.3333333333333333
320 386 0.3333333333333333
320 422 0.25
321 293 0.2
321 263 0.1111111111111111
321 323 0.3333333333333333
321 342 0.5
322 278 0.1
322 266 0.1111111111111111
323 278 0.1
323 321 0.25
324 266 0.1111111111111111
324 318 0.3333333333333333
325 310 0.14285714285714285
325 357 0.25
326 269 0.16666666666666666
326 275 0.16666666666666666
326 334 0.25
326 412 0.5
326 421 0.5
327 320 0.2
327 295 0.2
327 281 0.1
327 292 0.3333333333333333
327 339 0.16666666666666666
327 353 0.3333333333333333
327 370 1.0
327 391 0.5
328 278 0.1
329 284 0.16666666666666666
330 301 0.1111111111111111
330 303 0.1
330 298 0.1
330 390 0.3333333333333333
330 404 1.0
330 437 0.5
331 312 0.14285714285714285
331 380 0.2
331 392 1.0
332 319 0.3333333333333333
332 331 0.16666666666666666
332 289 0.25
332 317 0.125
333 263 0.1111111111111111
334 326 0.16666666666666666
334 411 1.0
334 421 0.5
335 298 0.1
336 263 0.1111111111111111
337 310 0.14285714285714285
337 325 0.2
338 283 0.5
338 265 0.08333333333333333
338 285 0.16666666666666666
338 316 0.3333333333333333
339 264 0.07692307692307693
339 327 0.1111111111111111
339 340 0.14285714285714285
339 354 0.25
339 447 0.5
339 459 0.3333333333333333
340 339 0.16666666666666666
340 341 0.5
340 348 0.5
340 354 0.25
340 444 0.5
340 459 0.3333333333333333
341 340 0.14285714285714285
341 267 0.1111111111111111
341 313 0.1111111111111111
342 321 0.25
342 263 0.1111111111111111
343 332 0.5
343 264 0.07692307692307693
343 270 0.125
343 389 0.5
343 432 0.5
344 292 0.3333333333333333
344 396 1.0
344 454 1.0
345 272 0.2
346 313 0.1111111111111111
346 267 0.1111111111111111
347 297 0.1111111111111111
347 308 0.1111111111111111
347 271 0.038461538461538464
347 368 0.3333333333333333
347 423 0.25
347 452 0.25
348 340 0.14285714285714285
348 270 0.125
348 339 0.16666666666666666
349 315 0.16666666666666666
349 356 0.5
349 362 0.25
350 271 0.038461538461538464
350 309 0.14285714285714285
350 280 0.1111111111111111
350 352 1.0
350 402 1.0
350 428 0.25
351 270 0.125
351 281 0.1
351 307 0.3333333333333333
351 365 1.0
352 350 0.14285714285714285
353 327 0.1111111111111111
353 444 0.5
354 339 0.16666666666666666
354 340 0.14285714285714285
354 447 0.5
354 459 0.3333333333333333
355 268 0.125
355 286 0.25
355 403 0.25
356 349 0.2
356 315 0.16666666666666666
357 325 0.2
357 310 0.14285714285714285
357 372 0.2
357 406 0.3333333333333333
358 304 0.5
358 415 0.3333333333333333
359 307 0.3333333333333333
359 270 0.125
359 264 0.07692307692307693
360 291 0.2
360 344 0.25
360 430 0.5
360 451 0.5
361 269 0.16666666666666666
362 315 0.16666666666666666
362 349 0.2
362 369 0.3333333333333333
363 306 0.3333333333333333
364 297 0.1111111111111111
364 280 0.1111111111111111
364 271 0.038461538461538464
364 308 0.1111111111111111
365 351 0.3333333333333333
366 335 0.5
366 271 0.038461538461538464
366 280 0.1111111111111111
366 347 0.14285714285714285
367 281 0.1
367 320 0.2
368 308 0.1111111111111111
368 347 0.14285714285714285
368 271 0.038461538461538464
368 309 0.14285714285714285
369 315 0.16666666666666666
369 349 0.2
369 362 0.25
369 405 0.2
370 327 0.1111111111111111
370 353 0.3333333333333333
371 275 0.16666666666666666
371 316 0.3333333333333333
371 273 0.16666666666666666
371 300 0.14285714285714285
371 387 1.0
372 357 0.25
372 310 0.14285714285714285
372 397 0.25
372 406 0.3333333333333333
372 414 0.3333333333333333
373 267 0.1111111111111111
373 305 0.5
374 330 0.14285714285714285
374 298 0.1
374 397 0.25
375 269 0.16666666666666666
376 285 0.16666666666666666
376 338 0.2
376 291 0.2
376 410 0.5
377 297 0.1111111111111111
377 276 0.125
377 308 0.1111111111111111
377 271 0.038461538461538464
378 269 0.16666666666666666
378 412 0.5
379 323 0.3333333333333333
379 336 0.5
379 431 0.5
379 435 0.5
380 312 0.14285714285714285
380 331 0.16666666666666666
380 400 0.3333333333333333
381 266 0.1111111111111111
382 313 0.1111111111111111
382 426 0.5
383 319 0.3333333333333333
383 317 0.125
384 287 0.09090909090909091
385 302 0.5
385 281 0.1
385 282 0.14285714285714285
386 320 0.2
386 295 0.2
386 422 0.25
387 371 0.25
388 303 0.1
389 343 0.3333333333333333
389 432 0.5
390 330 0.14285714285714285
391 327 0.1111111111111111
391 341 0.5
391 376 0.25
391 313 0.1111111111111111
392 331 0.16666666666666666
392 312 0.14285714285714285
392 380 0.2
393 384 0.5
393 287 0.09090909090909091
393 403 0.25
393 424 0.5
394 318 0.3333333333333333
394 405 0.2
395 303 0.1
395 457 0.5
396 344 0.25
397 372 0.2
397 298 0.1
397 325 0.2
397 374 0.5
397 419 1.0
398 278 0.1
398 322 0.3333333333333333
399 271 0.038461538461538464
399 297 0.1111111111111111
399 276 0.125
399 308 0.1111111111111111
400 331 0.16666666666666666
400 312 0.14285714285714285
400 380 0.2
401 300 0.14285714285714285
402 350 0.14285714285714285
403 287 0.09090909090909091
403 355 0.3333333333333333
403 278 0.1
403 393 0.2
404 330 0.14285714285714285
404 390 0.3333333333333333
405 266 0.1111111111111111
405 394 0.5
405 369 0.3333333333333333
405 446 0.5
405 458 0.5
406 325 0.2
406 357 0.25
406 372 0.2
406 414 0.3333333333333333
407 264 0.07692307692307693
407 270 0.125
408 275 0.16666666666666666
409 273 0.16666666666666666
410 376 0.25
410 285 0.16666666666666666
411 334 0.25
411 409 0.5
411 361 0.5
411 271 0.038461538461538464
411 326 0.16666666666666666
412 334 0.25
412 326 0.16666666666666666
412 378 0.5
413 367 0.3333333333333333
413 281 0.1
413 453 0.3333333333333333
414 372 0.2
414 310 0.14285714285714285
414 406 0.3333333333333333
415 358 0.5
415 304 0.5
415 455 0.5
416 278 0.1
417 293 0.2
418 300 0.14285714285714285
418 401 0.5
419 397 0.25
420 301 0.1111111111111111
420 443 0.3333333333333333
421 326 0.16666666666666666
421 334 0.25
422 386 0.3333333333333333
422 281 0.1
422 320 0.2
422 453 0.3333333333333333
423 309 0.14285714285714285
423 271 0.038461538461538464
423 347 0.14285714285714285
423 308 0.1111111111111111
424 287 0.09090909090909091
424 393 0.2
425 282 0.14285714285714285
426 313 0.1111111111111111
426 382 0.5
427 317 0.125
428 350 0.14285714285714285
428 293 0.2
428 456 1.0
429 284 0.16666666666666666
430 360 0.3333333333333333
430 451 0.5
431 379 0.5
431 435 0.5
432 389 0.5
432 343 0.3333333333333333
433 294 0.3333333333333333
434 312 0.14285714285714285
434 380 0.2
434 400 0.3333333333333333
434 331 0.16666666666666666
435 379 0.5
435 431 0.5
436 317 0.125
436 383 0.5
437 330 0.14285714285714285
437 301 0.1111111111111111
437 433 0.5
437 390 0.3333333333333333
437 439 1.0
438 289 0.25
439 437 0.5
440 284 0.16666666666666666
441 298 0.1
442 315 0.16666666666666666
442 362 0.25
442 349 0.2
442 449 1.0
443 301 0.1111111111111111
443 303 0.1
443 294 0.3333333333333333
443 420 0.3333333333333333
443 274 0.125
444 353 0.3333333333333333
444 340 0.14285714285714285
444 327 0.1111111111111111
445 317 0.125
445 436 0.5
446 405 0.2
446 458 0.5
447 339 0.16666666666666666
447 354 0.25
447 340 0.14285714285714285
448 271 0.038461538461538464
448 309 0.14285714285714285
448 377 0.3333333333333333
448 347 0.14285714285714285
449 263 0.1111111111111111
449 442 0.5
450 287 0.09090909090909091
450 393 0.2
451 360 0.3333333333333333
451 430 0.5
452 271 0.038461538461538464
452 297 0.1111111111111111
452 347 0.14285714285714285
452 276 0.125
453 295 0.2
453 422 0.25
453 281 0.1
453 413 0.5
454 344 0.25
455 274 0.125
455 415 0.3333333333333333
456 428 0.25
457 303 0.1
457 395 0.5
458 405 0.2
458 446 0.5
459 354 0.25
459 339 0.16666666666666666
459 340 0.14285714285714285
460 301 0.1111111111111111
460 420 0.3333333333333333
461 229 0.25
461 441 0.5
461 139 0.3333333333333333
461 428 0.25
461 245 0.2
461 462 0.5
462 461 0.25
462 463 1.0
463 462 0.5
463 461 0.25
464 443 0.3333333333333333
464 141 0.3333333333333333
464 23 0.14285714285714285
464 24 0.1111111111111111
464 104 0.1111111111111111
464 465 0.16666666666666666
464 466 1.0
464 467 0.25
465 464 0.25
465 468 0.25
465 470 0.5
465 472 0.3333333333333333
465 473 0.5
465 474 1.0
466 464 0.25
467 464 0.25
467 470 0.5
467 472 0.3333333333333333
467 475 1.0
468 465 0.16666666666666666
468 469 0.3333333333333333
468 471 0.3333333333333333
468 478 0.5
469 468 0.25
469 471 0.3333333333333333
469 478 0.5
470 467 0.25
470 465 0.16666666666666666
471 469 0.3333333333333333
471 468 0.25
471 472 0.3333333333333333
472 471 0.3333333333333333
472 465 0.16666666666666666
472 467 0.25
473 465 0.16666666666666666
473 476 0.5
474 465 0.16666666666666666
475 467 0.25
476 473 0.5
476 477 1.0
477 476 0.5
478 468 0.25
478 469 0.3333333333333333
479 330 0.14285714285714285
479 298 0.1
479 350 0.14285714285714285
479 313 0.1111111111111111
479 480 1.0
480 479 0.5
481 271 0.038461538461538464
481 393 0.2
481 196 0.5
481 110 0.2
481 303 0.1
481 482 0.5
481 483 0.5
481 485 0.3333333333333333
481 489 0.5
482 481 0.14285714285714285
482 488 1.0
483 481 0.14285714285714285
483 484 1.0
484 483 0.5
485 481 0.14285714285714285
485 486 0.5
485 487 1.0
486 485 0.3333333333333333
486 490 1.0
487 485 0.3333333333333333
488 482 0.5
489 481 0.14285714285714285
489 491 1.0
490 486 0.5
491 489 0.5
492 285 0.16666666666666666
492 264 0.07692307692307693
492 36 0.1111111111111111
492 453 0.3333333333333333
492 227 0.2
492 493 0.25
492 495 0.25
493 492 0.3333333333333333
493 494 0.5
493 495 0.25
493 498 0.5
494 493 0.25
494 497 1.0
495 492 0.3333333333333333
495 493 0.25
495 496 1.0
495 499 0.5
496 495 0.25
497 494 0.5
498 493 0.25
498 499 0.5
499 498 0.5
499 495 0.25
