500
0 1 0.9251838836431693 
0 5 0.6260529422760513 
1 0 0.6145497122699817 
1 2 0.7400755243775938 
1 5 0.5155845695599387 
2 1 0.8774880106755429 
2 4 0.6669306294177699 
3 2 0.6698690106237625 
3 12 0.858345529472593 
4 2 0.9224733849894348 
4 12 0.622136618484155 
5 0 0.6806509274657083 
5 1 0.8084478658182841 
5 6 0.9128678058968887 
5 8 0.5050274263114166 
5 9 0.6246306242484728 
5 10 0.40920277989152354 
5 11 0.2643684183805416 
6 5 0.18520252743843335 
6 7 0.484739869946493 
6 12 0.31087902752002816 
7 6 0.5465780020894129 
8 5 0.1439420184381185 
9 5 0.9688040670957971 
10 5 0.9691847369251193 
10 11 0.6657981660336248 
11 5 0.48283256966205346 
11 10 0.3591429799439797 
12 6 0.06939536626174436 
12 3 0.39162890613447876 
12 4 0.1901115551621233 
12 13 0.9718059897281941 
12 16 0.6059467523378491 
12 19 0.7547134829720035 
12 23 0.29348515129299346 
12 35 0.8945388259895491 
12 60 0.5018555208388126 
12 78 0.6137075884156049 
12 87 0.8109139118294766 
12 211 0.749029401710265 
13 12 0.982127626074287 
13 14 0.2393015345113355 
13 15 0.8866328974631581 
13 18 0.8783891203548848 
13 21 0.18491880311771547 
13 27 0.5350263337262269 
13 47 0.7400060934191841 
13 76 0.6544489488221594 
13 101 0.6077748489801272 
14 13 0.8397302623741878 
14 17 0.8303895035446215 
14 18 0.49534976977524736 
14 26 0.12800013003358823 
14 32 0.9702276226583101 
14 36 0.1941304541175004 
14 41 0.11048433141604252 
14 45 0.7805796615279824 
14 49 0.8507581663889766 
14 72 0.10460133841247621 
14 75 0.13740041077278664 
14 169 0.9221610188996787 
14 492 0.9130598325825028 
15 13 0.3008251108042672 
15 22 0.7835005402030093 
15 44 0.18004428784005377 
15 76 0.020543905869739865 
15 101 0.0004057869810660808 
16 12 0.34570628098815503 
17 14 0.7392961635474808 
17 70 0.2832162538878673 
17 80 0.23287423131078122 
17 138 0.10958450494590477 
17 142 0.7126319846324739 
17 160 0.10212479294512433 
18 14 0.9702717840286728 
18 13 0.09299512767770646 
18 24 0.6499525867111858 
18 28 0.43215368806101107 
18 37 0.9678945541488685 
18 50 0.7357120878763285 
18 57 0.7449760250015612 
18 61 0.03927971940886643 
18 62 0.019285455883833347 
18 68 0.2226685833699399 
18 135 0.3756904412498677 
19 12 0.8714321247165971 
19 20 0.2559853745727785 
19 136 0.4715135507664636 
20 19 0.8845719830283351 
20 98 0.8992418791692481 
20 106 0.6894311927975794 
20 118 0.8147404803062657 
20 263 0.9968143260362157 
21 13 0.4653690237562095 
21 30 0.8875938087961258 
21 39 0.38843298232019285 
21 46 0.10871424302449773 
21 47 0.6388379554285604 
22 15 0.0785383381912208 
22 101 0.6805069421195376 
23 12 0.8448067326254627 
23 33 0.9859126038171234 
23 51 0.38954230572620985 
23 71 0.16795251284538315 
23 77 0.5668562137875964 
23 87 0.5026369255126691 
23 124 0.8011454044653455 
24 18 0.640511379216924 
24 29 0.7438086499548259 
24 34 0.14931892500425414 
24 86 0.18472581766124052 
24 133 0.3765554220196462 
24 147 0.8165736207418607 
25 17 0.026634176210331484 
25 26 0.257577900792735 
25 31 0.09777413374073018 
25 40 0.48941687408352375 
25 150 0.44240922166988905 
25 203 0.9309277339006794 
26 25 0.7606210554740372 
26 14 0.2866717486935111 
26 42 0.6551234993068079 
26 84 0.7990385042031911 
26 145 0.3344468024761478 
26 171 0.9925913453569211 
26 191 0.3070901780165448 
26 207 0.3598763180535708 
26 223 0.7550386519168097 
27 13 0.5499568289599595 
27 52 0.06852327070650632 
27 104 0.7152040561929313 
27 136 0.9574126050957161 
27 166 0.48733916857153803 
28 18 0.21260846305471415 
28 89 0.4389561254695329 
28 107 0.1602999716933734 
28 130 0.9679722011984889 
28 204 0.03771826440809689 
29 24 0.9459071090764337 
29 149 0.4794362429799087 
30 21 0.9960454612692826 
30 17 0.13536351969250937 
30 18 0.5000989893987118 
30 38 0.02266114248180917 
30 48 0.9947353096239073 
30 62 0.8998923474238391 
30 66 0.05151527523433963 
30 67 0.7583580313840619 
30 79 0.2768513740529136 
30 128 0.35381749618283653 
30 152 0.19246138484926267 
30 173 0.5694020328833602 
30 188 0.7824139495740189 
31 25 0.8884048285987691 
31 40 0.8076770415917464 
31 221 0.0927423340988276 
32 14 0.42137788469487003 
32 37 0.2743627345821431 
32 43 0.9892506295347089 
32 54 0.05069942441793962 
32 81 0.6967756940925004 
32 94 0.0457917914503605 
32 97 0.13989644348945507 
32 125 0.006698290212314273 
33 23 0.13958603707204031 
33 60 0.6597197531718567 
33 77 0.36097649547304933 
34 29 0.6766073586236959 
34 24 0.22884114008130496 
34 38 0.19413669002165923 
34 119 0.3487340036789821 
35 12 0.37575985885534546 
35 16 0.26435963839276233 
35 58 0.45039838137475485 
35 112 0.10025244936216215 
35 163 0.825714304964042 
35 184 0.5265165230542225 
36 14 0.19607689724056554 
36 43 0.12364695266651526 
36 52 0.1421097446428662 
36 91 0.5108659561132584 
36 103 0.7982213190897779 
36 127 0.033011210466841856 
37 32 0.5275240166107105 
37 18 0.5574842071366328 
37 54 0.756828683175475 
37 68 0.8944930866105947 
37 93 0.9312547675613315 
37 100 0.9947226596236179 
37 114 0.4695449377111065 
37 189 0.19522237855691005 
38 34 0.4184745840972949 
38 30 0.8114499913684025 
39 21 0.1604650957240119 
39 48 0.3263368476634573 
39 61 0.0566212815658278 
39 73 0.4043624214554563 
40 25 0.7113730297407123 
40 31 0.9391638586645727 
40 131 0.6565200005324159 
40 150 0.03341553761095406 
40 203 0.017369651358490668 
40 221 0.2467716855120874 
41 14 0.8551625799639151 
42 26 0.3248251144634472 
42 44 0.3978914393197831 
42 84 0.45600445048497285 
42 145 0.2550401508330189 
42 171 0.5093714593866584 
42 207 0.37395774618527067 
43 36 0.3797102625197901 
43 32 0.6865271127955904 
43 129 0.20001006273246957 
44 42 0.6312936228528935 
44 15 0.0037602616659555554 
44 22 0.47746499801372 
44 62 0.09518308174087176 
44 63 0.9063433602795805 
45 14 0.08020481775565835 
45 49 0.4846747097796479 
45 89 0.7645717469428774 
45 169 0.7146982016274804 
46 21 0.6816042019974676 
46 110 0.7144789813761327 
46 222 0.7183744655639344 
47 21 0.04407153722118473 
47 13 0.1457876953550986 
47 156 0.908281097791609 
48 30 0.18595765973300937 
48 39 0.09646573665656333 
48 21 0.2418436658385159 
48 37 0.7221106232197819 
48 170 0.6433550118157854 
48 209 0.062496193399727784 
49 14 0.878542421792806 
49 45 0.5267699416164647 
49 41 0.9549694550563314 
49 171 0.6690313352454244 
50 18 0.6431315396977658 
50 34 0.65134486747094 
50 108 0.4945014136072342 
51 23 0.6969247620916761 
51 113 0.4828740881751129 
51 124 0.16343427381634268 
52 27 0.11647617447287428 
52 14 0.6155217689322485 
52 36 0.5423510247955171 
52 53 0.07719978767868962 
52 55 0.6633305980355624 
52 59 0.20117233213617958 
52 83 0.5687568384495999 
52 199 0.6364461294019814 
53 52 0.437058630239996 
53 122 0.9846897591127253 
53 158 0.9585909883140024 
54 37 0.40067268763808417 
54 32 0.5011381070954068 
54 69 0.968466226720107 
54 74 0.28585455784452496 
54 85 0.9655786413234937 
54 109 0.19032367938290629 
54 140 0.11918741143527734 
54 220 0.5074257867357911 
55 52 0.13259646811018289 
55 157 0.9038767327005464 
56 13 0.4493342526377917 
56 21 0.9314799208908192 
57 32 0.24220467702280513 
57 18 0.852480735546072 
57 93 0.41328226667937373 
57 196 0.9250103954318869 
58 35 0.9589684919389705 
58 112 0.5077710432623561 
59 52 0.4248215404731154 
59 65 0.0186457756940005 
59 111 0.14234030546640108 
59 139 0.9987228805565967 
60 12 0.6099286492816358 
60 51 0.16734945602607587 
60 33 0.46877278313313997 
60 112 0.5374053507133835 
61 18 0.41627375496174024 
61 39 0.2614921350593389 
61 57 0.5209321871844245 
61 73 0.3222469306039567 
61 95 0.47345783197099445 
61 167 0.731756300337708 
61 192 0.7460666235696811 
61 195 0.08553343153580906 
62 18 0.9718090630443693 
62 44 0.04124488258031089 
62 30 0.4377179923940159 
62 82 0.5541161327110022 
62 116 0.6478648145233455 
62 178 0.680179845388037 
62 479 0.5527088864988111 
63 44 0.7630268679665375 
63 64 0.8872975236464884 
64 63 0.6809702419384274 
64 88 0.2439389223366113 
65 59 0.30565225771350824 
65 111 0.6456724693581526 
65 182 0.6587010767205026 
66 30 0.816754640476264 
66 67 0.5447319199527222 
66 128 0.7105497387167232 
66 152 0.6418300723188086 
66 173 0.39605720022377167 
67 30 0.7858878532364397 
67 64 0.3384755528033895 
67 66 0.6099986220209525 
68 18 0.38122579891948494 
68 37 0.623349418535276 
68 120 0.7151708280575325 
68 137 0.5664640736872567 
69 54 0.6686353377884051 
69 74 0.33062775539496203 
69 109 0.6694059717683628 
69 193 0.011055100206464274 
69 220 0.2792946117399574 
70 17 0.0665035678612409 
70 117 0.0715755965423196 
70 142 0.49345875691425933 
70 160 0.7471586149522681 
71 33 0.49689324872147234 
71 23 0.6609825564315034 
71 51 0.03544371221741982 
71 161 0.44214274880392357 
72 14 0.643269510682672 
72 49 0.9670539394181702 
72 171 0.014521840184695156 
73 39 0.3039378098468333 
73 61 0.8435337982124864 
73 167 0.48608639487963057 
73 206 0.04563367823323983 
74 69 0.5994545151052278 
74 54 0.42600520189961644 
74 140 0.7191333138324693 
74 220 0.1423899519121865 
75 25 0.17134466624928535 
75 14 0.2355507955698396 
75 40 0.4349200451673262 
75 190 0.35267480318362754 
75 201 0.4735248034693894 
76 13 0.4002005617724247 
76 15 0.14357349420099985 
76 156 0.5372834624323718 
77 33 0.8685068297477033 
77 23 0.1901323138025529 
78 12 0.6009159656869327 
78 16 0.9869093462213012 
78 121 0.4120443014855184 
79 13 0.5298099267127799 
79 30 0.4107432189669854 
79 66 0.0055553419114926506 
79 90 0.7893806641674933 
80 17 0.0680386526946044 
80 138 0.22587664834910892 
80 218 0.5216225419967299 
81 32 0.13753889964115174 
81 125 0.13835889792576195 
82 62 0.6487787287498292 
83 52 0.22245882921184312 
84 42 0.39264945372676807 
84 26 0.6187866543150823 
84 145 0.2905407832719876 
85 74 0.5147103342544406 
85 54 0.8627729638060259 
85 129 0.7862954736928545 
86 24 0.3743254793624423 
86 102 0.8202615211543108 
87 23 0.34703997553661103 
87 12 0.7355849179068465 
87 51 0.3155012062632382 
87 98 0.11801425808311106 
87 118 0.3435049224979231 
87 132 0.06869757004837207 
87 175 0.18160110433786036 
88 64 0.6991179868467414 
88 63 0.7824830016832292 
88 146 0.4043860809218175 
88 179 0.7416487912389059 
88 198 0.6599339475161959 
89 14 0.7315868440532236 
89 28 0.08808976254692569 
89 45 0.7480644043886189 
89 93 0.33317233536846713 
89 126 0.24590806073550087 
89 183 0.614235255075336 
89 197 0.6380617580673335 
89 216 0.8381392929811402 
90 79 0.958853858018163 
91 36 0.4196287697190819 
92 62 0.06339853867507961 
92 64 0.5278710967552884 
92 44 0.4495536775507466 
93 57 0.6916213554082173 
93 37 0.12087727392039882 
93 17 0.7254242089271574 
93 89 0.4018356107627261 
94 32 0.16068674707588326 
95 61 0.18913577372426504 
95 15 0.5581488169177121 
95 187 0.5095133360950257 
96 55 0.894027353971438 
96 53 0.48566586225790975 
96 144 0.7340019229087188 
96 151 0.872509402502851 
97 32 0.19915813506655 
98 87 0.01840916833968964 
98 20 0.060128893783595094 
99 49 0.11968203212597917 
99 72 0.0986249744637211 
99 41 0.3166910339717651 
99 45 0.3027871130433444 
100 37 0.40434602174096956 
100 114 0.23449209515678138 
101 13 0.25091761769188425 
101 15 0.28727491459398924 
101 22 0.3344973294528608 
101 154 0.8309682539717458 
101 155 0.958301686894356 
102 86 0.08426497617961581 
102 115 0.2137300918548488 
102 133 0.22277972071782592 
103 36 0.1589029537606781 
103 127 0.9633533974490466 
104 27 0.4592210211056489 
104 76 0.2548554420931448 
105 47 0.6468052981755891 
105 156 0.2861634986507269 
106 53 0.7604369180129062 
106 20 0.9594971081833944 
106 19 0.10876088035005493 
106 158 0.9825963100036637 
106 174 0.12386877602688806 
106 185 0.03304593494078323 
107 28 0.1143517794809571 
108 50 0.2624869682303034 
108 172 0.9519412664637122 
109 74 0.28075040543346197 
109 69 0.5059105319679738 
109 54 0.6795678924443137 
109 85 0.9578734175677233 
109 129 0.09667647860495421 
110 46 0.23098085022388448 
110 180 0.24785859232158092 
111 59 0.2440377360191548 
111 65 0.9448971236072051 
111 139 0.0857941868444434 
111 256 0.4806889942306394 
112 60 0.7812183138080641 
112 12 0.7827344108055834 
112 58 0.10019689952333566 
112 35 0.22867046253133494 
112 113 0.6733741172943591 
113 51 0.9932652916819454 
113 112 0.6533913084161033 
113 23 0.3103496992628093 
113 131 0.07638848065578241 
114 37 0.8843276455874738 
114 100 0.7247901707311529 
114 189 0.43397704470605003 
115 102 0.7017001888942304 
115 130 0.7330793903395215 
116 62 0.6534894886373168 
116 119 0.33251331210088075 
117 17 0.346970587198946 
117 36 0.09025480934861196 
117 70 0.9369014531259938 
117 184 0.4996891422305699 
118 87 0.11293330602995122 
118 20 0.4660702431842987 
118 141 0.7504088801162414 
118 159 0.873390204332511 
118 163 0.2197208195703203 
118 202 0.6860435636207359 
119 116 0.9584059030549689 
119 34 0.5992140860110079 
119 479 0.5906972138584302 
120 68 0.3226457577665489 
121 98 0.07812301829752866 
121 78 0.49116039435445846 
121 118 0.16159629673004938 
122 53 0.1821850809057125 
122 158 0.03718632952124523 
123 88 0.12067024114389557 
123 146 0.6222900223158384 
123 179 0.48003929732280515 
124 23 0.0743603670514077 
124 51 0.7055866111153627 
124 219 0.0497237558663054 
125 32 0.9794846031496802 
125 81 0.9996528872766932 
125 129 0.7221840569846109 
126 89 0.9391260177266544 
126 216 0.5651248465201724 
127 36 0.9591739024580984 
127 103 0.568832027631169 
128 30 0.47734331728162294 
128 66 0.006238023751182764 
129 85 0.10846860621965604 
129 43 0.3527940049519527 
129 109 0.710974854928616 
129 125 0.8867482426385248 
129 163 0.1034015867568473 
129 164 0.4249323880154031 
129 194 0.46867199298712736 
129 205 0.15030524723975136 
129 256 0.29028682200570244 
130 115 0.7474555258490301 
130 28 0.9899371856944387 
130 145 0.04947903604429371 
130 162 0.40505629541903687 
130 186 0.5415957971855034 
131 40 0.06747040462241016 
131 113 0.32546425106273025 
131 25 0.8132786876363305 
131 91 0.6588858821420456 
131 134 0.6928578902316631 
132 87 0.03903751840469172 
132 122 0.9585777027494695 
132 106 0.7633922655882805 
132 53 0.0746171575266823 
132 121 0.9985893817175535 
132 185 0.778437359068172 
133 102 0.22940757386655708 
133 28 0.9520529037872596 
133 24 0.7890564060726489 
133 148 0.6710803364007191 
134 131 0.6911419546172144 
135 18 0.5406389837027918 
135 143 0.8604155944318452 
135 168 0.6299627873085217 
136 19 0.9911090228657693 
136 78 0.12231543082363605 
136 27 0.8278548874758753 
136 121 0.9861915395259668 
137 68 0.036540970749487034 
137 120 0.8219403884111262 
137 153 0.20951681421496982 
137 165 0.6404050954542234 
138 17 0.5352862072995173 
138 80 0.2512009919738083 
139 59 0.32983255009699564 
139 111 0.7455731618165625 
140 54 0.042560264769212375 
140 74 0.5705749558079988 
141 118 0.8616550555486234 
141 163 0.1402307300611203 
142 70 0.901629967389303 
142 17 0.5087123427411461 
143 135 0.9474827907130302 
143 181 0.68625826348336 
144 96 0.7156780763568665 
144 151 0.11785753259646958 
145 42 0.10626445505196092 
145 84 0.2542577244545473 
145 26 0.4315064966539621 
145 130 0.579348092284212 
146 123 0.3554674253215082 
146 88 0.34534610285403944 
146 179 0.36824673618361203 
146 198 0.08523626438889087 
147 24 0.6107590626750421 
148 133 0.2674504409954087 
149 29 0.5159576180394722 
149 200 0.26749068360646844 
150 25 0.8160128831273555 
150 40 0.3606417367776654 
151 78 0.1583212320026126 
151 35 0.07504665272880062 
151 112 0.12436466256746825 
151 96 0.32473904070344906 
151 144 0.48321913800833227 
152 30 0.09800699537615509 
152 66 0.9162630238895372 
152 128 0.8220374156824849 
153 137 0.9564917273889811 
154 101 0.5584943686693463 
154 155 0.675850339996038 
155 101 0.4478560899142048 
155 154 0.8461967076796857 
156 105 0.3496261571793946 
156 76 0.16316447928534583 
156 47 0.4182023413091839 
156 176 0.8319252041292676 
157 55 0.5501041498637868 
158 53 0.5942232078970175 
158 106 0.7559720228971916 
158 122 0.9301678979391398 
159 118 0.9557924757788352 
159 141 0.425945058603845 
159 163 0.9824585432092611 
159 177 0.626787729810095 
159 202 0.48720977428595713 
160 17 0.3141899083901498 
160 70 0.20391800547409356 
161 78 0.4384716679612113 
161 71 0.40356767504301116 
162 130 0.5585768710236148 
163 118 0.5133538161042674 
163 35 0.6077372065799675 
163 129 0.9338956902621095 
163 141 0.6400082890226562 
163 159 0.44494299026042894 
164 129 0.7409077355802007 
165 137 0.8705479911781251 
166 27 0.6678773048383502 
167 73 0.5211422793364899 
167 29 0.4979503833907144 
167 61 0.002388216302654511 
167 195 0.8690036981125674 
167 208 0.09271789783810858 
168 135 0.18505848760691423 
168 143 0.06590338972161813 
168 181 0.9977692582934352 
168 479 0.584928335096097 
169 14 0.46213620114595644 
169 45 0.7908293913174431 
169 49 0.14354447042092777 
170 48 0.46361539127685547 
170 172 0.2294963150095083 
170 209 0.1725811460835318 
170 464 0.19474972680721225 
171 49 0.9430913882474136 
171 72 0.8174727055060973 
171 42 0.976198419345569 
171 130 0.14435405201759433 
171 26 0.2676510749236656 
172 108 0.189262369263979 
172 170 0.984387059865591 
173 30 0.7787922121627923 
173 128 0.4279311652543848 
173 66 0.5529270001729385 
174 132 0.6360231168974523 
174 106 0.22294238891053442 
174 53 0.10059530117633819 
175 87 0.8585302834492761 
176 156 0.6061460647202815 
176 104 0.69714654947319 
177 141 0.7720986112011042 
177 118 0.8614944412575191 
177 159 0.24173886496214958 
178 62 0.9622686245204716 
178 82 0.039406521480769396 
178 188 0.9446079829906123 
179 146 0.33166103979212813 
179 123 0.4375727926449797 
179 88 0.6421232679500862 
179 199 0.5534523251669322 
180 110 0.24867605641415402 
180 197 0.04518774257085978 
181 135 0.5123649302122579 
181 168 0.7514037865543605 
181 143 0.820237025376332 
182 65 0.17339377186932436 
182 139 0.4990652940994852 
182 52 0.24520559397827457 
182 111 0.9309302154996032 
183 89 0.6742141590419619 
183 126 0.49925774246609167 
183 216 0.9604177268749031 
183 256 0.6573589936880574 
184 117 0.986632409876675 
184 35 0.9218520556650696 
184 87 0.9571250472157199 
184 113 0.3601975302729411 
184 214 0.1165148489997 
184 261 0.5277998501518238 
185 132 0.18601225139517064 
185 106 0.38636934713351534 
185 217 0.8928961142087959 
186 130 0.9090315489514791 
186 162 0.9816845493376888 
187 95 0.20159336173467446 
188 62 0.2830868755599004 
188 82 0.5951297946831238 
188 178 0.3836820968904938 
188 30 0.6501732589131076 
189 37 0.7954323010127046 
189 114 0.7227987614057291 
190 75 0.9010592068425485 
191 84 0.20765528625327734 
191 42 0.5795245328720618 
191 26 0.24999115990260024 
192 61 0.18799962118971403 
193 69 0.5441290144387189 
193 54 0.7223028925692713 
193 140 0.8799973146042253 
194 129 0.526409879010592 
194 164 0.7840671872293344 
195 167 0.309361197639769 
195 61 0.12189832481683438 
195 135 0.6625875861815396 
196 57 0.2367729341047471 
197 180 0.048744859282588426 
197 89 0.03795410997850157 
197 210 0.0978405265793767 
198 146 0.009992879144119615 
198 88 0.9831694297244162 
198 123 0.16077570328707103 
199 52 0.06822527672607404 
199 13 0.23629000088989116 
199 179 0.6187339665901337 
200 149 0.6297257259144339 
200 145 0.506904828261348 
201 75 0.21246920227904453 
201 190 0.9293008560430812 
202 159 0.73234944040018 
202 141 0.8260181227233065 
202 118 0.6081853809753305 
203 25 0.06177771953719102 
203 40 0.550727196940389 
204 107 0.22321594149196144 
204 28 0.2018893805457428 
205 129 0.24680827166633856 
206 95 0.4106929011276975 
206 29 0.04797647167721664 
206 73 0.9838513509885457 
207 26 0.1275908719179898 
207 42 0.7655539481431483 
207 84 0.422566171301339 
207 223 0.12943859458480622 
208 167 0.060179284505752606 
209 170 0.8485867653662444 
209 89 0.9407995736102652 
209 48 0.4239280096323301 
209 215 0.6055010437571293 
210 197 0.2493791107926684 
211 12 0.6192668496794098 
212 91 0.7616228211378975 
213 32 0.37770373273090463 
213 81 0.35249894978215235 
213 97 0.18497564006700773 
214 184 0.8634284677060369 
215 209 0.8461879245813004 
216 126 0.8765224916917671 
216 183 0.6607691844724141 
216 89 0.8655484088943662 
217 185 0.202788833911538 
218 80 0.8709233643142765 
218 70 0.3470491331934292 
218 17 0.9404069638994791 
219 23 0.33645129051103473 
219 124 0.28729567768512165 
219 263 0.7344038194741916 
220 54 0.6496835132028692 
220 74 0.8364451058825871 
220 109 0.3504812682009508 
220 69 0.11152703929501517 
221 40 0.04793208283153405 
221 31 0.5206413938108337 
221 150 0.5658593454240988 
222 46 0.15806030067697352 
223 137 0.8982555754831995 
223 114 0.7420694247577986 
223 207 0.1263137485361836 
223 37 0.5550769447212176 
223 26 0.0909921421729295 
223 224 0.08615795081460231 
223 225 0.8758123176298416 
223 227 0.4436081346000883 
223 228 0.48683652887248885 
223 464 0.029265756656311814 
224 223 0.7445956635940622 
224 226 0.21734291673882777 
224 237 0.5145970588112999 
225 223 0.28269850113784767 
225 230 0.28930660594076474 
226 224 0.1600734844006122 
227 223 0.385892572550674 
227 225 0.0609050393738787 
227 231 0.5791017250107241 
227 232 0.6379466596837026 
227 234 0.2560554326684954 
227 236 0.48655654927443803 
228 223 0.38128605453992737 
228 229 0.8497173160448952 
229 228 0.5988418119324883 
230 225 0.13962353838130792 
230 235 0.020515040044459365 
231 230 0.5764867701140014 
231 227 0.39387192200350973 
231 235 0.1899046088914249 
232 227 0.13311588391206342 
232 236 0.27239928387805634 
233 227 0.9529832228617926 
233 234 0.09663085749546008 
233 236 0.3005077994400218 
234 233 0.6805102465276431 
234 227 0.975257464126571 
235 230 0.01866925447304768 
235 231 0.7146289490791156 
236 233 0.06091118304926746 
236 227 0.0637140924443077 
236 232 0.04943876241987122 
237 224 0.5386549894719824 
238 225 0.8207053750799116 
238 95 0.4940399809189936 
238 5 0.08591543108536515 
238 15 0.4090413469262789 
238 130 0.4573810941654659 
238 239 0.5001172127570039 
238 240 0.19181037105517873 
238 250 0.3615005019223999 
239 238 0.4892525822921381 
239 240 0.9633526008888355 
239 246 0.38097004734810525 
239 248 0.9070826871308568 
239 254 0.8647320554708422 
240 239 0.6731847755032077 
240 238 0.6189675398104304 
240 241 0.13635144755371253 
240 243 0.72721688072127 
240 244 0.095018813735947 
240 247 0.04399979166897261 
240 253 0.934384811510854 
241 240 0.2539183198779422 
241 242 0.729970020130474 
241 255 0.5449068902616148 
242 241 0.7351490427493461 
242 245 0.7212343455472339 
243 240 0.6717473115663496 
243 249 0.4200284136685808 
244 240 0.6441053216850879 
245 242 0.7683397949906562 
246 239 0.3204746437788141 
246 251 0.15512957660765625 
247 241 0.6055764496915697 
247 240 0.41452628073027575 
248 239 0.8133204364577296 
249 243 0.10284365896017045 
250 238 0.015205214307693837 
250 252 0.9651027875169942 
251 246 0.9057189124531925 
252 250 0.9327700037080018 
252 251 0.4138934524546388 
253 240 0.12437235661293833 
254 239 0.7988231926179461 
254 261 0.09146119920649654 
255 241 0.6964503830358768 
256 129 0.820331716786585 
256 183 0.5818846713226796 
256 218 0.8572861221010435 
256 111 0.16087295991461525 
256 163 0.7227262702631478 
256 257 0.046302811187578286 
256 258 0.46594192769881826 
256 259 0.33270368210549417 
256 260 0.3903292592461908 
257 256 0.6141557142398418 
257 259 0.7629023706261184 
258 256 0.8669123386585763 
259 257 0.6659033861119371 
259 256 0.5309506700338276 
260 256 0.1718212075104183 
260 258 0.3242558930455952 
261 12 0.6882533525388338 
261 184 0.7614144274825492 
261 112 0.012796191966892745 
261 254 0.5704549806491146 
261 174 0.44846700115995575 
261 262 0.8367477291734935 
262 261 0.9576777521978109 
263 118 0.40332246074770794 
263 20 0.9958967725548535 
263 219 0.13327528558669144 
263 60 0.925208563670546 
263 163 0.6094608170550431 
263 264 0.9317386717944418 
263 267 0.433572001533299 
263 277 0.7780819436917605 
263 286 0.13795771552654001 
263 309 0.9476701426423279 
263 319 0.023396947337967378 
263 336 0.1841159097984525 
263 350 0.9085476998255387 
263 380 0.699307329014392 
263 400 0.7114594338081472 
263 418 0.9151771670805692 
264 263 0.9771249712888156 
264 265 0.34547797071893416 
264 268 0.5089399237990534 
264 270 0.11491211104699495 
264 275 0.6579071183164158 
264 283 0.5799651154676927 
264 290 0.7963949633201921 
264 304 0.7749297763532254 
264 313 0.3815666847232402 
264 333 0.8937284500494805 
264 377 0.4566090688879838 
264 442 0.230089958402107 
265 264 0.44717106934087913 
265 266 0.17932682979703307 
265 293 0.27544618284031375 
265 294 0.7764735577040834 
265 328 0.07493673631088937 
265 434 0.5702688726020881 
266 265 0.4058940251115861 
266 269 0.7820677716751432 
266 294 0.8691100535475754 
266 421 0.5762845737328861 
267 263 0.6286250721633377 
267 278 0.4797194140637492 
267 373 0.9776550747597327 
267 448 0.41723053314910585 
268 264 0.6977210028020265 
268 302 0.9196878953123323 
268 307 0.21664312838997934 
268 338 0.1937214482061279 
269 266 0.8935512902462958 
269 268 0.08477651182609769 
269 274 0.31370424257798024 
269 284 0.2779796343034886 
269 310 0.1282196736563559 
269 317 0.4972559706937446 
269 326 0.5588355187453999 
269 327 0.293805186867126 
269 344 0.00560202902918816 
269 357 0.10595839418159647 
269 365 0.9918641941093941 
269 369 0.6626458866373582 
269 371 0.8479493852789939 
269 376 0.9283107757918678 
269 446 0.9488339702177353 
269 452 0.2937408541631855 
270 264 0.3941101229096027 
270 271 0.8994145525183325 
270 272 0.6747386737503804 
270 273 0.9292671148489935 
270 295 0.8837430454427924 
270 333 0.5925964500596875 
270 335 0.5654480729258945 
270 337 0.37030708433045534 
270 414 0.7882237399272273 
271 270 0.2221818593805165 
271 272 0.28120673775297866 
271 279 0.6341348369229065 
271 285 0.5679377790312337 
271 300 0.8266283868675778 
271 324 0.8885265551547753 
272 271 0.23377966825328222 
272 270 0.19615626090328764 
272 308 0.5411854731788256 
272 396 0.6450623798235272 
272 413 0.8817988958517 
272 445 0.5790020290757316 
273 270 0.3810715886974273 
273 337 0.5547683179239236 
274 269 0.0004226360563897025 
274 296 0.0014671588513721634 
274 318 0.5935184657996916 
274 319 0.984108487117373 
274 343 0.883686180692946 
274 459 0.6695517870380501 
275 264 0.004853856211608387 
275 287 0.18928570204742068 
275 303 0.9732714285293821 
275 435 0.5443343332269399 
275 438 0.8752733361483309 
276 269 0.8542409704316822 
276 280 0.35479923688381587 
276 282 0.9032260698480958 
276 301 0.12784631163358962 
276 346 0.26650825091118935 
276 362 0.6967046683478016 
276 364 0.26220075909438423 
276 376 0.9703526039553854 
276 439 0.6014267940292308 
277 263 0.7413940990761725 
277 352 0.5386153009829133 
277 411 0.28129335772394626 
278 267 0.5925084568117983 
278 288 0.26087003888784244 
278 319 0.41343366638960966 
278 347 0.8725892275223637 
278 361 0.27180101675464996 
278 403 0.015623669794902262 
279 271 0.21504782280037882 
280 276 0.5589581694382312 
280 370 0.9492994933249777 
280 388 0.567465705328979 
281 264 0.3546319736353304 
281 275 0.24350125088942765 
281 298 0.9907578249452578 
281 333 0.4288581849416756 
281 432 0.8523667757477941 
282 276 0.3254804226600029 
282 285 0.37419902898295854 
282 289 0.9311716287548178 
282 292 0.6115106833184213 
282 299 0.0694138899287231 
282 316 0.8543030521171442 
282 342 0.34320714251073514 
283 264 0.5799726029272593 
283 341 0.8186092386232237 
284 269 0.36327546083673445 
284 306 0.850572227955303 
284 317 0.6077425018252437 
284 322 0.756314231400667 
284 371 0.2139206118480177 
284 388 0.6791857040368552 
284 452 0.4547352873657131 
285 271 0.034966214778668125 
285 282 0.05112408939554658 
285 291 0.7439748464685205 
285 305 0.34636774496014333 
285 419 0.11632457495907134 
285 423 0.06324588664990327 
285 431 0.043242151379380256 
285 461 0.03625019182297862 
286 263 0.8136567720428082 
286 319 0.3599568524971112 
286 350 0.05593236931400891 
286 400 0.5057530890280492 
286 418 0.7010660865830278 
287 275 0.6599440095662755 
288 278 0.5664990780763425 
288 347 0.9957387503025227 
288 403 0.9688699382379086 
289 282 0.47723708051804414 
289 393 0.9112597026096709 
289 408 0.15856098892247827 
290 264 0.5820862771363565 
291 285 0.915601443173188 
291 339 0.1693647567445622 
291 383 0.7159547320574126 
291 409 0.6994660413082543 
291 447 0.46841219846167637 
292 282 0.6485265480613136 
292 285 0.144682802214826 
292 332 0.20249236158590045 
292 393 0.703322441324721 
292 415 0.7848632833077145 
293 265 0.022542877017761698 
293 315 0.2179075314091079 
293 372 0.28037940500436087 
293 374 0.6832242522255656 
293 382 0.5292827405902245 
294 291 0.14233350863331506 
294 266 0.10121129034360998 
294 265 0.022203131622250294 
295 293 0.8574324086771943 
295 273 0.9480224984158399 
295 270 0.49901004795167936 
295 297 0.7552956318843363 
295 341 0.5849207405144506 
295 450 0.2625415052543273 
296 274 0.4411572966910885 
296 318 0.8996594056868454 
296 329 0.20943295905254733 
296 340 0.3048462837357344 
296 361 0.9661403126049055 
296 443 0.5840027522925771 
297 295 0.06320159751330034 
297 450 0.8280671024858807 
298 281 0.6326614538927564 
298 283 0.474659068473282 
298 300 0.06314925772498992 
298 323 0.2067395986823023 
298 356 0.7296971666609794 
299 291 0.8578018114571627 
299 282 0.2800393252714726 
299 325 0.8635979057885398 
299 368 0.8153759734783391 
299 406 0.5527712833266633 
299 408 0.947872698316775 
299 420 0.1346069737653579 
300 298 0.43363358442914113 
300 272 0.6697991632343041 
300 271 0.6211116572219418 
300 395 0.19223919166689507 
301 276 0.7469488619177258 
301 312 0.924740779434292 
302 268 0.40966391238361877 
302 307 0.22359079599842824 
302 334 0.4638447012024789 
302 417 0.8753295495521637 
303 275 0.5242454119836342 
303 271 0.49878572652559794 
303 397 0.9134617099473654 
304 264 0.3771134066069419 
304 298 0.16816309484869196 
304 375 0.5935358156552598 
305 285 0.9014208530401161 
305 410 0.8977569249485364 
306 269 0.10550073386530268 
306 284 0.06164925361238083 
306 310 0.27544174835356217 
306 331 0.6268816619574263 
306 357 0.25066006604458047 
306 387 0.05680854044469208 
306 398 0.008217927165225292 
307 268 0.9505673000108469 
307 302 0.6588587455589068 
307 338 0.4052064866896532 
307 357 0.02958264309029568 
308 272 0.7940486027976468 
308 313 0.6436472951134198 
308 337 0.9286656379939559 
309 263 0.4904239720523639 
309 366 0.7782149288988448 
310 269 0.7172801876872854 
310 306 0.11550578880093199 
310 311 0.01847485121304282 
310 345 0.43558625023237596 
310 349 0.2220961594398556 
310 379 0.3901281297031367 
310 385 0.1604061143298291 
310 404 0.4169063024443198 
310 453 0.1824969380468897 
311 310 0.3649210532526924 
312 269 0.7046787839840831 
312 301 0.12374979902570626 
312 276 0.24621624212179338 
312 314 0.13174604674505264 
312 320 0.5697017563147735 
312 321 0.9436267274747656 
312 436 0.7175410926741322 
312 457 0.7851252656406619 
313 264 0.3275555264827614 
313 268 0.18089982600718402 
313 308 0.4655031980626336 
313 270 0.6255878064657537 
314 312 0.12172143822538939 
314 351 0.37875658896849074 
314 457 0.48405463239437574 
315 293 0.3655347996550652 
315 372 0.8697498665372306 
315 414 0.10803002290908059 
316 282 0.2785513718096724 
317 269 0.968807466053855 
317 284 0.730772902926731 
317 326 0.9734832837262504 
317 365 0.27692405366141626 
317 389 0.4921275749263577 
317 394 0.03878699679956665 
317 452 0.6322004676952993 
317 460 0.46317095714988155 
318 288 0.3640738666381733 
318 296 0.6478186206108995 
318 274 0.7599356104891731 
318 412 0.5562555231498313 
318 416 0.25107189218513914 
319 278 0.6107380753219163 
319 274 0.5840881461162579 
319 286 0.6280525592675508 
319 263 0.19411852985596023 
320 314 0.3655249810128359 
320 303 0.7669198759415128 
320 312 0.5912232009477189 
320 354 0.8959388693681974 
321 314 0.5912985488342198 
321 312 0.42620036992460264 
321 327 0.03398048807852505 
321 436 0.8067433878280599 
322 284 0.2904065138542188 
322 291 0.45142140443300993 
322 299 0.42393596302936476 
322 306 0.6714322483829099 
322 332 0.2561888083687718 
322 345 0.9017889773667905 
322 374 0.9615854973908086 
323 298 0.1413287724613399 
324 271 0.5658729726737824 
324 381 0.6605831220449171 
324 424 0.33926670542851767 
325 299 0.7348490460572454 
326 269 0.22878473660081788 
326 317 0.9515067191063301 
326 344 0.2172433120182249 
326 369 0.04933827639106658 
326 389 0.2820351741666225 
327 312 0.6545769591654103 
327 326 0.19175706787774427 
327 321 0.425599831526153 
327 269 0.6243432324775386 
327 330 0.7429947943555433 
327 425 0.7238390845485123 
327 444 0.6322074005064606 
327 460 0.9079936990793881 
328 265 0.7064168071077543 
328 434 0.5751923284464823 
329 296 0.47803059578398444 
329 443 0.18173563680567872 
330 327 0.4188320331635975 
331 269 0.4986610135169608 
331 306 0.40082336555889575 
331 351 0.024158337098940108 
331 363 0.2458036713721744 
331 367 0.6777484083585883 
332 322 0.5740130179211004 
332 292 0.02063223458767638 
332 348 0.1947099521784078 
332 378 0.7966161566613329 
332 426 0.29537543740009486 
332 456 0.14313436559009096 
333 270 0.9451342594391156 
333 281 0.256375564137871 
333 264 0.43111970759957907 
333 341 0.7566985864241922 
333 359 0.6422108004196726 
333 386 0.3962215340101437 
334 302 0.1853774253745435 
334 268 0.7985512701878024 
334 307 0.3040024239560203 
334 351 0.6192417607467712 
335 270 0.3110693300961751 
335 355 0.8999365079236153 
336 263 0.38418753181383436 
337 308 0.941019979360095 
337 270 0.6468131739871982 
337 273 0.044374486051277695 
338 268 0.505227430527088 
338 307 0.44681707122087333 
339 291 0.30064830207634197 
339 383 0.23730411048164857 
339 409 0.6796277451304079 
339 447 0.2545302037506433 
340 296 0.9180321374887082 
341 295 0.0075538332846823986 
341 333 0.7663233801992804 
341 283 0.8023040958979241 
342 282 0.1480409163133496 
343 274 0.5574093796075423 
343 276 0.08723480202046963 
343 309 0.2322062727276366 
344 269 0.5800753392979408 
344 326 0.07114315158073303 
344 369 0.2736597615947344 
344 452 0.5936194619077549 
345 318 0.6727091731377816 
345 322 0.7133339770568019 
345 310 0.22424134646172067 
345 349 0.5652430944319202 
345 401 0.876423181000676 
346 276 0.8467440130486495 
346 362 0.6395278689503217 
346 364 0.9165176434658628 
346 439 0.6217145417279648 
347 278 0.9977043132311781 
347 288 0.9027921879544426 
347 448 0.1885856756463875 
348 332 0.6303570282395259 
348 426 0.8978471015913085 
349 282 0.05513939674766666 
349 310 0.06991841866352011 
349 345 0.9518524316791371 
350 263 0.10170887365631232 
350 274 0.2186913871607643 
350 286 0.25972297113117004 
350 361 0.8234960743920936 
350 366 0.17973655394493793 
350 433 0.6601628195523508 
350 449 0.8132898668995764 
351 312 0.23154684674772907 
351 331 0.7153918064582259 
351 334 0.4608139590355257 
351 314 0.7205022460608475 
351 360 0.04236941943379691 
351 441 0.3717168750137049 
352 277 0.10829600021159214 
353 331 0.2606638654988953 
353 363 0.7802785689809767 
353 367 0.9680657004006435 
354 320 0.6289556597656992 
355 335 0.23649131392001066 
356 298 0.8463928315911698 
357 268 0.09323489490581283 
357 307 0.7728397233490246 
357 306 0.8155165059223672 
357 269 0.8847335953184207 
358 281 0.3216802205170525 
358 432 0.44240797452686487 
359 333 0.8231824836595096 
359 341 0.1605971615726831 
360 351 0.3153812053588405 
360 441 0.8880771847975792 
361 296 0.37856426206781546 
361 350 0.3471142747768077 
361 278 0.14827203530338795 
361 340 0.2974799591501591 
361 440 0.9458273549140432 
361 449 0.3026349578369343 
362 276 0.7348223471418982 
362 346 0.019042802534240066 
362 439 0.2133768958298956 
363 331 0.6000652342528155 
363 353 0.4313634500503387 
363 367 0.9558938437482656 
364 276 0.5365250768593266 
364 346 0.7684646719315095 
364 362 0.2057929861925052 
364 370 0.22033633968255784 
364 388 0.39067720741294554 
364 439 0.044391666770176585 
365 269 0.2585676185018788 
365 317 0.8204663626733876 
366 350 0.9350996339878127 
366 309 0.11513505678875391 
366 449 0.8793814024679925 
367 353 0.2984637345722869 
367 363 0.943985991765795 
367 331 0.5428987778625189 
367 422 0.28303977851224027 
368 299 0.09348951652802018 
368 406 0.06742560511390805 
369 326 0.7260775283739752 
369 269 0.0991731408138895 
369 344 0.8401735286902606 
369 371 0.8273060536618997 
369 389 0.32456233498116116 
370 280 0.4574733218070942 
370 364 0.2212164230060908 
370 349 0.1469224227932333 
371 369 0.15055775965788165 
371 317 0.5753987392689403 
371 284 0.003339487587032064 
371 269 0.5327308199514574 
371 391 0.8249574803789438 
372 315 0.29950387909173415 
372 293 0.3266053153478575 
372 382 0.9173062804342612 
373 267 0.9448963846838653 
374 322 0.24241987476620885 
374 293 0.47716208161049967 
375 304 0.6875584500098184 
376 365 0.9542793752937094 
376 276 0.5317761054020756 
376 269 0.03640069366096932 
376 369 0.03917598886769491 
376 390 0.35328705561349694 
376 399 0.16228364952586916 
376 430 0.03083810244575047 
376 437 0.9618259075240378 
377 264 0.07918757960918466 
378 332 0.3138142525973584 
378 322 0.9878180568077963 
378 348 0.1525003987992668 
378 392 0.6793638052450169 
378 393 0.153722447659437 
378 408 0.9169891782259045 
379 310 0.2962669102546277 
380 263 0.5658101054792274 
380 286 0.848435166061672 
380 400 0.13046778398040682 
381 324 0.8449979642439902 
381 424 0.6521664841409901 
382 293 0.1673378595305487 
382 372 0.7286637731999737 
383 291 0.5326283210719868 
383 339 0.11615205239739246 
383 265 0.40742098626736933 
383 384 0.12209630665247162 
383 427 0.9746455346181158 
383 455 0.6967352561619721 
384 383 0.3261898060537477 
385 310 0.8266746097481023 
385 404 0.0701180483782673 
386 333 0.5784652597984936 
386 423 0.11048675204440628 
387 306 0.6704018659344334 
388 280 0.9303377307058925 
388 284 0.6119568882929536 
388 276 0.5386945008086068 
388 292 0.8804868729372568 
388 364 0.47395445868179653 
389 317 0.7572357909007903 
389 326 0.813809317154966 
389 369 0.5722796773018624 
389 391 0.5723000735920298 
390 376 0.24454867522123824 
390 399 0.13920170341671523 
390 492 0.5325089372104468 
391 317 0.5705659849237036 
391 284 0.6140583686066214 
391 389 0.0914357126978681 
391 344 0.2779054390152277 
391 371 0.9320475214677545 
391 446 0.5039758272475195 
391 452 0.25982429421136055 
392 378 0.8301247258315224 
392 416 0.48355223710659156 
393 292 0.18780246976428983 
393 378 0.8223638613923456 
393 289 0.941466372232523 
393 405 0.458426675201537 
394 389 0.05695288604599413 
394 365 0.7241148236672427 
394 284 0.026083390449906818 
394 391 0.8095487226633051 
394 317 0.6942816172790844 
394 446 0.4717011782900755 
395 300 0.8577523022576574 
396 272 0.020125926849023146 
396 402 0.42174144189698903 
396 445 0.061799030174238045 
397 303 0.41135701337218844 
398 306 0.7391918953349549 
399 376 0.1636620517844447 
399 390 0.1975613262239747 
399 437 0.4535182908262265 
399 451 0.37642089923088573 
400 286 0.15661739631326022 
400 263 0.004897886661754058 
400 380 0.7429871736921028 
401 345 0.38632331668676645 
401 294 0.2641571304288307 
401 339 0.6850908092558452 
402 396 0.47455717161115163 
402 272 0.08883331888036095 
402 435 0.18563747390280494 
402 445 0.8741615008377966 
403 278 0.9799576172006562 
403 288 0.5188491200069427 
403 407 0.2399117858194828 
404 310 0.6336971211641482 
404 385 0.8570956695426177 
405 393 0.7203643356336752 
406 299 0.8199671084235955 
406 368 0.1832426221023311 
406 408 0.45226253996054144 
407 403 0.7836209885186989 
407 429 0.40741745291722076 
408 299 0.0011957566502297512 
408 406 0.9715539250446208 
408 289 0.7684470481797437 
408 378 0.7995476440428247 
409 374 0.2261871679506281 
409 291 0.5198315517911946 
409 339 0.4326702125789579 
409 295 0.6457205163497861 
409 415 0.3781524890263428 
409 438 0.8695801233093237 
409 454 0.19320766472430784 
410 285 0.32421020828909974 
410 305 0.6382875925152992 
410 419 0.337932769815122 
411 277 0.21618396240366788 
412 318 0.9056355662131801 
413 272 0.02291888989135471 
413 396 0.7802149343797856 
413 445 0.7337214152632565 
414 270 0.7088647913537506 
414 315 0.6371293327818669 
414 372 0.20845955134131566 
415 292 0.1987594825548774 
415 285 0.7513758636716272 
415 409 0.9299465757793367 
416 280 0.24628925628110665 
416 378 0.44801618625600914 
416 318 0.3233572242558488 
416 388 0.444020078369338 
416 392 0.5636984111083561 
416 428 0.5007391421266396 
417 302 0.65641864198844 
417 268 0.20145659178833442 
418 286 0.17117800947068373 
418 263 0.2088403604194191 
419 285 0.49948132666492573 
419 410 0.6908143449522466 
419 305 0.24177649469088636 
420 299 0.6903850012190167 
420 406 0.9654138598727777 
420 455 0.8527045702314067 
421 266 0.33824292162926206 
422 353 0.43370587528117766 
422 363 0.7429574894906251 
422 367 0.9164482097518275 
422 331 0.5792651113321843 
423 285 0.634780514168696 
423 359 0.5131111843218598 
423 386 0.4259287356834488 
423 271 0.08114189444620057 
424 381 0.0845468922564726 
424 324 0.15689759606247022 
425 327 0.779372210671766 
425 330 0.2772621910050459 
425 442 0.8361205045283668 
425 444 0.6371088932332754 
426 348 0.03402448040985562 
426 332 0.31378825266715704 
426 456 0.3144466973955008 
427 383 0.39376574239605766 
427 384 0.5694837220982513 
427 455 0.652364262233344 
428 416 0.6918488907383716 
429 407 0.6777102410764877 
430 376 0.3407641864383625 
430 399 0.37444704801744344 
430 390 0.45447763482002257 
430 451 0.07409121929875839 
431 410 0.606071317433434 
431 305 0.2506226874242532 
431 285 0.01884122784291753 
432 281 0.13674472328118037 
432 358 0.23420356917242824 
433 350 0.8627424475301124 
434 265 0.6916045949165774 
434 328 0.4807320365679246 
435 275 0.10268848772489936 
435 272 0.5599293298049315 
435 402 0.8443810041808081 
435 396 0.480804153980944 
436 312 0.46719272374538434 
436 321 0.01859899382833896 
437 399 0.1505793993828819 
437 390 0.956247867389227 
437 376 0.6375565983458656 
437 430 0.9832896101938661 
437 451 0.9724148612566321 
438 275 0.40526390295843207 
438 341 0.4804112741111576 
438 409 0.08111303012510473 
438 266 0.45779597921338033 
439 276 0.47637404723695087 
439 364 0.7469627559039431 
439 362 0.7308479745024432 
439 346 0.7995516415706221 
440 336 0.6233176800350374 
440 361 0.11577465131317832 
440 263 0.08383333999166587 
441 360 0.6628616990667432 
441 351 0.15033799669378045 
442 327 0.3996034260850414 
442 290 0.594006320208047 
442 425 0.6123307350898239 
442 264 0.9314238005795278 
442 275 0.6426892351190605 
443 296 0.18028653725416066 
443 329 0.09583891847751236 
443 340 0.7035752782716774 
444 327 0.04407953972759837 
444 425 0.8284697100796024 
445 413 0.6587808547685671 
445 402 0.21323074656759555 
445 272 0.7907359704366997 
445 396 0.41514533674721477 
446 317 0.29686506986413774 
446 394 0.3949521239215005 
446 391 0.02177996377725988 
446 269 0.5881594936832777 
446 481 0.39770339927452825 
447 291 0.6962578804202056 
447 339 0.4325332664640662 
448 347 0.8580102575690718 
448 267 0.4857519547631305 
449 366 0.568481459007175 
449 350 0.36382025133275153 
449 361 0.5716223388804451 
450 297 0.2753614614719547 
450 295 0.9881666138564509 
450 271 0.385750302655413 
451 390 0.9540615199971071 
451 430 0.047166744198241295 
451 376 0.7911321236858693 
451 399 0.14909536431549852 
451 437 0.5100147590023706 
452 317 0.8259816681129785 
452 284 0.11870437763824937 
452 391 0.17334275384867592 
452 344 0.07411763846441877 
452 269 0.7607632379688447 
453 310 0.5363775360134687 
453 404 0.783101358220691 
454 409 0.4007236810189233 
455 322 0.29201813517006536 
455 420 0.9726449153196027 
455 384 0.23686329546930596 
455 383 0.3872751418675 
455 427 0.5384115001397684 
456 348 0.6059306674720192 
456 332 0.641796927423253 
456 426 0.7347618327669132 
457 312 0.2111958371071172 
457 321 0.5125040389380507 
457 314 0.06805960985479009 
457 464 0.4943707709716506 
458 295 0.7658592672898892 
458 339 0.3583856279769223 
458 265 0.8045847294594842 
459 274 0.6666265817307777 
460 327 0.1451105895110193 
460 317 0.23469561773800296 
460 444 0.5999668922919078 
460 275 0.16535832978737197 
461 231 0.7094980626549863 
461 285 0.4180029051398989 
461 27 0.17598013028429504 
461 310 0.2856797943485636 
461 462 0.7712323367831861 
462 461 0.7577117350186304 
462 463 0.06395986036086676 
463 462 0.84459826080406 
464 223 0.965660663896365 
464 100 0.662607718934761 
464 234 0.24883840485777442 
464 170 0.6237781951239414 
464 457 0.2680847715444904 
464 465 0.732398759844953 
464 466 0.8039687726527316 
464 471 0.9944310604880866 
464 474 0.2016902777247923 
465 464 0.5697553607821181 
465 467 0.22358030232063664 
465 476 0.5945392237728393 
465 477 0.657383062404654 
466 464 0.5273319852278163 
466 468 0.46333037326781035 
466 470 0.6797157659348299 
466 475 0.02782317236016174 
467 465 0.7880789971524359 
467 469 0.8614220807737389 
467 472 0.68661758120808 
467 474 0.7957536197817231 
467 478 0.5517144312591908 
468 466 0.1833900062212761 
469 467 0.5871407952184756 
469 472 0.04787621616032478 
470 466 0.154648814812688 
471 468 0.6127234737427858 
471 464 0.7890602791150142 
471 472 0.8232913444878116 
471 473 0.8436599942337003 
471 492 0.48725327499391036 
472 471 0.17499493318060422 
472 467 0.22190699216379728 
472 469 0.006105691583274786 
472 476 0.25443748326305016 
473 471 0.7871860071698321 
474 464 0.31651862603171943 
474 467 0.6804225690280723 
474 477 0.0805886558755392 
475 466 0.9463206478884986 
476 472 0.7694834313756851 
476 465 0.6700495694012194 
477 471 0.5933841278259026 
477 465 0.31016666977115326 
477 474 0.9343393449191632 
477 492 0.8572251154687871 
478 467 0.6929136179520453 
479 119 0.6858959733060397 
479 168 0.07478625252947124 
479 38 0.5339947279057995 
479 62 0.9943887213583112 
479 34 0.8844800862632255 
479 480 0.640643030471479 
480 479 0.06741002425740861 
481 141 0.8161965578964386 
481 343 0.9170955385722086 
481 87 0.7415108417070175 
481 404 0.7281048760871832 
481 446 0.37371972142000465 
481 482 0.004079963136723985 
481 485 0.27941751058962994 
481 489 0.49099512630405906 
482 481 0.8367886183580003 
482 483 0.4196270844522644 
482 484 0.6443329901029021 
482 487 0.3859357689132291 
483 482 0.9520327704288568 
484 482 0.7073200818133876 
484 488 0.17471725138664584 
485 481 0.2966423625419894 
485 486 0.7465691162294428 
486 485 0.22874786978316408 
487 482 0.44339695708928717 
488 484 0.247361889787431 
488 491 0.9967078127606349 
489 481 0.6290350692643146 
490 481 0.6162157610084738 
490 489 0.1125625317111435 
491 488 0.9974056473843298 
492 14 0.4966503849337286 
492 390 0.6598036018553306 
492 357 0.8487338420231851 
492 471 0.7281602089505231 
492 477 0.0551800735727358 
492 493 0.7382423462152035 
492 494 0.5185267774714272 
492 495 0.4727997889083949 
492 497 0.40558468751935794 
492 499 0.9591732619678751 
493 492 0.23229546903252218 
493 496 0.5364687045092048 
493 499 0.1311213406514271 
494 492 0.11062882806470808 
494 498 0.6056360533077279 
495 492 0.41420499619628803 
495 498 0.03995586386842098 
496 493 0.8237061096646255 
497 492 0.42511460048291017 
498 495 0.24848509471511848 
498 492 0.5834869316456226 
498 494 0.2708162066755717 
499 492 0.01692038058170886 
499 493 0.49513858956424417 
