500
0 1 0.31830323596265186 
0 2 0.046282843420102915 
0 3 0.2579418114760983 
0 4 0.7986386041416529 
1 0 0.6495988089195264 
1 5 0.8683795606103748 
2 0 0.1334374952723305 
2 5 0.11177121907078214 
3 0 0.7936845935837424 
3 238 0.9609851020932391 
4 0 0.6670021969871366 
5 2 0.5701955344424742 
5 1 0.2210699613245809 
5 6 0.2573912605708355 
5 223 0.88347442375968 
6 5 0.9919917854081634 
6 7 0.2908211869025945 
6 10 0.37711033163626906 
6 11 0.8735581835470302 
7 6 0.627043609658307 
7 9 0.31929682784207236 
7 12 0.4230176650792571 
8 7 0.973682806637262 
9 7 0.42054188775521795 
10 7 0.9131745413236986 
10 6 0.9223237816540438 
10 12 0.38416669282078997 
11 6 0.3112868955445818 
12 7 0.8476951240063898 
12 10 0.352682834474329 
12 6 0.08455595556915718 
12 13 0.5117096808261876 
12 14 0.15354797169819567 
12 16 0.3967646881625022 
12 17 0.48664178220232424 
12 19 0.3187817226611942 
12 25 0.11314574040724001 
12 28 0.25458926213164146 
12 31 0.6554316428992074 
12 34 0.4156595772498807 
12 38 0.20296068012941493 
12 39 0.6107536843162032 
12 41 0.15916033671680685 
12 61 0.32378687115935 
12 73 0.14921851884287018 
12 85 0.11419278137075861 
12 92 0.03224294455461563 
12 93 0.5668970794447794 
12 106 0.2904513211095494 
12 133 0.6710666552495304 
12 216 0.25675059443722337 
12 218 0.6451729328038136 
12 221 0.7398183426206929 
12 479 0.17732477205384378 
13 12 0.6971595174051642 
13 14 0.03271959993811979 
13 15 0.5830595119137986 
13 19 0.3224713741456532 
13 24 0.9465168137086667 
13 28 0.5655902320530597 
13 29 0.4161082499727028 
13 33 0.3996497613035098 
13 80 0.6872418636601904 
13 114 0.8173808117773604 
13 153 0.39459793482685956 
13 185 0.006706232484123387 
13 238 0.7949989358334202 
14 12 0.9492289782691942 
14 13 0.5173245232016638 
14 38 0.8917245130194044 
14 74 0.962173767418082 
14 81 0.33101892406565037 
14 96 0.9148513319594345 
14 104 0.16997462015696652 
14 109 0.02842887347128764 
15 13 0.18966141966649974 
15 18 0.7285647882932734 
15 20 0.6685402870085572 
15 46 0.69365805409803 
15 52 0.9645132301296641 
15 86 0.9989044871117351 
15 90 0.11064925413216609 
15 100 0.22635861329836848 
15 143 0.1916689402557643 
15 176 0.41109367276325026 
16 12 0.3328732550801091 
16 21 0.7859242891171894 
16 30 0.45470673916531845 
16 32 0.06694263713591231 
16 39 0.7519339831293899 
16 67 0.5378489244559792 
16 69 0.4569242848568724 
16 151 0.8794828606474264 
16 223 0.8612836688494607 
17 12 0.9680934771546615 
17 41 0.26657068323346855 
17 42 0.5684254425832794 
17 45 0.07322365101719086 
17 59 0.06330466735627749 
17 87 0.16180365753425785 
17 112 0.12068960329006129 
17 131 0.05911640782750971 
17 201 0.04911992587838565 
18 15 0.4571926097162432 
18 144 0.6815974619319208 
19 12 0.8533585711817336 
19 13 0.7299132869905073 
19 75 0.285337213819691 
19 207 0.15001835847666412 
20 15 0.8710424823252291 
20 27 0.1137377803401296 
20 89 0.7085131202675373 
21 16 0.21300154271236882 
21 22 0.9375268266366986 
21 23 0.5495250443042508 
21 53 0.21866828093309987 
21 57 0.22402259852253825 
21 78 0.293878485764935 
21 82 0.5664210293463238 
21 184 0.858072488686138 
22 21 0.18900567646654065 
22 78 0.9281829872199037 
22 88 0.532783938891447 
22 188 0.8882078919179065 
23 21 0.637474043722801 
23 44 0.11746911756921363 
23 53 0.7932623153375112 
23 209 0.2504942865857598 
24 13 0.10611332568745158 
24 62 0.8222099880777021 
24 164 0.6449926345468748 
25 12 0.028321819241678092 
25 26 0.7251679423450924 
25 37 0.6852058416695718 
25 41 0.6656407784415437 
25 83 0.46545491678743867 
25 138 0.8810358777210974 
25 141 0.6131891422770219 
25 187 0.8857765250189717 
25 238 0.5729376616567068 
26 25 0.11638497748584664 
26 33 0.9212278085405732 
26 43 0.4074240119461331 
26 66 0.7246580074791161 
26 111 0.6033471666751367 
26 119 0.6534755191822208 
26 175 0.3934733466124788 
26 198 0.3681956163518313 
26 214 0.16043613914384502 
26 238 0.677751755619894 
27 20 0.027674242233035273 
27 110 0.5201458242848443 
27 124 0.19407790331006458 
27 149 0.5506837466880687 
27 190 0.023629977024583027 
27 195 0.4761086138871049 
27 217 0.6337214131542853 
28 13 0.5660042848391241 
28 12 0.2750634716429915 
28 70 0.27451260465391447 
28 72 0.7225094985203976 
28 183 0.6654957739993567 
29 13 0.38345414851548587 
29 24 0.09667907242318563 
29 48 0.03244087192458589 
29 54 0.6916468426071541 
30 16 0.479077943626682 
30 69 0.9163192820903536 
30 188 0.08418025020355024 
30 211 0.5676931737819131 
30 223 0.3761130569855443 
31 12 0.7290746202288764 
31 79 0.18346012554347524 
31 154 0.5744722410857801 
31 159 0.3913970790604079 
31 192 0.9716155228085854 
31 194 0.8519799689283563 
32 16 0.911925231906126 
32 17 0.8602712529925287 
32 197 0.6581386886912837 
33 26 0.7683656495540251 
33 13 0.8935354323699354 
33 36 0.40585065328694014 
33 58 0.8767678252902082 
33 107 0.3820058760898316 
33 136 0.8777181518511951 
33 181 0.25220856509255973 
33 205 0.8463013278184203 
34 12 0.09522150217663938 
34 35 0.22542240218961984 
34 120 0.9866419778133642 
34 128 0.7373300230366091 
34 130 0.024941967116295705 
34 220 0.4388049576989139 
35 34 0.031845550049681925 
35 120 0.7564666957650321 
35 137 0.8803968518061821 
35 220 0.2033996741164843 
36 33 0.7226343432659633 
36 40 0.1470834523935065 
36 50 0.5864071014329212 
36 144 0.9564454355686791 
37 25 0.9528902920843844 
37 51 0.9858495120888537 
38 14 0.784590773885529 
38 12 0.44286309190223083 
38 91 0.7331538043641809 
38 96 0.4924190913904626 
38 118 0.8442441232070065 
39 12 0.8853003580968831 
39 17 0.9887390396717353 
39 16 0.4632102869261381 
39 25 0.7017460955799419 
39 47 0.285517903768956 
39 56 0.9697755086543479 
39 71 0.8456847424558243 
39 83 0.16110485980317568 
39 151 0.6763266219282306 
39 479 0.38688589772973525 
40 36 0.08547737049773163 
41 25 0.2980501566534425 
41 12 0.08238311780851104 
41 17 0.42915565838764547 
41 39 0.3801076858339294 
41 43 0.26958885832390866 
41 65 0.7271564256442127 
41 98 0.29890220319111793 
41 129 0.890234541917312 
41 186 0.1388556086934195 
42 17 0.624411072782582 
42 32 0.684340875401094 
42 51 0.37564853260984465 
42 87 0.1492061137740568 
42 115 0.9292042048015253 
42 147 0.4578981389090043 
42 213 0.6199093711693349 
43 41 0.324934625220036 
43 26 0.22645673874838035 
43 13 0.6578212198162926 
43 45 0.5417840667042884 
43 55 0.6209160047774674 
43 63 0.3921366087405831 
43 92 0.1992385787642169 
43 125 0.15016727463704493 
43 180 0.25877143519175716 
44 23 0.7798572059238643 
45 17 0.3136487864350269 
45 43 0.6800803958702593 
45 34 0.6722760610623689 
45 179 0.05166811407570304 
45 222 0.6167282954567507 
46 20 0.4221440617764213 
46 15 0.5795042151677431 
46 36 0.19726286921790137 
47 39 0.9336961796349076 
47 17 0.36969295762089593 
47 49 0.06414584427328995 
47 140 0.46559925985413975 
47 151 0.9555665145661166 
47 178 0.27591866190124736 
48 29 0.9817685924861821 
48 54 0.5428254598152982 
48 101 0.3965889764809445 
49 47 0.06613234923169553 
49 140 0.3139707694105224 
49 165 0.8600583243803359 
50 18 0.028727050909658547 
50 36 0.11952930770828096 
50 110 0.21674958857993787 
51 42 0.5041670537847576 
51 37 0.35755942505472094 
52 15 0.5105633610405872 
52 212 0.37257407730298275 
53 23 0.05035919027407043 
53 21 0.5685690700651279 
53 60 0.6369121605791481 
53 68 0.5929225850711223 
53 82 0.6680238199960938 
54 48 0.3859487549273557 
54 29 0.34042024512622693 
54 101 0.0996148368672809 
54 189 0.9838737952589477 
55 43 0.01972469125186349 
55 125 0.07682000597764516 
55 126 0.14935019740248578 
55 180 0.08948164593858388 
56 39 0.46959871096688865 
56 37 0.24664135122108588 
56 67 0.552111255070633 
56 71 0.09572321359823821 
57 21 0.336170273147289 
57 209 0.9584479561794866 
58 33 0.5713122491241924 
58 110 0.22333715977026114 
58 157 0.6037571589957156 
58 200 0.4665983710641831 
58 261 0.8458645216378039 
59 17 0.17022921470631347 
60 53 0.22016070318737302 
61 12 0.3625461462098547 
61 39 0.12007948764856813 
61 77 0.8704727042973941 
61 123 0.8066908815111618 
61 150 0.9599044298776173 
62 24 0.8196887467063784 
63 43 0.3426174023883807 
63 180 0.4775704950418951 
64 61 0.9651743529968647 
64 150 0.9349718931413578 
65 41 0.7168867373295673 
66 31 0.49862588992202495 
66 26 0.36887750859757873 
66 84 0.3983646225664871 
66 97 0.29484672599886097 
66 105 0.5741543220751919 
66 113 0.5427197795731165 
66 144 0.5209267953013476 
66 177 0.1999237713511336 
66 193 0.5642921542363487 
67 56 0.9800863402870241 
67 39 0.6764859327090367 
67 16 0.9654486045309675 
67 102 0.647966421433659 
68 53 0.28576877223722297 
69 16 0.8950453571469479 
69 30 0.1758308048337387 
69 211 0.9295605159629362 
70 28 0.886587904496522 
71 56 0.8201703453358489 
71 39 0.9470473919109669 
71 208 0.6730063731042263 
72 28 0.7439779257973669 
73 12 0.14033636894132662 
73 17 0.3283128278158539 
73 59 0.3433928132831623 
73 210 0.4421284829431986 
73 215 0.2315905972528961 
74 14 0.9863345618596415 
74 99 0.7189385792332882 
74 163 0.016405644810255082 
74 208 0.417834464983321 
75 19 0.7398488514645124 
75 80 0.4844538535873314 
75 116 0.23451371229971985 
75 155 0.20352562934887664 
76 70 0.2877691421695511 
76 135 0.6785975954253171 
77 64 0.5715581860039171 
77 61 0.40097827668312636 
77 123 0.4179762616812168 
78 22 0.4817950173439014 
78 21 0.49809017093244 
78 16 0.8479747520332025 
78 94 0.48029483924046423 
78 103 0.6038150622278896 
78 132 0.346634850174631 
79 31 0.3770154318108606 
79 159 0.989960593721851 
80 13 0.842477143684694 
80 75 0.2708151049506575 
80 108 0.7174188867967244 
80 167 0.05501418651072343 
80 171 0.38688126416707325 
80 204 0.8332220316192452 
80 207 0.6210922464221795 
81 14 0.6801878548721709 
82 53 0.3009129541588521 
82 44 0.2516365470782089 
82 21 0.40530433880141603 
82 78 0.9713180613985943 
82 132 0.43673437128538084 
83 39 0.486830277978191 
83 25 0.5379071218037976 
83 95 0.7674680226712643 
83 122 0.5997927283257813 
83 134 0.9409955847802096 
83 196 0.7189590072921175 
84 66 0.7283325810920068 
84 113 0.3343933191436874 
84 177 0.8030362236435021 
84 193 0.2932590764844306 
85 12 0.1637658551771315 
85 93 0.26964694622562224 
85 133 0.5321363029003404 
85 218 0.3238185734140896 
86 46 0.7113502595723575 
86 15 0.42856854802694466 
86 27 0.4564925246028403 
86 121 0.5169420959669128 
86 161 0.5689206166494595 
87 17 0.2619231376631628 
87 42 0.8424737812503305 
87 38 0.7232571663180061 
87 146 0.6223872618456071 
88 22 0.561948577037234 
89 20 0.38183325500865783 
90 15 0.8987976186766113 
91 38 0.5099983299763489 
91 96 0.539143607367495 
92 12 0.7871109298403808 
92 66 0.41099256887077407 
92 43 0.15086562262803693 
92 117 0.326963637791183 
92 166 0.5458916663791452 
93 12 0.9270278522656008 
93 85 0.5061484518122246 
93 106 0.9481256056159856 
93 216 0.09108660712333272 
94 78 0.7168740826938576 
95 83 0.36729659428615247 
95 122 0.2259690344426155 
95 134 0.362911607344647 
95 196 0.896672056196474 
96 14 0.9057730302898628 
96 38 0.44763045068793383 
96 91 0.9571330565503579 
96 121 0.9792740139199448 
96 127 0.177500787418032 
96 149 0.38047037037531095 
96 219 0.4149158781555444 
97 66 0.14729074929678598 
97 84 0.6717089470393571 
98 41 0.014782587722329099 
98 65 0.6114339985693101 
98 129 0.39588743842737806 
98 186 0.8343713670943069 
98 238 0.2724451632716214 
99 74 0.05584919744515926 
100 15 0.020759268264517905 
100 191 0.056703002477035525 
101 54 0.6219560490496802 
101 29 0.2752538382037123 
101 48 0.5934486927110422 
101 189 0.0027172987142736194 
102 67 0.9030960577136835 
103 78 0.6902059462421694 
103 132 0.4390143624472943 
104 14 0.6098014433983496 
104 109 0.09334001852049434 
105 66 0.8800745330544633 
105 97 0.45984730510409244 
106 12 0.2875136805762357 
106 93 0.7766769866930551 
106 216 0.6395620604016421 
107 26 0.48340816385508756 
107 33 0.8711678311142425 
107 182 0.9649976742325264 
108 80 0.8979024664688651 
108 25 0.5510380774893483 
109 14 0.4667181458885641 
109 104 0.8626646794736608 
109 148 0.4951365322715445 
110 89 0.705077842336291 
110 50 0.5139450059081503 
110 27 0.33242492994922657 
110 58 0.22790313192889222 
110 139 0.12387158146114519 
110 169 0.48168168408098055 
110 172 0.5417779994749147 
110 174 0.700120785240295 
110 202 0.6326878061203217 
111 26 0.28664863280912256 
111 119 0.1466303167438655 
111 199 0.5327434879133716 
112 17 0.6708457096636492 
112 131 0.5181790157443453 
113 66 0.9154844122918139 
113 84 0.5008602443522209 
113 177 0.5316398890250723 
113 193 0.5992523807347331 
113 261 0.975663261827905 
114 13 0.9282468243890304 
114 52 0.027661066057138584 
115 42 0.563027690837512 
116 75 0.3825368495627217 
116 19 0.5085760057776268 
116 108 0.18343780444228608 
116 162 0.431730666422103 
117 92 0.8956082932058064 
117 145 0.0890288484571683 
117 160 0.6413072025282655 
118 38 0.21630791654647197 
119 26 0.11888719521505875 
119 111 0.860457479328599 
119 214 0.43513283138844283 
120 35 0.7166642803068929 
120 34 0.6994066559582588 
120 152 0.32320048452677375 
120 220 0.23740544089585447 
121 96 0.589213819076608 
121 86 0.9311926123656357 
122 95 0.1870367626030921 
122 83 0.00038273619544937354 
123 64 0.0003051666629521055 
123 61 0.21857636261073043 
123 77 0.3021303100431897 
123 150 0.5052098155993524 
124 27 0.04253118829274383 
124 86 0.5676306997417636 
124 128 0.09789372698263799 
124 149 0.3193379586111731 
125 43 0.15849302816855282 
125 55 0.7000322742014848 
125 126 0.9845700321413549 
126 125 0.06521512966137133 
126 43 0.5311004385607122 
126 55 0.4898408318446521 
127 96 0.770278069097318 
128 124 0.16364669485956373 
128 48 0.0623220126011379 
128 121 0.3772300503178818 
128 34 0.6936988271117286 
129 41 0.8179280573734854 
129 98 0.5142989092164122 
129 186 0.45310854419981383 
130 35 0.6296245014697572 
130 34 0.25866648337189835 
131 17 0.3723695820777977 
131 112 0.802974049613058 
132 78 0.07655292538306335 
132 82 0.15449710130309158 
132 103 0.3769688670398169 
132 156 0.7623913759177345 
133 12 0.2767234070554939 
133 85 0.24511710138719245 
134 83 0.3914060895814694 
134 95 0.9595427491601176 
135 106 0.15045005657890687 
135 70 0.09304765956338301 
135 76 0.051548097340853305 
135 12 0.02076895179177707 
136 33 0.11045576046977423 
137 35 0.1250671733255989 
137 120 0.6674075388310137 
137 34 0.9768390999755039 
138 25 0.23673914409544772 
138 141 0.8709079916811108 
139 110 0.9552277246063862 
139 169 0.8528977809413795 
139 174 0.7599262920909867 
140 47 0.5300729039527801 
140 49 0.8965135042280121 
140 165 0.7519430319239971 
141 138 0.7202111392053563 
141 25 0.13037066451865098 
142 50 0.5147432362173482 
143 15 0.7271897734859591 
144 92 0.5156120676523238 
144 36 0.8024171611513949 
144 18 0.5040808633449883 
144 66 0.41061333104633224 
144 158 0.9956912351350539 
145 117 0.1358881067388119 
145 92 0.6454315534842866 
145 160 0.7482453643289607 
146 87 0.20301789855953356 
147 42 0.4897230071024631 
148 109 0.5741913934977749 
149 124 0.32644641068782754 
149 96 0.967763880550507 
149 121 0.054543890737489886 
149 27 0.1072707723330022 
150 64 0.47251325051198567 
150 61 0.48471914720634945 
150 123 0.6994982973123016 
151 39 0.8367864568390426 
151 16 0.5239350982537553 
151 47 0.8258644496008 
151 168 0.208404588755437 
151 209 0.9959036952377353 
152 35 0.35568467864963027 
152 120 0.3458710241260575 
152 130 0.22521548543295866 
153 13 0.04442750629571979 
153 108 0.7458325477707428 
153 464 0.2123100745801716 
154 31 0.19993629725842366 
154 159 0.9778222445865116 
155 75 0.07163215240314569 
155 19 0.9312958711910765 
156 132 0.07928396243669433 
157 58 0.3135624468007506 
158 144 0.08599412504976889 
159 31 0.6639902815346109 
159 79 0.6943861606733215 
159 154 0.7698591036215772 
159 192 0.5592064688173797 
159 194 0.5927201439713411 
160 117 0.3903432113619958 
160 92 0.7904380062282718 
160 145 0.8403548658942734 
160 166 0.6774793640548692 
161 86 0.03490432926747167 
161 27 0.710144579886909 
162 116 0.5569231639531653 
163 74 0.2716600169394545 
164 52 0.8428105656549253 
164 24 0.10161916390923409 
165 47 0.5012702520369074 
165 49 0.8566638049244587 
165 140 0.27990336666397686 
165 178 0.5712310309375922 
166 160 0.6633414924098426 
166 92 0.02548223032797181 
166 145 0.1396330614065504 
167 80 0.47259287002121764 
167 204 0.5727828929245091 
168 151 0.9632810180538282 
169 110 0.45896969171402924 
169 139 0.0315106783027731 
169 174 0.8174819808169306 
169 202 0.690612460440067 
169 261 0.019009896654620828 
170 41 0.6758772132564658 
170 98 0.7156416651625773 
171 80 0.3320921236843746 
171 167 0.7818349618761068 
172 110 0.3791461458714157 
172 139 0.598160093143443 
172 50 0.12944029966398185 
172 203 0.13781786526262052 
173 50 0.7342073675454134 
174 110 0.16998270449108022 
174 139 0.886003261838106 
174 169 0.15004574709292273 
174 261 0.9016232648384506 
175 26 0.18658996816404572 
176 90 0.9074437101105035 
176 15 0.6951726812631879 
177 66 0.019066314089613123 
177 84 0.4512925170480503 
177 113 0.7474980496323169 
178 47 0.8011879964755934 
178 165 0.13254598243189808 
178 49 0.6861389505238566 
179 45 0.9337501957793407 
180 43 0.9927799358074725 
180 55 0.13622836393493687 
180 125 0.21745430603351246 
180 63 0.4650407331856252 
181 33 0.8706496260737113 
181 136 0.1123164157320472 
181 182 0.28018556049133714 
182 107 0.892630266648117 
182 181 0.548842574433844 
183 28 0.007733055927015009 
183 72 0.3871129998588172 
184 21 0.8771645577722404 
185 13 0.7133301350677203 
186 98 0.9297919075765348 
186 129 0.9367138818139082 
186 41 0.635599404793018 
187 25 0.11287541044727711 
187 141 0.3463656936167846 
188 22 0.5228125358366211 
188 30 0.7397260070353568 
188 223 0.7593952975031604 
189 29 0.7001905265922306 
189 101 0.9466265546720521 
189 54 0.0757330257741281 
190 27 0.4379080128435321 
191 24 0.21047512994298756 
191 100 0.28797263016982255 
192 159 0.4991294601735602 
192 31 0.5049469094457293 
193 66 0.7892742343234214 
193 84 0.1664255612731652 
193 113 0.2841076732094402 
194 159 0.37386107317267236 
194 31 0.48245867902780015 
194 192 0.6870588320717992 
194 79 0.9757582274951031 
195 27 0.22942585664638215 
195 190 0.041967417921669026 
196 168 0.5049970522482689 
196 83 0.29513712707364204 
196 95 0.12144913459456141 
197 32 0.3129220752549535 
198 26 0.4520303522406053 
198 111 0.7649632910229499 
198 492 0.7868344441825282 
199 111 0.42757366112406403 
199 119 0.09714374263325742 
199 198 0.37416566571875876 
199 26 0.6983197354390042 
200 58 0.45941341448413175 
200 206 0.705947650055592 
201 17 0.6437112983829927 
201 112 0.5306760818145537 
201 131 0.011456295933379823 
202 169 0.9183089056305139 
202 110 0.1005130090161257 
203 172 0.19817440008417941 
204 80 0.06922336273103413 
204 167 0.019294405865142306 
204 263 0.4671344222724345 
205 33 0.405447210475505 
206 157 0.8624653667993868 
206 58 0.7125357647370274 
206 200 0.9024564864823694 
207 80 0.7296834117968519 
207 75 0.39448252062292377 
207 19 0.9614876122667999 
207 155 0.6056052383307359 
208 74 0.6532390984916719 
208 71 0.4387680205748077 
208 99 0.19869301460473376 
209 21 0.8039346058197365 
209 151 0.6093988738848799 
209 57 0.5498092190848693 
209 184 0.6485527064015395 
209 23 0.5188885464290338 
209 211 0.8181985276524103 
210 73 0.2690729283725727 
211 69 0.6264778378083389 
211 209 0.5341121419973034 
211 30 0.8737709792060262 
212 52 0.5674484067812974 
213 42 0.9810279406330724 
214 119 0.8149360312762022 
214 26 0.4976812383094493 
214 111 0.2718843026741662 
215 73 0.6971080149815251 
215 210 0.9190229478977298 
216 12 0.6162819197059821 
216 106 0.44621734257566836 
216 93 0.7948308347161793 
217 195 0.4408903891113757 
217 27 0.47098983201787603 
217 190 0.8232993292501277 
218 12 0.898291262216381 
218 85 0.024549395825723686 
218 93 0.7341042865491866 
219 96 0.32359796155873033 
220 120 0.9518736921398894 
220 35 0.9945610174647299 
220 152 0.9722266295862051 
220 130 0.5756779805245975 
220 34 0.7244544604124447 
221 12 0.7801824890286969 
221 133 0.220620494751117 
222 45 0.5208392006112631 
223 16 0.18753229534921168 
223 188 0.2585415145657034 
223 30 0.13372545000707547 
223 5 0.39988972867615424 
223 224 0.10035116491678575 
223 225 0.976263384738747 
223 229 0.3331833145157621 
223 232 0.06837738011502237 
224 223 0.4927494315690434 
224 226 0.5830498697826524 
224 228 0.0028633168843168466 
225 223 0.3457935841179196 
225 227 0.6003952217529278 
226 224 0.3394552551421982 
226 228 0.7797477081746264 
226 230 0.5065060187101456 
226 231 0.14795348366460048 
226 234 0.5917314945406544 
226 235 0.6255241575469644 
226 237 0.05197226126371468 
227 225 0.5733606514460454 
228 226 0.8277566598292854 
228 224 0.6871361460841321 
228 233 0.3294655872794917 
228 236 0.0018266688058076186 
229 223 0.03926933379904196 
230 226 0.47662136982383696 
231 227 0.2337688065097635 
231 226 0.29032897543603287 
232 223 0.17070724730641818 
233 228 0.5411931499149852 
234 226 0.22466711695412434 
234 235 0.9831425596162626 
234 237 0.5969390299543963 
235 226 0.46915017515260937 
235 234 0.18912298414864626 
235 231 0.6740839719911995 
236 228 0.5193757530264892 
237 234 0.593513160908499 
237 226 0.11724936290063159 
238 25 0.8619163372832906 
238 3 0.4360527615370242 
238 13 0.5449081372858697 
238 26 0.9682665308623627 
238 98 0.08588161414003292 
238 239 0.8529645217786614 
238 240 0.4719112777642863 
238 243 0.7034563244080555 
238 247 0.9776085763497272 
238 254 0.8639442182347763 
239 238 0.5567877963556797 
239 241 0.0028388036717861276 
239 242 0.4160729217645064 
239 247 0.9710335181011863 
239 250 0.8272381192169938 
240 238 0.9581403246638907 
240 244 0.2958363978888525 
240 252 0.36350842332117494 
241 239 0.026828128949530128 
241 250 0.2644561368733547 
242 239 0.4377225018503621 
242 241 0.31193765580523736 
242 251 0.4849751053765705 
243 238 0.9842675449603443 
243 255 0.4887332971852082 
244 240 0.35503745415225696 
244 246 0.5577021075192025 
244 252 0.7401454677610138 
245 242 0.20671021462936123 
245 249 0.8485011890951666 
246 239 0.8601217536945968 
246 244 0.744617545572189 
246 248 0.6706920275247628 
247 239 0.7967166168683506 
247 238 0.805764566616592 
247 254 0.835982414173888 
247 255 0.825614751384086 
248 246 0.2829832747720804 
248 247 0.8338702342732114 
249 245 0.06629326651640666 
250 239 0.5218427123485515 
250 241 0.3104499756065199 
251 242 0.11898526603350934 
251 239 0.253531666652442 
252 240 0.7875504839874468 
252 244 0.035920181083118674 
252 253 0.6097365214586844 
253 252 0.32496212262894375 
254 238 0.6928401160223283 
254 247 0.30587380776078377 
255 243 0.2984581298693342 
255 247 0.6414591396958336 
256 225 0.003960260408933269 
256 61 0.9276249413841485 
256 78 0.7908096435912668 
256 22 0.9087599476335909 
256 71 0.244898970608752 
256 257 0.8844252553662343 
256 259 0.2499244083361406 
257 256 0.30453271155379713 
257 258 0.288964161875632 
257 260 0.4829467574911114 
258 257 0.2579257125357346 
259 256 0.027083885076125136 
260 257 0.07697385949018742 
261 58 0.3799206630377481 
261 113 0.8362793903222101 
261 26 0.5228752767093104 
261 169 0.37704072787888065 
261 174 0.005328891253453705 
261 262 0.8245022922316633 
262 261 0.015176968631292365 
263 204 0.9118808829643755 
263 25 0.6599283626820606 
263 120 0.4535116422915769 
263 75 0.665199262261555 
263 51 0.4054329615489709 
263 264 0.5180987154698786 
263 265 0.3245586572975898 
263 266 0.5827478404333257 
263 267 0.30176133013588535 
263 269 0.13892719215141014 
263 271 0.45802488028661625 
263 274 0.12818284398301105 
263 277 0.019382030084560076 
263 286 0.8334169300717206 
263 295 0.23696449193548852 
263 296 0.4584719421970669 
263 318 0.1395098777542364 
263 324 0.4763197882796566 
263 325 0.5023187123013609 
263 337 0.37935476262852375 
263 382 0.6555891439934722 
263 459 0.2417664170832362 
264 263 0.4130341274790369 
264 265 0.7648218750957527 
264 274 0.8072567944103635 
264 276 0.29796243097270536 
264 287 0.6053944755516982 
264 298 0.49445287557476547 
264 308 0.6367586389602462 
265 263 0.7192567162639053 
265 264 0.9569972929815461 
265 268 0.8203299614994141 
265 270 0.7414933285499626 
265 276 0.2621824707103404 
265 278 0.5980978715999811 
265 283 0.551098114549958 
265 285 0.27917054999206414 
265 314 0.7374579574125555 
265 322 0.4311719605332427 
265 338 0.9044173369095675 
265 340 0.44244956405251035 
265 371 0.9945700044520578 
265 373 0.993348222281287 
265 378 0.060193652306474 
265 397 0.3523376512405074 
266 263 0.5550146690541788 
266 269 0.10611522470738066 
266 275 0.520011969797068 
266 280 0.8319834056681019 
266 288 0.3118226725245573 
266 302 0.200902991625461 
266 339 0.10072308555547094 
266 345 0.7260846621194711 
266 385 0.40445694211660566 
267 263 0.3547653946285755 
267 264 0.35703800312795153 
267 284 0.08703940723077874 
267 365 0.031630976219829576 
267 428 0.32708753994507334 
267 457 0.9658119835596525 
268 265 0.7998533013660445 
268 278 0.8880320836044302 
268 302 0.14484992514658324 
268 312 0.8937983306576301 
268 372 0.4972382861467666 
268 394 0.6335462644525431 
268 419 0.4823648796271348 
268 437 0.009833394821168961 
269 263 0.8371593399844003 
269 266 0.47010521939650773 
269 273 0.12313302438285445 
269 288 0.6402197723347551 
269 326 0.9811734933451501 
269 396 0.12034072866511081 
270 265 0.20978369851927448 
270 282 0.6341749064765252 
270 307 0.37847442110111973 
270 355 0.7667867937056406 
270 408 0.898603000483459 
271 263 0.21011984028296504 
271 272 0.15374216565034804 
271 306 0.619481745619182 
271 359 0.781738556531251 
271 369 0.920340109324977 
271 383 0.6808438617103953 
271 451 0.27131717151105894 
271 479 0.618282537546419 
272 271 0.498418976756664 
273 269 0.32510068773807277 
273 270 0.5510846692526344 
273 279 0.2766163139000549 
273 280 0.8360469763250072 
273 301 0.15464923239040673 
273 304 0.797848388591002 
273 321 0.19151944121378706 
273 327 0.5792927748243626 
273 342 0.6572195072828376 
273 344 0.29895604980804436 
273 353 0.208616507692033 
273 381 0.8363534126824651 
273 390 0.4286184651136977 
273 456 0.3488597176474897 
274 264 0.4881789708352199 
274 263 0.693275740065998 
274 298 0.0837788378371751 
274 308 0.9420081555155143 
274 313 0.2056826618471751 
274 356 0.6414745429885247 
274 364 0.09692605889682959 
275 266 0.10882937819974714 
275 293 0.715488577015507 
275 296 0.8919381795888355 
275 309 0.09003731054517328 
275 330 0.7128586222068235 
275 337 0.8014866384124254 
275 347 0.19815812248426945 
276 265 0.12281651584172726 
276 264 0.6795594711416638 
276 305 0.7037101406418437 
277 263 0.4937662008198431 
277 291 0.39461895096473065 
277 402 0.5704806018027616 
278 265 0.7832243260275422 
278 268 0.4432173085292418 
278 285 0.20275086215992988 
278 292 0.5122729948032693 
278 319 0.7992369702310004 
278 329 0.9975342583700603 
278 334 0.10340517274379435 
278 411 0.9315029606874902 
279 273 0.6858214752900436 
279 280 0.698190371506999 
279 303 0.5203125330998434 
279 307 0.7604979708549316 
279 319 0.2785261720888643 
279 321 0.11402635814435624 
279 360 0.39028535511080753 
279 400 0.9105795885594556 
280 266 0.32478738451905376 
280 279 0.7651584750244129 
280 273 0.156585291714044 
280 281 0.6617809335019093 
280 289 0.8237851622440678 
280 349 0.9057700214203528 
280 399 0.9176254624383013 
280 405 0.6383490781181093 
280 407 0.4950908419652651 
281 280 0.5677040241862454 
281 404 0.34861281742249806 
281 416 0.8385316850628547 
282 270 0.6162124710799831 
282 265 0.03219695788153498 
282 306 0.47530212982088005 
282 316 0.4875332460531878 
282 338 0.2431261048377078 
282 358 0.49653417761588825 
282 418 0.4570318388159267 
283 265 0.9924939514169537 
283 397 0.17750654860817305 
284 267 0.614836281531847 
284 286 0.3330201506300611 
284 294 0.9572226225546417 
284 297 0.9277968694818007 
284 341 0.15553851501962923 
284 375 0.8293083707004593 
285 265 0.2715134169097658 
285 278 0.404069692360406 
285 299 0.5726232113506072 
286 263 0.1199086095929226 
286 284 0.6676679618086838 
287 274 0.027141581600011677 
287 264 0.40749502529463943 
287 356 0.4356508618993422 
288 271 0.7337603791500211 
288 266 0.13324398086559297 
288 269 0.17389048860778034 
288 272 0.867455554661031 
288 290 0.17272254936390707 
288 326 0.7060958421379726 
288 377 0.5978892867557508 
289 266 0.5611410521576092 
289 280 0.26767595093795293 
289 409 0.30181803436657373 
290 288 0.4597597109520204 
290 343 0.7339733739222792 
290 368 0.43138045204574427 
290 377 0.16557789142933355 
291 268 0.2857577467050214 
291 277 0.1284079104969249 
291 263 0.9758366650314076 
291 300 0.6807043375274955 
291 328 0.8924725705332734 
291 331 0.2712167103759876 
291 388 0.17665596375564718 
291 458 0.1871235397210551 
292 278 0.5780070961359468 
292 398 0.5966492908188672 
292 415 0.33797134038400556 
292 427 0.8514636641280189 
293 275 0.33985387906857634 
293 309 0.7721048613082749 
293 330 0.5630370314190709 
294 284 0.1744036443796958 
294 286 0.18584973473326305 
294 318 0.8296336538272016 
294 335 0.5846579410442033 
295 263 0.533291708537801 
296 263 0.7789838325104274 
296 275 0.6448777805250986 
296 385 0.8448239980876558 
297 284 0.3609015137487952 
297 375 0.7924275197616247 
297 412 0.11627696568399526 
298 264 0.9146847573510734 
298 263 0.39522396327538467 
298 296 0.785379823557576 
298 274 0.23289620549866275 
298 313 0.9333838569250236 
299 285 0.15821242289285442 
300 291 0.7232720147076419 
300 331 0.051427935506655476 
300 458 0.8796252956360489 
301 273 0.07025906073410093 
301 327 0.8770292727763909 
301 342 0.22538003181399224 
301 344 0.3579434186525444 
301 353 0.3930163815901516 
301 390 0.16107955919776384 
302 266 0.6976663271808712 
302 268 0.0830650236310817 
302 320 0.7684336973077822 
302 323 0.8545477803152692 
302 362 0.07528354911466106 
302 426 0.8853431498116701 
303 279 0.8744007504774992 
304 279 0.5905154017492026 
304 273 0.32214316537993626 
304 311 0.919384383025445 
304 357 0.9636814630924441 
305 276 0.46388148411904195 
305 284 0.28942511477975796 
305 341 0.041504402376502214 
305 384 0.4141587482256095 
305 417 0.8456482162417333 
306 271 0.18010774038323696 
306 282 0.876663532530286 
306 270 0.31808477335218033 
306 310 0.043757097424312 
306 317 0.41264094353698433 
306 341 0.8076301629237937 
306 367 0.2548690368308695 
306 384 0.7630533878671913 
306 393 0.37368298227577357 
307 279 0.11251706231562164 
307 270 0.6888011951657299 
307 316 0.8167960564169218 
307 420 0.7998686967289583 
308 264 0.8656447480225862 
308 298 0.7415238876754999 
308 274 0.8718169191599973 
308 379 0.65102225912421 
309 293 0.043926789662882104 
309 275 0.865968900421204 
309 330 0.05701086110530362 
310 306 0.14188675641379744 
311 304 0.7457295750203717 
311 442 0.09847398784419015 
312 263 0.7978473730216573 
312 268 0.5934988443741629 
312 374 0.9214708498957505 
313 274 0.5182123828845442 
313 298 0.5410873678809577 
314 265 0.544040794620747 
314 276 0.7212071950266489 
314 366 0.08342687006212557 
314 393 0.26535332757657315 
314 410 0.869949673287367 
314 441 0.5343471555544118 
315 284 0.7537287479970785 
315 352 0.6629014638555665 
315 412 0.5372849843321592 
315 452 0.43404448276584695 
316 273 0.3549843881029686 
316 307 0.8116633377194827 
316 282 0.5003663806967684 
316 327 0.9093141281818994 
316 333 0.5455748870049731 
316 380 0.7496153732665102 
316 481 0.27097490428533044 
317 306 0.7908678498181283 
317 367 0.5887128547670611 
318 294 0.816832898220884 
318 263 0.9157614890445613 
318 332 0.02869245865547798 
318 382 0.5218712883700893 
319 279 0.6111524976259242 
319 303 0.8997513760370233 
319 278 0.8732245325822895 
319 329 0.929934166201503 
319 336 0.6866862096716536 
320 302 0.7033712208527095 
321 279 0.4174557655126735 
321 316 0.8814288786955473 
321 273 0.7204057304050648 
321 432 0.12168081070027681 
322 265 0.1756990388738121 
323 302 0.2457062396066424 
323 320 0.6537161123540232 
323 362 0.2696012498770112 
323 453 0.4161348661207519 
324 263 0.8106621654999999 
324 325 0.8496259474970713 
324 337 0.925048930303771 
324 402 0.004468577616461578 
324 459 0.6906563126909333 
325 263 0.8428638883180166 
325 324 0.664324784530251 
326 288 0.5916315438878388 
326 269 0.8059577295213959 
326 354 0.029997121321110987 
327 273 0.18116765880547558 
327 316 0.7616652516704403 
327 301 0.9888471174131579 
327 347 0.06812096157061442 
327 348 0.6638436317481615 
327 363 0.11335687799614635 
328 291 0.6817445630636326 
328 300 0.8354974064247486 
328 334 0.07571495077923573 
328 458 0.928559134853723 
329 319 0.5096374073424744 
329 278 0.6772235744661728 
329 398 0.32886502844490695 
330 275 0.15826096320928018 
330 309 0.08340361275176789 
330 293 0.9358593978167462 
331 300 0.9817490342727276 
331 328 0.966760556848451 
331 291 0.6364248087666786 
331 458 0.0227036344397612 
332 318 0.09735919089014389 
332 388 0.9208163836327621 
332 401 0.48312056205056186 
333 316 0.3628633963259883 
334 278 0.1076553518162453 
334 328 0.05731919860286083 
334 377 0.6364357856170069 
334 403 0.7779322411310853 
334 415 0.48167643045223885 
335 294 0.11729032757654201 
335 365 0.3066828909313818 
335 413 0.4936121331032056 
335 414 0.9672630282544527 
336 319 0.43652990019425375 
336 350 0.6003947074976055 
337 295 0.8513824373512655 
337 324 0.3238785145408968 
337 263 0.17873281180591805 
337 275 0.9092653124611079 
337 387 0.23643202332224 
337 421 0.7833313070970246 
337 430 0.5316091830249939 
337 433 0.09120233079560114 
338 282 0.9979811486111719 
338 265 0.49848470634371467 
338 389 0.4601872555922395 
339 266 0.4213065102471595 
340 265 0.5525946824673406 
340 370 0.24141413923819344 
340 380 0.0811539400737159 
341 305 0.05399588292150426 
341 284 0.895735300287231 
341 306 0.01283137551691349 
341 346 0.9864593709441428 
341 376 0.04878236099625777 
342 273 0.060539290570858384 
342 301 0.840694258471833 
343 290 0.11662978321658435 
344 301 0.26327598592604784 
344 273 0.8630222158871363 
344 481 0.9030746973224988 
345 266 0.5468720310359846 
345 385 0.7392878070582359 
346 341 0.8129609760427596 
346 376 0.02024876046032209 
346 479 0.8723171937547198 
347 327 0.8449717919919625 
347 275 0.11509094684186338 
347 361 0.06723490275012745 
348 327 0.6280674947715782 
348 442 0.4692313909190703 
348 461 0.25421155441924126 
349 280 0.20929571171563066 
350 336 0.3989543341878452 
350 351 0.383359946072229 
351 350 0.3163767951306151 
351 312 0.07384744076569327 
351 356 0.12793297529787295 
352 315 0.9655125091318587 
353 273 0.10487293349432525 
353 301 0.2378199822115381 
354 326 0.41269531001947946 
354 368 0.145663192667566 
354 450 0.1331458815092983 
355 270 0.026336912663671996 
355 384 0.6792490241778868 
356 274 0.35935747214141545 
356 287 0.3433038933300391 
356 351 0.38310350490486933 
357 304 0.3492172461446438 
358 282 0.3850843374627856 
359 271 0.36247433715546296 
359 282 0.9768105031163308 
359 392 0.5300652073326592 
359 449 0.17550037046397216 
360 279 0.47440175827888653 
360 400 0.9549306737820612 
361 347 0.8965311411046892 
362 323 0.45573975325214044 
362 302 0.20438268611493982 
362 445 0.4879672259689205 
363 327 0.33491233948600974 
364 274 0.17153746489769606 
365 335 0.3587107706876066 
365 267 0.737347052189053 
366 314 0.33075516064370314 
367 317 0.27829752383369144 
367 306 0.10358903689378929 
367 384 0.2560815833582638 
368 326 0.08652554405331414 
368 290 0.6772614172503106 
368 354 0.9154165552156267 
369 271 0.07502343801144762 
369 383 0.33394996767593144 
369 451 0.1594305859852022 
370 340 0.8833179076233589 
371 265 0.9982481338945924 
372 268 0.9732886431550961 
372 394 0.2747905882272176 
372 419 0.21633268381599158 
372 437 0.39508409880648 
373 265 0.5578367147595671 
373 283 0.9215032234060712 
374 312 0.993445000983456 
375 284 0.8194872095238578 
375 267 0.05579134616777448 
375 297 0.5815153272428584 
375 429 0.6510548025930488 
375 435 0.5743965290590195 
375 457 0.6704733176883967 
375 460 0.22568947393873418 
376 341 0.011918578182965933 
376 346 0.6598069357301555 
377 290 0.46730264681310496 
377 288 0.5499024235929378 
377 334 0.4640246419058919 
377 444 0.3721347066926779 
378 265 0.5922522173155622 
379 308 0.15633622330705887 
380 340 0.789702938010792 
380 316 0.5933004465726446 
380 370 0.9451833717977384 
380 436 0.9959516324830893 
381 273 0.7607052824268266 
381 301 0.9467246607292347 
381 461 0.855247648581297 
382 263 0.353863204628294 
382 318 0.4863456154876665 
382 402 0.24314547170978573 
383 369 0.35781315366171695 
383 271 0.6054931965268924 
384 367 0.6197348606496834 
384 306 0.1348152213396282 
384 305 0.9713840360135557 
384 355 0.6473160756092853 
384 272 0.8946686235209306 
384 423 0.15839796738958378 
384 438 0.8315179817940055 
384 440 0.8205907518689652 
385 296 0.047826404365862385 
385 345 0.21863986391092338 
385 266 0.2693085469200338 
386 270 0.7063018980862323 
386 355 0.2652416899064164 
387 337 0.9375572575436348 
387 289 0.5264628377964964 
387 431 0.7157233226269192 
387 439 0.11001137459949173 
388 291 0.5178040008955096 
388 332 0.7045431737641816 
388 300 0.2484786123221021 
388 328 0.4715544951623213 
388 318 0.07084367138827274 
389 338 0.056468184408267175 
389 395 0.7814098544313747 
390 344 0.06462356505056255 
390 353 0.5084346009529432 
390 301 0.4013262411063734 
390 273 0.6611604428193377 
390 456 0.062411942327585734 
391 311 0.29416415452426214 
391 304 0.7033164122975448 
392 359 0.19840537900623645 
393 389 0.9046574575297254 
393 306 0.5995602961340015 
393 338 0.9634539029602062 
393 314 0.22097222315225074 
393 425 0.665454500128597 
393 448 0.41545587669997674 
394 268 0.3247833090220149 
394 372 0.11252806128295256 
395 338 0.9394990503135292 
395 389 0.5896368486698019 
396 327 0.06888597317129053 
396 269 0.19047149983074685 
396 424 0.18558058119465315 
397 283 0.5581818831603261 
397 265 0.4308568917576655 
398 329 0.7722989714355305 
398 292 0.6067960084376994 
399 280 0.42491275390486793 
400 279 0.3864984971594668 
400 360 0.17968567651319545 
400 303 0.8473387732841229 
401 300 0.12689120950246546 
401 324 0.3883616438004146 
401 263 0.6760172196439808 
401 332 0.677172594972324 
401 422 0.8490400351604138 
402 382 0.7960672520262879 
402 388 0.35709344073779226 
402 324 0.9327086654027842 
402 277 0.780423341600271 
402 454 0.802722722998517 
403 334 0.33932799655078616 
404 281 0.24491728535257473 
404 416 0.43783454710401926 
405 280 0.3131067301884237 
406 337 0.23662939957771878 
407 280 0.4533045905539521 
407 336 0.9337149756001054 
407 443 0.6034952014110689 
407 446 0.6710753054718028 
408 270 0.1555269859265851 
408 355 0.9180390035499846 
409 289 0.20741691520728456 
410 314 0.5897989133599132 
410 366 0.4125846889218121 
410 441 0.5387014843468324 
411 278 0.35713821148481906 
412 335 0.17693538776561746 
412 297 0.3651798111875725 
412 315 0.4769956587930959 
413 335 0.800492591755509 
413 414 0.24759100743145357 
414 413 0.2749230824390354 
414 335 0.28401634458425196 
414 447 0.3332045060610933 
415 334 0.6695706010885452 
415 292 0.37649988777179566 
416 404 0.11281356808341625 
416 281 0.996710880779923 
417 305 0.3272897536971665 
418 282 0.9908800598010067 
419 372 0.24734179868630146 
419 268 0.6464885526181328 
420 307 0.3550391915909661 
421 406 0.055408445101721826 
421 337 0.4076935277649434 
421 430 0.9116854854595347 
422 401 0.06969480365181491 
423 384 0.881008500340813 
423 440 0.7079171865322914 
424 353 0.5334429198468916 
424 396 0.6851344638018211 
425 393 0.760474971003155 
425 448 0.5780293514080781 
426 323 0.6657375422627388 
426 302 0.6927969312817678 
427 292 0.023129943638916073 
428 267 0.22086653557829028 
429 305 0.4064976596201807 
429 284 0.08771604666192645 
429 375 0.3018483784080914 
429 434 0.4389315018886035 
430 337 0.22773137760026707 
430 421 0.6337598664070606 
430 433 0.31288568100430647 
431 387 0.3620990843106705 
431 439 0.8603796863510716 
432 321 0.8088463618113264 
433 337 0.3962056221704571 
433 430 0.24882731231592792 
434 429 0.4644249468334032 
435 375 0.7583292058461785 
436 380 0.4787555793801711 
437 372 0.2769296601403328 
437 268 0.23474679711089075 
438 384 0.09277565192949422 
438 423 0.567705317523717 
439 387 0.6380637471914627 
439 431 0.1243157944956389 
440 384 0.9633414262942355 
440 423 0.0952207902966209 
441 410 0.037145024298420704 
441 314 0.11161010554240103 
442 327 0.046268105059344644 
442 311 0.979680021988015 
442 348 0.7448636393131305 
443 407 0.338611690561895 
444 377 0.34060929137679263 
445 362 0.2588956658218664 
445 323 0.23993744272657447 
445 302 0.0840872414475009 
446 407 0.5753065915399874 
446 443 0.7049228308152897 
447 414 0.6435099835139779 
448 393 0.9345687568333915 
448 425 0.2659353383812385 
449 392 0.9443611409287257 
449 359 0.8074483086380964 
450 326 0.7589181404546461 
450 354 0.022822776747991824 
451 271 0.7058449675982367 
451 369 0.9051403970217559 
452 352 0.4568653646911236 
452 315 0.44753934406552454 
453 362 0.005947707263063262 
453 323 0.21615889815622213 
453 445 0.28256549174726997 
454 402 0.40083920997882383 
455 277 0.8855458081397477 
456 344 0.5871235366821453 
456 390 0.5023251937797526 
456 273 0.37465584334978497 
456 461 0.9796513010725013 
457 267 0.3938627427919693 
457 375 0.4895068880873006 
458 300 0.660609375665488 
458 328 0.2984932263589599 
458 291 0.0010218239484355296 
458 331 0.9282968643686087 
458 464 0.0620688503260981 
459 263 0.594569934666166 
459 324 0.15785101878859797 
460 375 0.6192676192449991 
461 456 0.40978431896698586 
461 396 0.7446683254316517 
461 381 0.016858919027359698 
461 348 0.2380091932267876 
461 139 0.7615526265076485 
461 462 0.5118739596664236 
462 461 0.7054127286354434 
462 463 0.49455859403099556 
463 462 0.1656536779997999 
464 153 0.7015347830129851 
464 300 0.8169287676077187 
464 458 0.5318015998096921 
464 80 0.8321422858441319 
464 362 0.033264703236246196 
464 465 0.4040165433472811 
464 466 0.5490571432956087 
464 468 0.5898317844230503 
464 469 0.4262242522281071 
464 470 0.0645034643588146 
464 471 0.6924110826863143 
464 472 0.5478485477291666 
464 473 0.770580121495038 
464 477 0.521270316768924 
465 464 0.13171047929793867 
465 474 0.3433302874969286 
465 475 0.6668251284749165 
466 464 0.5827755456156793 
467 464 0.45801646564145393 
467 468 0.3574109303116906 
467 470 0.2458211914844225 
467 474 0.9154421552620168 
468 467 0.4565427879540924 
468 464 0.47260213233854853 
468 478 0.816887492608021 
469 464 0.9832670043315728 
469 477 0.7636101168170925 
470 467 0.332028483165938 
470 464 0.7624716654838525 
471 464 0.8394815415394148 
472 464 0.47250551347987413 
473 464 0.17284229400727003 
474 465 0.47217489110109423 
474 467 0.7730578430494983 
474 475 0.6051517242280301 
475 474 0.2882650661270084 
475 465 0.7477318251477647 
475 476 0.33921121667777465 
476 475 0.8321692975678536 
477 464 0.4149381443275245 
477 469 0.8339069094373416 
478 468 0.7986212283177843 
479 39 0.20950988836990203 
479 271 0.9924352375085194 
479 12 0.023826310190911415 
479 346 0.07791078008110097 
479 274 0.7215522681829832 
479 480 0.3663357144687406 
480 479 0.7293095853488615 
481 432 0.5327162030125313 
481 169 0.46177418666116354 
481 316 0.5228646301660292 
481 344 0.43158643904055694 
481 202 0.7248203593096378 
481 482 0.5416988238159822 
481 485 0.729497489150783 
482 481 0.5156845584729088 
482 483 0.6804373299615986 
482 484 0.8876409519363389 
482 486 0.6542135166022597 
483 482 0.12475515511779023 
483 488 0.15930052214892043 
484 482 0.21887232174113636 
485 481 0.044355958511809956 
485 487 0.17776716592578312 
486 482 0.9695788173681004 
486 489 0.1994386397825203 
487 485 0.8636708517892071 
487 481 0.6163662299073898 
488 483 0.2717542709063355 
488 490 0.26093179231607266 
489 486 0.9371870120390439 
489 490 0.348857026769929 
489 491 0.8039491367391942 
490 489 0.06668956683151961 
490 488 0.8765426860440645 
491 489 0.5556118481268766 
492 198 0.27069136846736164 
492 283 0.9229559681212444 
492 264 0.47175621821573765 
492 216 0.571908863804706 
492 26 0.30099163248152816 
492 493 0.27339005311797504 
492 494 0.894441107741862 
492 495 0.47533645742028663 
492 497 0.7437176857317405 
493 492 0.6152503002568466 
494 492 0.10539907080682831 
494 497 0.22504914326022518 
494 498 0.23440475704497732 
495 492 0.622114260803739 
495 493 0.1684599651103672 
495 496 0.26774753234206516 
496 495 0.014523924146304323 
496 499 0.8481350816279791 
497 494 0.32591731634238574 
497 492 0.7778124374540819 
498 494 0.24331361325778533 
499 496 0.054587368557004856 
