500
0 1 0.125 
0 2 0.25 
0 12 0.5 
0 256 0.125 
1 0 0.125 
1 3 0.5 
1 4 0.25 
1 5 0.125 
1 12 0.5 
2 0 0.5 
2 1 0.125 
2 5 0.25 
3 1 0.125 
3 12 0.25 
4 1 0.5 
5 2 0.125 
5 1 0.25 
5 6 0.125 
5 10 0.125 
5 12 0.5 
6 5 0.125 
6 7 0.5 
6 11 0.25 
7 6 0.125 
7 8 0.25 
7 9 0.125 
7 263 0.5 
8 7 0.25 
9 7 0.125 
10 5 0.5 
11 6 0.5 
11 261 0.5 
12 5 0.125 
12 3 0.25 
12 1 0.125 
12 0 0.25 
12 13 0.125 
12 14 0.125 
12 15 0.25 
12 16 0.5 
12 17 0.25 
12 18 0.5 
12 19 0.25 
12 20 0.25 
12 21 0.125 
12 22 0.5 
12 25 0.25 
12 27 0.125 
12 31 0.5 
12 51 0.25 
12 108 0.5 
12 157 0.125 
12 185 0.125 
12 256 0.25 
12 481 0.125 
13 12 0.25 
13 32 0.125 
13 84 0.125 
13 87 0.125 
13 165 0.5 
13 263 0.25 
14 12 0.5 
14 24 0.5 
14 29 0.25 
14 35 0.5 
14 36 0.25 
14 55 0.25 
14 162 0.25 
14 175 0.5 
14 196 0.25 
14 197 0.25 
14 221 0.5 
15 12 0.125 
15 176 0.25 
15 185 0.125 
16 12 0.25 
16 126 0.25 
17 12 0.5 
17 30 0.125 
17 31 0.5 
17 48 0.25 
17 52 0.5 
17 57 0.5 
17 88 0.125 
18 12 0.125 
18 31 0.25 
18 64 0.125 
18 108 0.5 
18 185 0.25 
19 12 0.125 
19 25 0.5 
19 26 0.125 
19 27 0.5 
19 108 0.5 
20 12 0.125 
20 18 0.125 
20 29 0.5 
20 33 0.5 
20 34 0.5 
20 38 0.125 
20 43 0.25 
20 44 0.5 
20 53 0.125 
20 66 0.25 
20 89 0.125 
20 173 0.125 
20 188 0.25 
20 481 0.125 
20 492 0.125 
21 15 0.25 
21 18 0.5 
21 12 0.25 
21 62 0.125 
21 85 0.125 
21 86 0.5 
21 217 0.125 
22 12 0.25 
22 23 0.125 
22 42 0.25 
22 45 0.25 
22 212 0.5 
23 22 0.25 
23 59 0.125 
23 172 0.25 
23 177 0.25 
23 184 0.5 
23 214 0.125 
24 14 0.125 
24 36 0.25 
24 40 0.125 
24 57 0.25 
24 72 0.5 
24 125 0.125 
24 481 0.125 
25 12 0.5 
25 19 0.125 
25 18 0.5 
25 26 0.125 
25 176 0.125 
26 25 0.5 
26 21 0.125 
26 19 0.125 
26 18 0.25 
26 92 0.125 
26 106 0.25 
26 144 0.5 
27 12 0.125 
27 19 0.5 
27 50 0.25 
27 57 0.5 
27 78 0.5 
27 125 0.25 
28 13 0.25 
28 70 0.25 
28 79 0.125 
28 83 0.125 
28 95 0.25 
28 194 0.125 
29 14 0.25 
29 20 0.25 
29 32 0.25 
29 37 0.5 
29 39 0.25 
29 40 0.25 
29 54 0.125 
29 109 0.5 
29 118 0.5 
29 129 0.25 
29 135 0.25 
29 464 0.125 
30 17 0.125 
30 14 0.125 
30 46 0.5 
30 56 0.25 
30 68 0.5 
30 146 0.25 
30 159 0.125 
31 18 0.5 
31 12 0.25 
31 17 0.125 
31 57 0.25 
31 73 0.5 
31 139 0.5 
31 171 0.25 
31 198 0.125 
32 13 0.25 
32 29 0.25 
33 20 0.5 
33 63 0.25 
33 107 0.125 
33 188 0.5 
34 33 0.5 
34 20 0.5 
34 29 0.5 
34 49 0.5 
34 53 0.125 
34 143 0.25 
35 14 0.5 
35 41 0.125 
35 71 0.125 
35 102 0.5 
35 145 0.5 
35 152 0.25 
35 167 0.25 
35 261 0.25 
36 29 0.25 
36 14 0.25 
36 24 0.5 
36 37 0.125 
36 54 0.25 
36 76 0.125 
36 82 0.5 
36 91 0.25 
36 134 0.25 
36 140 0.125 
36 151 0.125 
36 155 0.125 
36 166 0.25 
36 223 0.5 
37 29 0.25 
37 36 0.5 
37 117 0.25 
38 12 0.25 
38 30 0.5 
38 20 0.5 
38 31 0.125 
38 47 0.25 
38 74 0.25 
38 113 0.5 
38 123 0.25 
38 199 0.5 
39 29 0.5 
39 81 0.125 
39 93 0.25 
39 118 0.125 
39 156 0.125 
40 29 0.5 
40 24 0.25 
40 50 0.25 
41 35 0.125 
41 102 0.25 
41 167 0.125 
42 22 0.125 
43 20 0.125 
43 33 0.25 
43 44 0.125 
44 20 0.125 
44 43 0.125 
44 24 0.25 
44 85 0.25 
44 90 0.5 
44 153 0.5 
45 22 0.125 
46 30 0.125 
46 164 0.5 
47 38 0.25 
48 17 0.125 
48 42 0.125 
48 51 0.25 
49 34 0.25 
50 40 0.25 
50 37 0.25 
50 27 0.125 
50 24 0.5 
50 58 0.5 
50 80 0.25 
51 12 0.25 
51 48 0.5 
51 115 0.25 
51 158 0.5 
51 168 0.5 
51 238 0.25 
52 17 0.25 
52 75 0.125 
53 20 0.25 
53 34 0.5 
53 43 0.5 
53 60 0.25 
53 87 0.5 
54 29 0.5 
54 37 0.125 
54 36 0.5 
54 65 0.125 
54 67 0.5 
54 97 0.25 
54 103 0.125 
54 116 0.5 
54 160 0.25 
55 14 0.25 
56 30 0.125 
56 36 0.5 
56 112 0.5 
56 141 0.5 
56 210 0.125 
57 24 0.125 
57 31 0.125 
57 17 0.5 
57 27 0.25 
57 61 0.25 
57 69 0.25 
57 122 0.125 
57 144 0.125 
57 215 0.25 
58 50 0.5 
58 93 0.5 
58 137 0.125 
59 23 0.5 
59 96 0.25 
59 101 0.125 
59 105 0.5 
59 110 0.125 
59 128 0.25 
60 53 0.125 
60 479 0.125 
61 57 0.25 
61 27 0.25 
61 191 0.25 
61 222 0.25 
62 23 0.25 
62 21 0.125 
62 148 0.25 
62 179 0.125 
63 53 0.125 
63 33 0.125 
63 38 0.5 
63 70 0.125 
64 52 0.25 
64 12 0.5 
64 18 0.25 
64 42 0.5 
64 204 0.25 
65 54 0.125 
65 97 0.25 
65 103 0.125 
66 20 0.125 
66 33 0.5 
66 89 0.25 
66 261 0.5 
67 51 0.25 
67 54 0.25 
67 65 0.5 
67 85 0.25 
67 98 0.125 
67 193 0.125 
67 223 0.5 
68 30 0.125 
68 146 0.125 
69 57 0.5 
69 144 0.25 
70 63 0.25 
70 28 0.5 
70 60 0.5 
70 83 0.125 
70 114 0.25 
71 35 0.5 
71 41 0.5 
71 102 0.25 
71 218 0.5 
72 24 0.25 
73 31 0.125 
73 75 0.5 
73 139 0.25 
73 171 0.5 
74 38 0.125 
74 161 0.125 
74 190 0.25 
74 199 0.5 
75 31 0.125 
75 52 0.125 
75 73 0.125 
75 94 0.25 
75 203 0.5 
76 36 0.25 
77 28 0.5 
78 27 0.5 
78 58 0.125 
78 50 0.5 
78 106 0.5 
78 195 0.5 
79 28 0.125 
80 24 0.5 
80 58 0.5 
80 50 0.25 
80 99 0.25 
80 104 0.5 
80 133 0.125 
81 79 0.25 
81 39 0.5 
81 95 0.5 
82 36 0.5 
82 151 0.5 
83 70 0.5 
83 28 0.125 
83 114 0.5 
84 13 0.125 
84 120 0.25 
84 156 0.5 
85 44 0.5 
85 21 0.5 
85 35 0.125 
85 67 0.5 
86 71 0.5 
86 21 0.125 
86 12 0.125 
86 119 0.5 
86 138 0.25 
86 180 0.5 
87 13 0.125 
87 53 0.125 
87 143 0.5 
88 17 0.5 
89 66 0.25 
89 33 0.25 
89 20 0.125 
89 107 0.125 
89 173 0.25 
90 44 0.5 
90 132 0.5 
91 36 0.125 
92 26 0.125 
93 58 0.25 
93 39 0.5 
93 24 0.125 
93 84 0.125 
93 211 0.25 
94 75 0.5 
95 81 0.25 
95 28 0.5 
96 59 0.5 
96 130 0.5 
96 178 0.25 
97 54 0.25 
97 65 0.25 
97 103 0.5 
97 116 0.25 
97 160 0.5 
98 67 0.25 
98 127 0.125 
99 80 0.25 
99 104 0.5 
100 19 0.5 
100 18 0.125 
100 25 0.25 
100 157 0.5 
100 176 0.125 
101 59 0.125 
101 105 0.25 
101 110 0.125 
101 128 0.125 
102 35 0.125 
102 41 0.5 
102 71 0.125 
102 201 0.5 
102 218 0.5 
103 65 0.125 
103 54 0.25 
103 97 0.5 
104 99 0.125 
104 93 0.25 
104 80 0.25 
105 59 0.25 
105 101 0.25 
105 110 0.5 
105 147 0.25 
105 150 0.25 
106 78 0.25 
106 26 0.25 
106 142 0.125 
107 89 0.125 
107 33 0.25 
107 54 0.5 
107 43 0.125 
107 210 0.25 
108 12 0.125 
108 19 0.5 
108 18 0.125 
108 157 0.25 
109 29 0.25 
110 105 0.125 
110 59 0.125 
110 22 0.125 
110 101 0.5 
110 111 0.125 
110 183 0.5 
110 192 0.5 
110 202 0.25 
111 110 0.125 
111 183 0.25 
111 256 0.125 
112 56 0.25 
112 141 0.5 
112 200 0.125 
112 210 0.5 
113 38 0.125 
114 79 0.5 
114 83 0.5 
114 70 0.25 
115 51 0.25 
115 124 0.125 
115 158 0.25 
115 238 0.5 
116 65 0.125 
116 97 0.125 
116 54 0.25 
116 129 0.125 
117 37 0.5 
118 39 0.5 
118 29 0.25 
118 136 0.25 
118 149 0.125 
119 86 0.25 
120 84 0.5 
121 61 0.5 
122 57 0.125 
123 38 0.5 
124 115 0.25 
124 96 0.25 
124 205 0.5 
125 58 0.125 
125 40 0.5 
125 27 0.5 
125 24 0.25 
125 191 0.5 
126 16 0.125 
127 98 0.5 
128 59 0.5 
128 101 0.125 
128 26 0.25 
128 105 0.5 
128 169 0.25 
128 170 0.25 
128 206 0.25 
129 29 0.25 
129 116 0.125 
129 464 0.25 
130 96 0.5 
130 178 0.125 
131 30 0.25 
132 90 0.5 
133 78 0.5 
133 80 0.25 
133 99 0.125 
133 186 0.5 
134 36 0.5 
134 151 0.125 
134 166 0.5 
135 29 0.125 
135 140 0.125 
136 118 0.25 
136 149 0.5 
136 263 0.5 
137 58 0.125 
137 50 0.125 
138 86 0.125 
139 31 0.5 
139 73 0.25 
139 171 0.25 
139 198 0.125 
139 200 0.125 
140 118 0.25 
140 135 0.125 
140 36 0.25 
140 37 0.25 
140 187 0.25 
141 112 0.125 
141 56 0.125 
142 106 0.25 
142 128 0.25 
142 163 0.25 
143 34 0.25 
143 87 0.25 
143 154 0.125 
144 122 0.5 
144 57 0.5 
144 26 0.125 
144 69 0.5 
145 102 0.125 
145 35 0.5 
145 218 0.25 
146 30 0.25 
146 68 0.5 
146 159 0.25 
147 101 0.25 
147 59 0.5 
147 105 0.25 
148 62 0.125 
149 118 0.25 
149 39 0.5 
149 136 0.25 
149 208 0.25 
150 59 0.5 
150 105 0.25 
150 101 0.5 
151 82 0.5 
151 134 0.125 
151 36 0.125 
152 35 0.25 
152 41 0.5 
152 145 0.25 
152 167 0.125 
153 44 0.25 
154 143 0.5 
154 84 0.5 
155 36 0.125 
155 134 0.5 
156 84 0.25 
156 39 0.25 
157 18 0.5 
157 12 0.25 
157 108 0.125 
157 100 0.5 
157 174 0.125 
157 182 0.125 
157 189 0.125 
158 96 0.125 
158 51 0.25 
158 115 0.25 
158 168 0.125 
158 172 0.125 
159 146 0.125 
159 30 0.25 
159 131 0.25 
159 479 0.125 
160 97 0.25 
160 54 0.5 
161 38 0.25 
161 74 0.125 
161 113 0.125 
161 190 0.5 
162 14 0.5 
163 142 0.5 
163 172 0.5 
164 46 0.5 
165 13 0.25 
166 36 0.5 
166 151 0.25 
166 134 0.25 
167 102 0.5 
167 152 0.5 
167 41 0.25 
167 35 0.125 
168 51 0.5 
168 158 0.5 
168 216 0.125 
168 219 0.5 
169 128 0.5 
170 128 0.125 
171 73 0.125 
171 139 0.125 
171 31 0.5 
171 200 0.5 
172 23 0.25 
172 158 0.25 
172 163 0.25 
172 142 0.25 
173 20 0.25 
173 89 0.125 
174 157 0.25 
175 14 0.25 
175 221 0.125 
176 12 0.125 
176 25 0.125 
176 100 0.5 
176 15 0.25 
177 23 0.125 
177 184 0.5 
178 96 0.125 
178 130 0.125 
179 148 0.5 
179 62 0.125 
180 86 0.125 
180 138 0.125 
181 129 0.125 
182 157 0.125 
183 110 0.125 
183 111 0.25 
184 23 0.25 
184 177 0.125 
185 18 0.25 
185 15 0.125 
185 12 0.25 
186 133 0.125 
187 104 0.25 
187 140 0.25 
187 90 0.125 
188 20 0.25 
188 33 0.25 
188 173 0.25 
189 157 0.5 
190 38 0.25 
190 74 0.125 
190 161 0.125 
190 199 0.5 
191 61 0.125 
191 125 0.25 
192 183 0.125 
192 110 0.5 
192 111 0.5 
192 202 0.125 
193 67 0.5 
194 28 0.25 
195 78 0.125 
196 14 0.125 
196 55 0.25 
196 197 0.125 
197 14 0.5 
197 196 0.5 
198 139 0.5 
198 31 0.5 
199 74 0.5 
199 38 0.125 
199 190 0.5 
200 139 0.25 
200 98 0.25 
200 112 0.25 
200 171 0.5 
201 33 0.125 
201 102 0.5 
201 34 0.125 
201 89 0.125 
201 20 0.5 
201 213 0.25 
202 110 0.25 
202 192 0.25 
203 75 0.125 
203 94 0.5 
204 64 0.5 
205 155 0.5 
205 124 0.125 
205 220 0.125 
206 128 0.125 
207 22 0.25 
207 183 0.25 
207 75 0.5 
207 42 0.125 
208 149 0.25 
209 48 0.25 
209 155 0.5 
209 127 0.125 
210 56 0.25 
210 112 0.25 
210 107 0.25 
211 93 0.125 
212 22 0.5 
212 45 0.125 
213 201 0.5 
214 23 0.5 
214 184 0.25 
215 69 0.5 
215 57 0.25 
216 168 0.5 
217 21 0.5 
218 145 0.125 
218 102 0.25 
218 71 0.125 
218 104 0.125 
219 168 0.125 
220 205 0.5 
221 197 0.5 
221 14 0.125 
221 175 0.5 
222 61 0.125 
223 125 0.5 
223 31 0.125 
223 69 0.25 
223 36 0.25 
223 67 0.5 
223 224 0.25 
223 225 0.25 
224 223 0.5 
224 226 0.5 
224 234 0.5 
224 461 0.5 
225 223 0.25 
225 227 0.5 
225 228 0.5 
225 229 0.5 
225 233 0.5 
225 236 0.25 
226 224 0.5 
227 225 0.25 
227 230 0.125 
228 225 0.125 
228 229 0.125 
228 233 0.25 
228 235 0.5 
228 236 0.5 
229 225 0.125 
229 228 0.25 
229 231 0.125 
229 235 0.25 
229 236 0.125 
230 227 0.125 
230 232 0.125 
231 225 0.25 
231 229 0.5 
231 228 0.25 
232 230 0.125 
232 225 0.25 
233 225 0.25 
233 229 0.25 
233 228 0.5 
233 235 0.25 
234 224 0.5 
234 237 0.25 
235 233 0.25 
235 228 0.25 
235 229 0.25 
235 464 0.5 
236 229 0.5 
236 228 0.125 
236 225 0.5 
237 234 0.125 
238 2 0.5 
238 51 0.25 
238 115 0.125 
238 178 0.5 
238 142 0.5 
238 239 0.125 
238 243 0.5 
238 244 0.125 
239 238 0.5 
239 240 0.5 
239 241 0.125 
239 246 0.25 
240 239 0.25 
240 242 0.5 
240 251 0.125 
240 255 0.5 
241 239 0.125 
241 246 0.25 
242 240 0.25 
242 245 0.25 
242 250 0.125 
243 238 0.25 
243 244 0.125 
243 248 0.25 
243 254 0.25 
244 238 0.5 
244 243 0.125 
244 249 0.125 
245 242 0.5 
246 239 0.25 
246 241 0.5 
246 247 0.25 
247 246 0.125 
247 240 0.25 
247 255 0.25 
248 243 0.125 
249 244 0.125 
249 253 0.25 
250 242 0.25 
251 240 0.5 
251 252 0.5 
252 251 0.5 
253 249 0.25 
254 248 0.5 
254 243 0.125 
255 247 0.25 
255 240 0.25 
256 12 0.25 
256 0 0.5 
256 111 0.125 
256 257 0.25 
256 259 0.25 
257 256 0.5 
257 258 0.125 
257 259 0.125 
257 260 0.125 
258 257 0.125 
259 256 0.125 
259 257 0.5 
260 257 0.5 
260 258 0.25 
261 171 0.5 
261 11 0.125 
261 35 0.25 
261 66 0.5 
261 198 0.125 
261 262 0.125 
262 261 0.5 
263 136 0.125 
263 7 0.5 
263 13 0.25 
263 84 0.25 
263 264 0.125 
263 267 0.5 
263 279 0.5 
263 293 0.125 
263 366 0.25 
264 263 0.5 
264 265 0.5 
264 266 0.5 
264 268 0.25 
264 269 0.5 
264 270 0.125 
264 272 0.5 
264 273 0.25 
264 288 0.125 
264 332 0.25 
265 264 0.125 
265 271 0.25 
265 276 0.25 
265 297 0.5 
265 307 0.25 
265 309 0.5 
265 321 0.125 
265 349 0.25 
265 445 0.5 
266 264 0.25 
266 268 0.125 
266 272 0.25 
266 275 0.125 
266 278 0.125 
266 283 0.125 
266 303 0.25 
266 315 0.5 
266 329 0.5 
266 343 0.125 
266 357 0.25 
266 373 0.5 
266 391 0.125 
266 450 0.25 
267 263 0.5 
267 281 0.25 
267 293 0.5 
267 323 0.125 
267 337 0.125 
267 353 0.5 
267 356 0.5 
267 369 0.5 
267 403 0.5 
267 406 0.125 
267 413 0.25 
267 416 0.5 
267 464 0.5 
268 266 0.25 
268 264 0.25 
269 264 0.125 
269 266 0.5 
269 277 0.25 
269 278 0.125 
269 282 0.125 
269 315 0.5 
270 264 0.25 
270 311 0.5 
270 319 0.25 
270 331 0.5 
270 386 0.125 
270 449 0.125 
271 265 0.125 
271 274 0.5 
271 299 0.125 
271 304 0.125 
271 325 0.125 
271 363 0.5 
271 397 0.5 
271 460 0.25 
272 266 0.5 
272 264 0.125 
272 318 0.125 
273 270 0.25 
273 264 0.25 
273 287 0.5 
273 322 0.25 
274 271 0.125 
274 296 0.125 
274 299 0.125 
274 304 0.125 
274 363 0.5 
274 405 0.125 
274 460 0.5 
275 266 0.125 
275 280 0.125 
275 312 0.25 
275 355 0.125 
275 360 0.25 
275 393 0.5 
275 402 0.5 
276 265 0.25 
277 269 0.125 
277 288 0.5 
277 316 0.5 
277 324 0.125 
277 364 0.5 
277 378 0.125 
278 269 0.125 
278 266 0.125 
278 310 0.5 
278 333 0.125 
278 334 0.125 
278 347 0.5 
278 367 0.5 
278 387 0.5 
279 263 0.25 
279 283 0.25 
279 366 0.25 
279 435 0.25 
280 275 0.5 
280 284 0.125 
280 285 0.25 
280 286 0.25 
280 289 0.25 
280 320 0.5 
280 327 0.125 
280 345 0.25 
280 389 0.5 
280 418 0.5 
280 454 0.25 
281 267 0.5 
281 302 0.125 
281 323 0.5 
281 337 0.5 
281 403 0.5 
281 406 0.5 
282 269 0.5 
282 310 0.125 
283 275 0.25 
283 268 0.5 
283 266 0.25 
283 279 0.25 
283 291 0.125 
283 295 0.5 
283 308 0.125 
283 335 0.5 
283 373 0.25 
284 280 0.5 
284 298 0.5 
284 371 0.25 
285 275 0.25 
285 280 0.25 
285 290 0.5 
285 294 0.25 
285 379 0.5 
285 418 0.5 
285 434 0.25 
286 280 0.25 
286 289 0.125 
287 273 0.125 
287 380 0.5 
287 457 0.25 
288 277 0.5 
288 264 0.25 
288 269 0.25 
288 292 0.25 
288 328 0.5 
288 370 0.25 
288 400 0.125 
289 280 0.25 
289 286 0.5 
289 317 0.25 
289 358 0.25 
289 380 0.25 
289 410 0.25 
289 451 0.5 
290 285 0.25 
290 344 0.5 
290 407 0.125 
291 283 0.25 
291 339 0.25 
291 373 0.125 
292 288 0.5 
292 340 0.125 
292 348 0.25 
292 377 0.5 
292 461 0.125 
293 263 0.25 
293 281 0.25 
293 267 0.25 
293 301 0.125 
293 337 0.25 
294 285 0.5 
294 300 0.25 
294 458 0.125 
295 275 0.25 
295 283 0.125 
295 279 0.125 
296 274 0.5 
296 271 0.5 
296 304 0.25 
297 265 0.5 
297 309 0.25 
297 321 0.125 
297 342 0.5 
297 349 0.25 
297 421 0.125 
297 445 0.25 
298 284 0.5 
298 371 0.5 
299 271 0.125 
299 274 0.25 
299 296 0.125 
299 305 0.5 
299 397 0.5 
299 417 0.125 
299 447 0.5 
300 294 0.5 
300 306 0.5 
300 359 0.25 
300 458 0.5 
301 293 0.125 
301 326 0.5 
301 356 0.125 
302 267 0.25 
302 281 0.125 
302 416 0.5 
303 266 0.25 
303 354 0.125 
303 357 0.25 
303 404 0.25 
304 271 0.25 
304 274 0.25 
304 296 0.25 
304 460 0.25 
305 299 0.25 
305 319 0.125 
305 351 0.5 
305 409 0.25 
306 300 0.25 
306 359 0.125 
307 297 0.125 
307 265 0.5 
308 283 0.125 
309 297 0.25 
309 307 0.25 
309 265 0.125 
309 352 0.125 
309 412 0.125 
309 430 0.25 
310 278 0.125 
310 282 0.25 
311 270 0.125 
311 289 0.5 
311 319 0.5 
311 330 0.5 
311 374 0.5 
311 395 0.5 
311 446 0.125 
312 275 0.5 
312 292 0.25 
312 313 0.5 
312 314 0.125 
312 346 0.25 
312 368 0.25 
312 390 0.25 
313 312 0.125 
313 314 0.5 
313 346 0.5 
313 390 0.25 
313 443 0.5 
314 313 0.125 
314 312 0.125 
314 307 0.125 
314 399 0.5 
314 427 0.125 
315 269 0.25 
315 266 0.5 
315 336 0.25 
315 362 0.5 
315 365 0.25 
315 432 0.125 
316 277 0.125 
316 364 0.5 
316 378 0.25 
317 289 0.125 
317 361 0.25 
317 410 0.25 
318 272 0.125 
318 264 0.5 
319 311 0.125 
319 270 0.5 
319 305 0.25 
319 331 0.25 
320 280 0.5 
320 327 0.125 
321 265 0.125 
321 288 0.25 
321 297 0.5 
321 426 0.5 
322 273 0.125 
322 457 0.5 
323 267 0.5 
323 281 0.25 
323 353 0.25 
323 382 0.125 
324 274 0.125 
324 277 0.25 
324 316 0.125 
324 381 0.125 
324 383 0.5 
324 421 0.125 
325 271 0.5 
325 296 0.125 
325 274 0.125 
325 408 0.25 
325 456 0.125 
326 315 0.25 
326 301 0.5 
327 320 0.125 
327 280 0.25 
327 385 0.25 
328 288 0.125 
328 341 0.125 
329 266 0.125 
329 350 0.5 
329 362 0.5 
329 411 0.125 
330 311 0.5 
331 270 0.125 
331 330 0.125 
331 319 0.5 
331 338 0.5 
331 444 0.125 
332 264 0.125 
333 278 0.125 
333 334 0.25 
333 347 0.25 
333 387 0.5 
334 333 0.25 
334 278 0.5 
334 347 0.25 
335 283 0.25 
335 308 0.125 
335 339 0.25 
336 315 0.125 
336 280 0.25 
336 401 0.5 
337 267 0.25 
337 293 0.5 
337 281 0.25 
337 425 0.5 
337 439 0.5 
338 331 0.25 
338 386 0.5 
339 291 0.125 
339 335 0.5 
339 268 0.25 
339 384 0.5 
339 386 0.25 
339 423 0.5 
340 292 0.125 
340 377 0.25 
341 328 0.5 
342 297 0.125 
342 265 0.5 
343 266 0.25 
343 303 0.25 
343 372 0.25 
343 375 0.25 
344 290 0.5 
344 323 0.25 
344 453 0.5 
345 280 0.25 
345 328 0.125 
345 396 0.5 
345 431 0.5 
345 435 0.125 
346 313 0.125 
346 312 0.25 
346 368 0.25 
346 370 0.5 
346 438 0.125 
347 334 0.5 
347 333 0.5 
347 278 0.5 
347 367 0.5 
347 387 0.25 
348 291 0.125 
348 346 0.125 
348 292 0.125 
349 297 0.25 
349 265 0.125 
350 329 0.25 
350 362 0.25 
350 411 0.25 
350 440 0.5 
351 305 0.5 
352 309 0.125 
353 323 0.25 
353 267 0.5 
354 266 0.25 
354 303 0.5 
354 391 0.25 
355 275 0.25 
356 301 0.5 
356 267 0.125 
356 416 0.5 
356 436 0.5 
357 266 0.25 
357 303 0.25 
357 354 0.5 
357 391 0.5 
358 289 0.125 
359 306 0.25 
359 300 0.5 
359 353 0.125 
359 436 0.5 
360 275 0.125 
360 393 0.125 
361 317 0.125 
361 313 0.5 
361 284 0.125 
361 346 0.125 
361 415 0.125 
361 459 0.5 
361 492 0.125 
362 350 0.125 
362 329 0.25 
362 315 0.25 
362 376 0.125 
362 442 0.125 
363 271 0.25 
363 274 0.25 
363 304 0.5 
363 397 0.125 
363 420 0.25 
363 460 0.125 
364 277 0.25 
364 316 0.5 
365 315 0.125 
365 432 0.125 
366 279 0.25 
366 263 0.25 
366 394 0.125 
367 278 0.125 
367 347 0.125 
367 333 0.25 
368 346 0.5 
368 312 0.5 
368 313 0.5 
368 370 0.25 
368 443 0.25 
369 267 0.125 
370 288 0.125 
370 313 0.5 
370 298 0.5 
370 346 0.5 
370 368 0.5 
370 452 0.25 
370 457 0.125 
371 284 0.5 
371 298 0.125 
372 343 0.5 
373 266 0.5 
373 291 0.5 
373 283 0.25 
373 374 0.25 
374 270 0.25 
374 346 0.125 
374 311 0.25 
374 373 0.25 
375 326 0.125 
375 343 0.25 
376 362 0.5 
377 340 0.125 
377 292 0.125 
378 365 0.5 
378 315 0.5 
378 277 0.5 
378 316 0.25 
378 428 0.5 
379 275 0.5 
379 345 0.125 
379 295 0.5 
379 285 0.125 
379 422 0.125 
379 433 0.25 
380 373 0.5 
380 287 0.125 
380 289 0.125 
380 437 0.5 
381 324 0.5 
382 323 0.25 
383 381 0.5 
383 324 0.25 
383 481 0.25 
384 339 0.5 
384 423 0.25 
385 327 0.5 
386 270 0.125 
386 339 0.25 
386 338 0.25 
387 278 0.5 
387 333 0.125 
387 347 0.5 
387 388 0.25 
387 392 0.5 
388 387 0.5 
388 392 0.5 
389 280 0.5 
390 346 0.25 
390 368 0.5 
390 313 0.125 
390 312 0.5 
391 354 0.25 
391 303 0.25 
391 357 0.125 
391 266 0.5 
392 387 0.125 
392 388 0.125 
393 275 0.5 
393 360 0.125 
394 366 0.5 
395 311 0.5 
396 345 0.125 
397 363 0.5 
397 324 0.25 
397 299 0.5 
397 381 0.25 
397 271 0.25 
397 429 0.25 
397 448 0.25 
397 455 0.125 
398 298 0.125 
398 284 0.5 
398 371 0.5 
399 314 0.125 
400 288 0.25 
401 336 0.125 
402 360 0.125 
402 275 0.5 
403 267 0.25 
403 281 0.125 
403 359 0.25 
403 436 0.125 
404 303 0.25 
404 266 0.5 
405 299 0.125 
405 274 0.5 
405 304 0.5 
405 271 0.5 
406 281 0.25 
406 267 0.5 
406 353 0.25 
407 290 0.25 
407 283 0.25 
408 325 0.5 
409 305 0.25 
409 325 0.125 
409 419 0.125 
409 421 0.25 
410 289 0.5 
410 317 0.5 
410 414 0.25 
411 350 0.25 
411 329 0.25 
412 352 0.125 
412 309 0.125 
412 430 0.5 
413 302 0.125 
413 281 0.125 
413 267 0.25 
414 317 0.125 
414 289 0.125 
414 410 0.125 
415 361 0.125 
415 459 0.5 
416 267 0.125 
416 356 0.25 
416 302 0.25 
416 281 0.25 
417 299 0.5 
418 345 0.25 
418 280 0.5 
418 285 0.5 
419 409 0.5 
419 421 0.25 
420 304 0.5 
420 271 0.125 
420 363 0.25 
421 419 0.25 
421 297 0.125 
421 325 0.25 
421 409 0.25 
421 324 0.25 
422 379 0.125 
423 384 0.25 
423 339 0.5 
424 360 0.125 
424 292 0.125 
424 402 0.25 
424 355 0.25 
424 377 0.125 
424 441 0.5 
425 337 0.5 
426 321 0.25 
427 314 0.125 
427 399 0.25 
428 378 0.125 
429 397 0.25 
429 448 0.125 
429 455 0.125 
430 412 0.25 
430 309 0.5 
431 345 0.5 
432 365 0.5 
432 315 0.5 
433 379 0.25 
434 285 0.125 
435 345 0.5 
435 279 0.25 
435 356 0.25 
435 436 0.25 
436 403 0.5 
436 359 0.125 
436 356 0.125 
436 435 0.5 
436 437 0.25 
437 380 0.25 
437 436 0.5 
437 391 0.25 
438 313 0.25 
438 312 0.125 
438 346 0.125 
439 337 0.125 
439 425 0.125 
440 391 0.5 
440 350 0.5 
441 424 0.25 
442 362 0.125 
442 376 0.25 
443 368 0.125 
443 346 0.125 
443 313 0.125 
444 331 0.25 
445 297 0.25 
445 265 0.25 
446 330 0.25 
446 311 0.125 
447 299 0.5 
448 429 0.5 
448 397 0.125 
449 270 0.5 
450 266 0.5 
451 410 0.125 
451 289 0.25 
452 370 0.5 
453 344 0.5 
454 280 0.5 
455 397 0.5 
455 429 0.125 
455 448 0.125 
456 408 0.125 
456 325 0.5 
457 287 0.125 
457 322 0.125 
457 370 0.25 
457 449 0.5 
458 294 0.5 
458 300 0.25 
459 361 0.125 
459 415 0.25 
460 363 0.125 
460 271 0.5 
460 420 0.125 
460 304 0.5 
460 274 0.25 
461 271 0.25 
461 59 0.125 
461 292 0.25 
461 309 0.125 
461 224 0.125 
461 462 0.5 
462 461 0.5 
462 463 0.25 
463 462 0.25 
464 267 0.125 
464 118 0.5 
464 29 0.5 
464 129 0.25 
464 235 0.25 
464 465 0.25 
464 466 0.125 
464 467 0.25 
464 468 0.25 
465 464 0.125 
465 469 0.5 
466 464 0.125 
466 472 0.125 
467 464 0.125 
467 466 0.5 
468 464 0.5 
468 470 0.5 
468 472 0.125 
468 475 0.25 
469 465 0.5 
470 468 0.25 
470 471 0.125 
470 472 0.5 
470 475 0.125 
471 470 0.125 
471 473 0.25 
472 470 0.5 
472 468 0.25 
472 466 0.5 
472 474 0.5 
472 475 0.125 
473 471 0.125 
474 472 0.25 
474 476 0.5 
474 477 0.5 
474 478 0.5 
475 470 0.25 
475 468 0.125 
475 472 0.25 
476 474 0.5 
477 474 0.125 
478 474 0.125 
479 60 0.125 
479 159 0.125 
479 472 0.5 
479 90 0.25 
479 20 0.5 
479 480 0.125 
480 479 0.25 
481 33 0.25 
481 12 0.125 
481 20 0.25 
481 383 0.25 
481 24 0.5 
481 482 0.125 
481 488 0.5 
482 481 0.5 
482 483 0.125 
482 490 0.125 
483 482 0.25 
483 484 0.25 
483 486 0.125 
483 488 0.5 
483 489 0.25 
484 483 0.25 
484 485 0.5 
485 484 0.5 
486 483 0.25 
486 487 0.5 
486 488 0.125 
487 486 0.25 
487 488 0.125 
488 486 0.5 
488 483 0.125 
488 487 0.5 
488 481 0.125 
489 483 0.5 
489 484 0.5 
490 489 0.25 
490 482 0.25 
491 487 0.25 
491 486 0.5 
492 33 0.125 
492 361 0.25 
492 221 0.5 
492 20 0.125 
492 71 0.25 
492 493 0.25 
492 494 0.125 
492 499 0.5 
493 492 0.125 
493 495 0.5 
494 492 0.5 
494 496 0.125 
495 493 0.25 
496 494 0.125 
496 497 0.5 
496 498 0.125 
497 496 0.25 
497 494 0.5 
497 498 0.125 
498 496 0.5 
498 497 0.25 
499 492 0.5 
