500
0 1 0.5 
0 5 0.5 
1 0 0.0625 
1 2 0.5 
1 5 0.015625 
2 1 0.015625 
2 4 0.5 
3 2 0.0625 
3 12 0.5 
4 2 0.015625 
4 12 0.015625 
5 0 0.5 
5 1 0.5 
5 6 0.015625 
5 8 0.015625 
5 9 0.015625 
5 10 0.015625 
5 11 0.015625 
6 5 0.015625 
6 7 0.0625 
6 12 0.5 
7 6 0.5 
8 5 0.015625 
9 5 0.015625 
10 5 0.0625 
10 11 0.0625 
11 5 0.0625 
11 10 0.0625 
12 6 0.0625 
12 3 0.0625 
12 4 0.0625 
12 13 0.0625 
12 16 0.0625 
12 19 0.0625 
12 23 0.0625 
12 35 0.5 
12 60 0.5 
12 78 0.0625 
12 87 0.015625 
12 211 0.015625 
13 12 0.0625 
13 14 0.015625 
13 15 0.5 
13 18 0.015625 
13 21 0.5 
13 27 0.5 
13 47 0.5 
13 76 0.015625 
13 101 0.5 
14 13 0.5 
14 17 0.5 
14 18 0.0625 
14 26 0.0625 
14 32 0.0625 
14 36 0.5 
14 41 0.0625 
14 45 0.5 
14 49 0.0625 
14 72 0.5 
14 75 0.0625 
14 169 0.0625 
14 492 0.5 
15 13 0.015625 
15 22 0.5 
15 44 0.5 
15 76 0.015625 
15 101 0.0625 
16 12 0.5 
17 14 0.015625 
17 70 0.5 
17 80 0.0625 
17 138 0.015625 
17 142 0.0625 
17 160 0.5 
18 14 0.015625 
18 13 0.0625 
18 24 0.0625 
18 28 0.5 
18 37 0.5 
18 50 0.0625 
18 57 0.0625 
18 61 0.015625 
18 62 0.0625 
18 68 0.0625 
18 135 0.0625 
19 12 0.5 
19 20 0.0625 
19 136 0.015625 
20 19 0.5 
20 98 0.5 
20 106 0.015625 
20 118 0.015625 
20 263 0.0625 
21 13 0.015625 
21 30 0.015625 
21 39 0.015625 
21 46 0.0625 
21 47 0.0625 
22 15 0.015625 
22 101 0.0625 
23 12 0.5 
23 33 0.5 
23 51 0.0625 
23 71 0.5 
23 77 0.015625 
23 87 0.5 
23 124 0.5 
24 18 0.015625 
24 29 0.015625 
24 34 0.0625 
24 86 0.015625 
24 133 0.0625 
24 147 0.015625 
25 17 0.0625 
25 26 0.5 
25 31 0.0625 
25 40 0.015625 
25 150 0.0625 
25 203 0.5 
26 25 0.0625 
26 14 0.5 
26 42 0.0625 
26 84 0.015625 
26 145 0.015625 
26 171 0.015625 
26 191 0.015625 
26 207 0.015625 
26 223 0.015625 
27 13 0.5 
27 52 0.0625 
27 104 0.015625 
27 136 0.5 
27 166 0.015625 
28 18 0.015625 
28 89 0.0625 
28 107 0.5 
28 130 0.5 
28 204 0.015625 
29 24 0.015625 
29 149 0.0625 
30 21 0.0625 
30 17 0.015625 
30 18 0.015625 
30 38 0.5 
30 48 0.0625 
30 62 0.5 
30 66 0.5 
30 67 0.015625 
30 79 0.015625 
30 128 0.0625 
30 152 0.5 
30 173 0.015625 
30 188 0.5 
31 25 0.0625 
31 40 0.015625 
31 221 0.5 
32 14 0.015625 
32 37 0.0625 
32 43 0.5 
32 54 0.0625 
32 81 0.0625 
32 94 0.0625 
32 97 0.5 
32 125 0.0625 
33 23 0.5 
33 60 0.5 
33 77 0.0625 
34 29 0.0625 
34 24 0.015625 
34 38 0.0625 
34 119 0.0625 
35 12 0.015625 
35 16 0.015625 
35 58 0.5 
35 112 0.015625 
35 163 0.5 
35 184 0.5 
36 14 0.5 
36 43 0.5 
36 52 0.5 
36 91 0.0625 
36 103 0.015625 
36 127 0.5 
37 32 0.5 
37 18 0.015625 
37 54 0.0625 
37 68 0.0625 
37 93 0.015625 
37 100 0.0625 
37 114 0.5 
37 189 0.5 
38 34 0.0625 
38 30 0.0625 
39 21 0.0625 
39 48 0.015625 
39 61 0.015625 
39 73 0.5 
40 25 0.015625 
40 31 0.015625 
40 131 0.015625 
40 150 0.0625 
40 203 0.015625 
40 221 0.0625 
41 14 0.015625 
42 26 0.5 
42 44 0.015625 
42 84 0.5 
42 145 0.5 
42 171 0.0625 
42 207 0.015625 
43 36 0.5 
43 32 0.0625 
43 129 0.015625 
44 42 0.0625 
44 15 0.015625 
44 22 0.015625 
44 62 0.0625 
44 63 0.5 
45 14 0.0625 
45 49 0.5 
45 89 0.5 
45 169 0.015625 
46 21 0.5 
46 110 0.015625 
46 222 0.5 
47 21 0.5 
47 13 0.015625 
47 156 0.5 
48 30 0.0625 
48 39 0.015625 
48 21 0.015625 
48 37 0.015625 
48 170 0.5 
48 209 0.0625 
49 14 0.5 
49 45 0.0625 
49 41 0.015625 
49 171 0.015625 
50 18 0.5 
50 34 0.015625 
50 108 0.0625 
51 23 0.0625 
51 113 0.5 
51 124 0.015625 
52 27 0.015625 
52 14 0.015625 
52 36 0.015625 
52 53 0.015625 
52 55 0.015625 
52 59 0.0625 
52 83 0.0625 
52 199 0.0625 
53 52 0.015625 
53 122 0.0625 
53 158 0.5 
54 37 0.5 
54 32 0.015625 
54 69 0.0625 
54 74 0.5 
54 85 0.015625 
54 109 0.5 
54 140 0.0625 
54 220 0.015625 
55 52 0.0625 
55 157 0.015625 
56 13 0.5 
56 21 0.0625 
57 32 0.5 
57 18 0.0625 
57 93 0.015625 
57 196 0.0625 
58 35 0.015625 
58 112 0.015625 
59 52 0.0625 
59 65 0.015625 
59 111 0.015625 
59 139 0.015625 
60 12 0.5 
60 51 0.5 
60 33 0.5 
60 112 0.015625 
61 18 0.5 
61 39 0.015625 
61 57 0.5 
61 73 0.0625 
61 95 0.015625 
61 167 0.5 
61 192 0.5 
61 195 0.015625 
62 18 0.015625 
62 44 0.0625 
62 30 0.0625 
62 82 0.015625 
62 116 0.0625 
62 178 0.0625 
62 479 0.0625 
63 44 0.5 
63 64 0.5 
64 63 0.0625 
64 88 0.0625 
65 59 0.0625 
65 111 0.0625 
65 182 0.015625 
66 30 0.0625 
66 67 0.0625 
66 128 0.5 
66 152 0.0625 
66 173 0.015625 
67 30 0.015625 
67 64 0.5 
67 66 0.0625 
68 18 0.5 
68 37 0.0625 
68 120 0.015625 
68 137 0.015625 
69 54 0.0625 
69 74 0.0625 
69 109 0.5 
69 193 0.0625 
69 220 0.5 
70 17 0.015625 
70 117 0.5 
70 142 0.5 
70 160 0.5 
71 33 0.015625 
71 23 0.0625 
71 51 0.0625 
71 161 0.5 
72 14 0.0625 
72 49 0.015625 
72 171 0.015625 
73 39 0.0625 
73 61 0.0625 
73 167 0.0625 
73 206 0.015625 
74 69 0.5 
74 54 0.5 
74 140 0.015625 
74 220 0.5 
75 25 0.0625 
75 14 0.015625 
75 40 0.015625 
75 190 0.0625 
75 201 0.0625 
76 13 0.015625 
76 15 0.0625 
76 156 0.5 
77 33 0.015625 
77 23 0.0625 
78 12 0.015625 
78 16 0.0625 
78 121 0.0625 
79 13 0.015625 
79 30 0.5 
79 66 0.0625 
79 90 0.015625 
80 17 0.5 
80 138 0.5 
80 218 0.015625 
81 32 0.5 
81 125 0.0625 
82 62 0.5 
83 52 0.0625 
84 42 0.015625 
84 26 0.5 
84 145 0.0625 
85 74 0.0625 
85 54 0.015625 
85 129 0.015625 
86 24 0.015625 
86 102 0.5 
87 23 0.0625 
87 12 0.0625 
87 51 0.015625 
87 98 0.5 
87 118 0.5 
87 132 0.015625 
87 175 0.5 
88 64 0.5 
88 63 0.5 
88 146 0.0625 
88 179 0.015625 
88 198 0.0625 
89 14 0.5 
89 28 0.5 
89 45 0.015625 
89 93 0.015625 
89 126 0.015625 
89 183 0.0625 
89 197 0.015625 
89 216 0.015625 
90 79 0.015625 
91 36 0.015625 
92 62 0.015625 
92 64 0.0625 
92 44 0.5 
93 57 0.0625 
93 37 0.015625 
93 17 0.015625 
93 89 0.015625 
94 32 0.015625 
95 61 0.0625 
95 15 0.0625 
95 187 0.0625 
96 55 0.015625 
96 53 0.015625 
96 144 0.015625 
96 151 0.015625 
97 32 0.015625 
98 87 0.0625 
98 20 0.015625 
99 49 0.5 
99 72 0.0625 
99 41 0.5 
99 45 0.0625 
100 37 0.0625 
100 114 0.5 
101 13 0.5 
101 15 0.5 
101 22 0.5 
101 154 0.015625 
101 155 0.015625 
102 86 0.0625 
102 115 0.015625 
102 133 0.5 
103 36 0.015625 
103 127 0.5 
104 27 0.5 
104 76 0.0625 
105 47 0.5 
105 156 0.5 
106 53 0.015625 
106 20 0.0625 
106 19 0.015625 
106 158 0.5 
106 174 0.015625 
106 185 0.0625 
107 28 0.5 
108 50 0.0625 
108 172 0.015625 
109 74 0.5 
109 69 0.015625 
109 54 0.5 
109 85 0.5 
109 129 0.0625 
110 46 0.0625 
110 180 0.5 
111 59 0.5 
111 65 0.015625 
111 139 0.0625 
111 256 0.0625 
112 60 0.5 
112 12 0.015625 
112 58 0.0625 
112 35 0.5 
112 113 0.015625 
113 51 0.0625 
113 112 0.5 
113 23 0.5 
113 131 0.0625 
114 37 0.5 
114 100 0.5 
114 189 0.0625 
115 102 0.5 
115 130 0.015625 
116 62 0.015625 
116 119 0.015625 
117 17 0.015625 
117 36 0.015625 
117 70 0.015625 
117 184 0.5 
118 87 0.5 
118 20 0.015625 
118 141 0.0625 
118 159 0.5 
118 163 0.5 
118 202 0.5 
119 116 0.0625 
119 34 0.0625 
119 479 0.5 
120 68 0.5 
121 98 0.0625 
121 78 0.0625 
121 118 0.0625 
122 53 0.015625 
122 158 0.5 
123 88 0.5 
123 146 0.0625 
123 179 0.0625 
124 23 0.0625 
124 51 0.0625 
124 219 0.0625 
125 32 0.015625 
125 81 0.015625 
125 129 0.0625 
126 89 0.5 
126 216 0.015625 
127 36 0.015625 
127 103 0.0625 
128 30 0.5 
128 66 0.0625 
129 85 0.5 
129 43 0.5 
129 109 0.015625 
129 125 0.015625 
129 163 0.5 
129 164 0.0625 
129 194 0.015625 
129 205 0.015625 
129 256 0.0625 
130 115 0.015625 
130 28 0.5 
130 145 0.5 
130 162 0.5 
130 186 0.015625 
131 40 0.015625 
131 113 0.015625 
131 25 0.015625 
131 91 0.0625 
131 134 0.5 
132 87 0.015625 
132 122 0.5 
132 106 0.0625 
132 53 0.5 
132 121 0.5 
132 185 0.0625 
133 102 0.5 
133 28 0.0625 
133 24 0.015625 
133 148 0.015625 
134 131 0.0625 
135 18 0.015625 
135 143 0.015625 
135 168 0.5 
136 19 0.0625 
136 78 0.0625 
136 27 0.015625 
136 121 0.015625 
137 68 0.0625 
137 120 0.0625 
137 153 0.5 
137 165 0.015625 
138 17 0.015625 
138 80 0.015625 
139 59 0.015625 
139 111 0.5 
140 54 0.0625 
140 74 0.5 
141 118 0.5 
141 163 0.015625 
142 70 0.5 
142 17 0.015625 
143 135 0.0625 
143 181 0.5 
144 96 0.5 
144 151 0.0625 
145 42 0.0625 
145 84 0.0625 
145 26 0.015625 
145 130 0.0625 
146 123 0.5 
146 88 0.5 
146 179 0.015625 
146 198 0.5 
147 24 0.0625 
148 133 0.5 
149 29 0.0625 
149 200 0.0625 
150 25 0.5 
150 40 0.0625 
151 78 0.5 
151 35 0.0625 
151 112 0.015625 
151 96 0.0625 
151 144 0.5 
152 30 0.015625 
152 66 0.015625 
152 128 0.5 
153 137 0.0625 
154 101 0.5 
154 155 0.5 
155 101 0.0625 
155 154 0.0625 
156 105 0.5 
156 76 0.0625 
156 47 0.5 
156 176 0.0625 
157 55 0.015625 
158 53 0.5 
158 106 0.0625 
158 122 0.015625 
159 118 0.015625 
159 141 0.015625 
159 163 0.015625 
159 177 0.0625 
159 202 0.0625 
160 17 0.0625 
160 70 0.015625 
161 78 0.0625 
161 71 0.015625 
162 130 0.015625 
163 118 0.0625 
163 35 0.0625 
163 129 0.015625 
163 141 0.015625 
163 159 0.5 
164 129 0.015625 
165 137 0.5 
166 27 0.015625 
167 73 0.0625 
167 29 0.0625 
167 61 0.0625 
167 195 0.0625 
167 208 0.0625 
168 135 0.5 
168 143 0.0625 
168 181 0.5 
168 479 0.5 
169 14 0.5 
169 45 0.0625 
169 49 0.5 
170 48 0.5 
170 172 0.015625 
170 209 0.5 
170 464 0.015625 
171 49 0.0625 
171 72 0.0625 
171 42 0.015625 
171 130 0.015625 
171 26 0.0625 
172 108 0.015625 
172 170 0.5 
173 30 0.015625 
173 128 0.015625 
173 66 0.015625 
174 132 0.5 
174 106 0.015625 
174 53 0.5 
175 87 0.0625 
176 156 0.015625 
176 104 0.0625 
177 141 0.0625 
177 118 0.5 
177 159 0.5 
178 62 0.015625 
178 82 0.015625 
178 188 0.015625 
179 146 0.0625 
179 123 0.0625 
179 88 0.015625 
179 199 0.0625 
180 110 0.5 
180 197 0.5 
181 135 0.5 
181 168 0.5 
181 143 0.5 
182 65 0.0625 
182 139 0.015625 
182 52 0.0625 
182 111 0.015625 
183 89 0.015625 
183 126 0.015625 
183 216 0.015625 
183 256 0.0625 
184 117 0.5 
184 35 0.0625 
184 87 0.0625 
184 113 0.015625 
184 214 0.015625 
184 261 0.015625 
185 132 0.0625 
185 106 0.5 
185 217 0.0625 
186 130 0.015625 
186 162 0.0625 
187 95 0.015625 
188 62 0.5 
188 82 0.0625 
188 178 0.5 
188 30 0.5 
189 37 0.0625 
189 114 0.015625 
190 75 0.0625 
191 84 0.5 
191 42 0.5 
191 26 0.015625 
192 61 0.015625 
193 69 0.0625 
193 54 0.015625 
193 140 0.0625 
194 129 0.0625 
194 164 0.5 
195 167 0.0625 
195 61 0.5 
195 135 0.0625 
196 57 0.5 
197 180 0.0625 
197 89 0.015625 
197 210 0.0625 
198 146 0.5 
198 88 0.015625 
198 123 0.0625 
199 52 0.015625 
199 13 0.5 
199 179 0.5 
200 149 0.5 
200 145 0.0625 
201 75 0.0625 
201 190 0.015625 
202 159 0.5 
202 141 0.5 
202 118 0.0625 
203 25 0.0625 
203 40 0.015625 
204 107 0.015625 
204 28 0.0625 
205 129 0.0625 
206 95 0.015625 
206 29 0.0625 
206 73 0.5 
207 26 0.0625 
207 42 0.0625 
207 84 0.5 
207 223 0.5 
208 167 0.0625 
209 170 0.015625 
209 89 0.0625 
209 48 0.5 
209 215 0.0625 
210 197 0.0625 
211 12 0.015625 
212 91 0.0625 
213 32 0.5 
213 81 0.5 
213 97 0.5 
214 184 0.015625 
215 209 0.5 
216 126 0.5 
216 183 0.015625 
216 89 0.015625 
217 185 0.015625 
218 80 0.015625 
218 70 0.5 
218 17 0.015625 
219 23 0.0625 
219 124 0.0625 
219 263 0.015625 
220 54 0.015625 
220 74 0.5 
220 109 0.5 
220 69 0.0625 
221 40 0.5 
221 31 0.0625 
221 150 0.5 
222 46 0.015625 
223 137 0.0625 
223 114 0.015625 
223 207 0.015625 
223 37 0.5 
223 26 0.015625 
223 224 0.015625 
223 225 0.5 
223 227 0.5 
223 228 0.015625 
223 464 0.015625 
224 223 0.015625 
224 226 0.5 
224 237 0.0625 
225 223 0.015625 
225 230 0.5 
226 224 0.5 
227 223 0.0625 
227 225 0.5 
227 231 0.015625 
227 232 0.5 
227 234 0.0625 
227 236 0.015625 
228 223 0.015625 
228 229 0.015625 
229 228 0.5 
230 225 0.0625 
230 235 0.5 
231 230 0.0625 
231 227 0.0625 
231 235 0.015625 
232 227 0.5 
232 236 0.5 
233 227 0.015625 
233 234 0.0625 
233 236 0.5 
234 233 0.5 
234 227 0.015625 
235 230 0.0625 
235 231 0.0625 
236 233 0.0625 
236 227 0.015625 
236 232 0.015625 
237 224 0.5 
238 225 0.5 
238 95 0.0625 
238 5 0.5 
238 15 0.5 
238 130 0.015625 
238 239 0.5 
238 240 0.0625 
238 250 0.015625 
239 238 0.5 
239 240 0.015625 
239 246 0.0625 
239 248 0.0625 
239 254 0.0625 
240 239 0.015625 
240 238 0.0625 
240 241 0.015625 
240 243 0.015625 
240 244 0.015625 
240 247 0.5 
240 253 0.5 
241 240 0.0625 
241 242 0.5 
241 255 0.015625 
242 241 0.5 
242 245 0.0625 
243 240 0.015625 
243 249 0.0625 
244 240 0.0625 
245 242 0.015625 
246 239 0.5 
246 251 0.0625 
247 241 0.015625 
247 240 0.5 
248 239 0.015625 
249 243 0.015625 
250 238 0.015625 
250 252 0.015625 
251 246 0.0625 
252 250 0.0625 
252 251 0.5 
253 240 0.5 
254 239 0.015625 
254 261 0.0625 
255 241 0.015625 
256 129 0.0625 
256 183 0.0625 
256 218 0.0625 
256 111 0.015625 
256 163 0.5 
256 257 0.5 
256 258 0.0625 
256 259 0.0625 
256 260 0.0625 
257 256 0.0625 
257 259 0.5 
258 256 0.0625 
259 257 0.5 
259 256 0.0625 
260 256 0.0625 
260 258 0.0625 
261 12 0.015625 
261 184 0.5 
261 112 0.015625 
261 254 0.0625 
261 174 0.5 
261 262 0.015625 
262 261 0.0625 
263 118 0.0625 
263 20 0.015625 
263 219 0.0625 
263 60 0.0625 
263 163 0.5 
263 264 0.5 
263 267 0.0625 
263 277 0.015625 
263 286 0.5 
263 309 0.0625 
263 319 0.0625 
263 336 0.015625 
263 350 0.5 
263 380 0.0625 
263 400 0.5 
263 418 0.5 
264 263 0.0625 
264 265 0.5 
264 268 0.015625 
264 270 0.015625 
264 275 0.0625 
264 283 0.5 
264 290 0.5 
264 304 0.5 
264 313 0.0625 
264 333 0.0625 
264 377 0.0625 
264 442 0.015625 
265 264 0.015625 
265 266 0.015625 
265 293 0.0625 
265 294 0.0625 
265 328 0.015625 
265 434 0.5 
266 265 0.0625 
266 269 0.5 
266 294 0.0625 
266 421 0.015625 
267 263 0.5 
267 278 0.0625 
267 373 0.0625 
267 448 0.015625 
268 264 0.015625 
268 302 0.0625 
268 307 0.015625 
268 338 0.5 
269 266 0.015625 
269 268 0.5 
269 274 0.015625 
269 284 0.5 
269 310 0.015625 
269 317 0.0625 
269 326 0.5 
269 327 0.0625 
269 344 0.015625 
269 357 0.015625 
269 365 0.015625 
269 369 0.5 
269 371 0.5 
269 376 0.015625 
269 446 0.5 
269 452 0.0625 
270 264 0.015625 
270 271 0.015625 
270 272 0.5 
270 273 0.0625 
270 295 0.0625 
270 333 0.0625 
270 335 0.5 
270 337 0.015625 
270 414 0.0625 
271 270 0.5 
271 272 0.015625 
271 279 0.015625 
271 285 0.015625 
271 300 0.5 
271 324 0.0625 
272 271 0.5 
272 270 0.015625 
272 308 0.5 
272 396 0.0625 
272 413 0.5 
272 445 0.0625 
273 270 0.015625 
273 337 0.0625 
274 269 0.0625 
274 296 0.5 
274 318 0.0625 
274 319 0.5 
274 343 0.5 
274 459 0.5 
275 264 0.0625 
275 287 0.5 
275 303 0.0625 
275 435 0.5 
275 438 0.0625 
276 269 0.015625 
276 280 0.0625 
276 282 0.5 
276 301 0.0625 
276 346 0.0625 
276 362 0.0625 
276 364 0.015625 
276 376 0.015625 
276 439 0.5 
277 263 0.0625 
277 352 0.0625 
277 411 0.5 
278 267 0.5 
278 288 0.0625 
278 319 0.015625 
278 347 0.5 
278 361 0.015625 
278 403 0.015625 
279 271 0.5 
280 276 0.5 
280 370 0.0625 
280 388 0.0625 
281 264 0.5 
281 275 0.015625 
281 298 0.0625 
281 333 0.5 
281 432 0.5 
282 276 0.015625 
282 285 0.5 
282 289 0.5 
282 292 0.015625 
282 299 0.015625 
282 316 0.5 
282 342 0.0625 
283 264 0.5 
283 341 0.5 
284 269 0.5 
284 306 0.5 
284 317 0.015625 
284 322 0.015625 
284 371 0.015625 
284 388 0.5 
284 452 0.0625 
285 271 0.0625 
285 282 0.0625 
285 291 0.5 
285 305 0.015625 
285 419 0.0625 
285 423 0.5 
285 431 0.015625 
285 461 0.5 
286 263 0.015625 
286 319 0.5 
286 350 0.0625 
286 400 0.5 
286 418 0.015625 
287 275 0.015625 
288 278 0.5 
288 347 0.015625 
288 403 0.5 
289 282 0.0625 
289 393 0.5 
289 408 0.015625 
290 264 0.015625 
291 285 0.0625 
291 339 0.015625 
291 383 0.0625 
291 409 0.5 
291 447 0.0625 
292 282 0.015625 
292 285 0.015625 
292 332 0.015625 
292 393 0.0625 
292 415 0.5 
293 265 0.5 
293 315 0.0625 
293 372 0.5 
293 374 0.5 
293 382 0.015625 
294 291 0.5 
294 266 0.0625 
294 265 0.0625 
295 293 0.015625 
295 273 0.015625 
295 270 0.0625 
295 297 0.015625 
295 341 0.5 
295 450 0.0625 
296 274 0.5 
296 318 0.5 
296 329 0.015625 
296 340 0.0625 
296 361 0.015625 
296 443 0.5 
297 295 0.5 
297 450 0.0625 
298 281 0.0625 
298 283 0.5 
298 300 0.015625 
298 323 0.5 
298 356 0.5 
299 291 0.5 
299 282 0.0625 
299 325 0.0625 
299 368 0.0625 
299 406 0.015625 
299 408 0.5 
299 420 0.5 
300 298 0.5 
300 272 0.0625 
300 271 0.0625 
300 395 0.0625 
301 276 0.0625 
301 312 0.0625 
302 268 0.015625 
302 307 0.0625 
302 334 0.0625 
302 417 0.5 
303 275 0.5 
303 271 0.015625 
303 397 0.015625 
304 264 0.5 
304 298 0.015625 
304 375 0.5 
305 285 0.0625 
305 410 0.0625 
306 269 0.015625 
306 284 0.0625 
306 310 0.5 
306 331 0.5 
306 357 0.015625 
306 387 0.5 
306 398 0.5 
307 268 0.5 
307 302 0.5 
307 338 0.015625 
307 357 0.5 
308 272 0.015625 
308 313 0.015625 
308 337 0.015625 
309 263 0.0625 
309 366 0.015625 
310 269 0.5 
310 306 0.5 
310 311 0.5 
310 345 0.5 
310 349 0.015625 
310 379 0.5 
310 385 0.5 
310 404 0.0625 
310 453 0.5 
311 310 0.015625 
312 269 0.015625 
312 301 0.0625 
312 276 0.5 
312 314 0.5 
312 320 0.5 
312 321 0.5 
312 436 0.0625 
312 457 0.0625 
313 264 0.015625 
313 268 0.0625 
313 308 0.5 
313 270 0.5 
314 312 0.015625 
314 351 0.5 
314 457 0.015625 
315 293 0.5 
315 372 0.5 
315 414 0.0625 
316 282 0.0625 
317 269 0.0625 
317 284 0.5 
317 326 0.5 
317 365 0.0625 
317 389 0.015625 
317 394 0.015625 
317 452 0.5 
317 460 0.5 
318 288 0.5 
318 296 0.0625 
318 274 0.0625 
318 412 0.0625 
318 416 0.015625 
319 278 0.5 
319 274 0.0625 
319 286 0.5 
319 263 0.5 
320 314 0.0625 
320 303 0.5 
320 312 0.0625 
320 354 0.5 
321 314 0.015625 
321 312 0.5 
321 327 0.015625 
321 436 0.5 
322 284 0.015625 
322 291 0.5 
322 299 0.015625 
322 306 0.015625 
322 332 0.0625 
322 345 0.015625 
322 374 0.015625 
323 298 0.0625 
324 271 0.0625 
324 381 0.015625 
324 424 0.5 
325 299 0.0625 
326 269 0.5 
326 317 0.015625 
326 344 0.015625 
326 369 0.0625 
326 389 0.015625 
327 312 0.0625 
327 326 0.5 
327 321 0.015625 
327 269 0.0625 
327 330 0.0625 
327 425 0.0625 
327 444 0.015625 
327 460 0.5 
328 265 0.0625 
328 434 0.0625 
329 296 0.0625 
329 443 0.015625 
330 327 0.0625 
331 269 0.0625 
331 306 0.5 
331 351 0.0625 
331 363 0.015625 
331 367 0.015625 
332 322 0.015625 
332 292 0.0625 
332 348 0.0625 
332 378 0.5 
332 426 0.5 
332 456 0.5 
333 270 0.015625 
333 281 0.5 
333 264 0.0625 
333 341 0.5 
333 359 0.5 
333 386 0.5 
334 302 0.0625 
334 268 0.015625 
334 307 0.5 
334 351 0.5 
335 270 0.5 
335 355 0.015625 
336 263 0.0625 
337 308 0.015625 
337 270 0.0625 
337 273 0.5 
338 268 0.5 
338 307 0.5 
339 291 0.5 
339 383 0.015625 
339 409 0.0625 
339 447 0.5 
340 296 0.015625 
341 295 0.015625 
341 333 0.0625 
341 283 0.5 
342 282 0.5 
343 274 0.015625 
343 276 0.5 
343 309 0.015625 
344 269 0.0625 
344 326 0.015625 
344 369 0.015625 
344 452 0.0625 
345 318 0.0625 
345 322 0.5 
345 310 0.5 
345 349 0.0625 
345 401 0.0625 
346 276 0.0625 
346 362 0.0625 
346 364 0.5 
346 439 0.5 
347 278 0.5 
347 288 0.0625 
347 448 0.0625 
348 332 0.5 
348 426 0.5 
349 282 0.015625 
349 310 0.0625 
349 345 0.015625 
350 263 0.0625 
350 274 0.015625 
350 286 0.5 
350 361 0.015625 
350 366 0.015625 
350 433 0.5 
350 449 0.5 
351 312 0.0625 
351 331 0.5 
351 334 0.5 
351 314 0.015625 
351 360 0.015625 
351 441 0.5 
352 277 0.5 
353 331 0.0625 
353 363 0.0625 
353 367 0.015625 
354 320 0.5 
355 335 0.5 
356 298 0.015625 
357 268 0.5 
357 307 0.0625 
357 306 0.0625 
357 269 0.0625 
358 281 0.015625 
358 432 0.015625 
359 333 0.015625 
359 341 0.5 
360 351 0.0625 
360 441 0.0625 
361 296 0.5 
361 350 0.015625 
361 278 0.0625 
361 340 0.0625 
361 440 0.0625 
361 449 0.015625 
362 276 0.5 
362 346 0.015625 
362 439 0.015625 
363 331 0.0625 
363 353 0.015625 
363 367 0.015625 
364 276 0.5 
364 346 0.0625 
364 362 0.015625 
364 370 0.015625 
364 388 0.015625 
364 439 0.015625 
365 269 0.015625 
365 317 0.5 
366 350 0.015625 
366 309 0.0625 
366 449 0.5 
367 353 0.0625 
367 363 0.015625 
367 331 0.015625 
367 422 0.0625 
368 299 0.5 
368 406 0.015625 
369 326 0.5 
369 269 0.0625 
369 344 0.015625 
369 371 0.0625 
369 389 0.5 
370 280 0.5 
370 364 0.0625 
370 349 0.0625 
371 369 0.015625 
371 317 0.5 
371 284 0.5 
371 269 0.5 
371 391 0.0625 
372 315 0.0625 
372 293 0.0625 
372 382 0.0625 
373 267 0.015625 
374 322 0.5 
374 293 0.0625 
375 304 0.015625 
376 365 0.0625 
376 276 0.0625 
376 269 0.0625 
376 369 0.0625 
376 390 0.5 
376 399 0.5 
376 430 0.0625 
376 437 0.5 
377 264 0.5 
378 332 0.015625 
378 322 0.5 
378 348 0.5 
378 392 0.5 
378 393 0.015625 
378 408 0.5 
379 310 0.0625 
380 263 0.015625 
380 286 0.5 
380 400 0.0625 
381 324 0.0625 
381 424 0.015625 
382 293 0.5 
382 372 0.0625 
383 291 0.5 
383 339 0.5 
383 265 0.015625 
383 384 0.0625 
383 427 0.015625 
383 455 0.015625 
384 383 0.5 
385 310 0.0625 
385 404 0.0625 
386 333 0.5 
386 423 0.5 
387 306 0.5 
388 280 0.015625 
388 284 0.0625 
388 276 0.5 
388 292 0.015625 
388 364 0.5 
389 317 0.5 
389 326 0.5 
389 369 0.5 
389 391 0.015625 
390 376 0.0625 
390 399 0.015625 
390 492 0.015625 
391 317 0.5 
391 284 0.0625 
391 389 0.5 
391 344 0.5 
391 371 0.5 
391 446 0.015625 
391 452 0.015625 
392 378 0.0625 
392 416 0.0625 
393 292 0.5 
393 378 0.5 
393 289 0.5 
393 405 0.0625 
394 389 0.015625 
394 365 0.015625 
394 284 0.0625 
394 391 0.5 
394 317 0.5 
394 446 0.015625 
395 300 0.015625 
396 272 0.0625 
396 402 0.015625 
396 445 0.015625 
397 303 0.0625 
398 306 0.015625 
399 376 0.015625 
399 390 0.0625 
399 437 0.015625 
399 451 0.0625 
400 286 0.015625 
400 263 0.015625 
400 380 0.5 
401 345 0.015625 
401 294 0.015625 
401 339 0.0625 
402 396 0.5 
402 272 0.5 
402 435 0.0625 
402 445 0.0625 
403 278 0.015625 
403 288 0.0625 
403 407 0.5 
404 310 0.5 
404 385 0.5 
405 393 0.5 
406 299 0.0625 
406 368 0.0625 
406 408 0.0625 
407 403 0.015625 
407 429 0.015625 
408 299 0.5 
408 406 0.5 
408 289 0.5 
408 378 0.5 
409 374 0.0625 
409 291 0.5 
409 339 0.5 
409 295 0.5 
409 415 0.5 
409 438 0.5 
409 454 0.015625 
410 285 0.5 
410 305 0.015625 
410 419 0.5 
411 277 0.5 
412 318 0.015625 
413 272 0.0625 
413 396 0.5 
413 445 0.0625 
414 270 0.0625 
414 315 0.5 
414 372 0.015625 
415 292 0.015625 
415 285 0.015625 
415 409 0.5 
416 280 0.0625 
416 378 0.015625 
416 318 0.0625 
416 388 0.5 
416 392 0.015625 
416 428 0.015625 
417 302 0.015625 
417 268 0.015625 
418 286 0.015625 
418 263 0.0625 
419 285 0.015625 
419 410 0.5 
419 305 0.5 
420 299 0.0625 
420 406 0.0625 
420 455 0.0625 
421 266 0.0625 
422 353 0.5 
422 363 0.5 
422 367 0.015625 
422 331 0.015625 
423 285 0.0625 
423 359 0.015625 
423 386 0.015625 
423 271 0.0625 
424 381 0.0625 
424 324 0.5 
425 327 0.015625 
425 330 0.5 
425 442 0.0625 
425 444 0.5 
426 348 0.5 
426 332 0.015625 
426 456 0.5 
427 383 0.5 
427 384 0.015625 
427 455 0.5 
428 416 0.0625 
429 407 0.015625 
430 376 0.5 
430 399 0.015625 
430 390 0.5 
430 451 0.0625 
431 410 0.015625 
431 305 0.5 
431 285 0.015625 
432 281 0.5 
432 358 0.015625 
433 350 0.0625 
434 265 0.0625 
434 328 0.015625 
435 275 0.015625 
435 272 0.015625 
435 402 0.015625 
435 396 0.015625 
436 312 0.5 
436 321 0.0625 
437 399 0.5 
437 390 0.0625 
437 376 0.015625 
437 430 0.0625 
437 451 0.5 
438 275 0.5 
438 341 0.5 
438 409 0.0625 
438 266 0.0625 
439 276 0.0625 
439 364 0.0625 
439 362 0.015625 
439 346 0.0625 
440 336 0.5 
440 361 0.015625 
440 263 0.0625 
441 360 0.5 
441 351 0.5 
442 327 0.0625 
442 290 0.5 
442 425 0.015625 
442 264 0.015625 
442 275 0.015625 
443 296 0.0625 
443 329 0.5 
443 340 0.5 
444 327 0.015625 
444 425 0.5 
445 413 0.0625 
445 402 0.5 
445 272 0.0625 
445 396 0.5 
446 317 0.0625 
446 394 0.015625 
446 391 0.5 
446 269 0.5 
446 481 0.0625 
447 291 0.0625 
447 339 0.0625 
448 347 0.015625 
448 267 0.0625 
449 366 0.5 
449 350 0.015625 
449 361 0.015625 
450 297 0.5 
450 295 0.5 
450 271 0.5 
451 390 0.0625 
451 430 0.0625 
451 376 0.015625 
451 399 0.5 
451 437 0.5 
452 317 0.5 
452 284 0.5 
452 391 0.015625 
452 344 0.5 
452 269 0.5 
453 310 0.0625 
453 404 0.5 
454 409 0.5 
455 322 0.5 
455 420 0.5 
455 384 0.0625 
455 383 0.0625 
455 427 0.015625 
456 348 0.5 
456 332 0.0625 
456 426 0.5 
457 312 0.5 
457 321 0.0625 
457 314 0.0625 
457 464 0.015625 
458 295 0.015625 
458 339 0.5 
458 265 0.0625 
459 274 0.0625 
460 327 0.015625 
460 317 0.0625 
460 444 0.015625 
460 275 0.0625 
461 231 0.5 
461 285 0.015625 
461 27 0.0625 
461 310 0.015625 
461 462 0.0625 
462 461 0.0625 
462 463 0.015625 
463 462 0.015625 
464 223 0.0625 
464 100 0.0625 
464 234 0.0625 
464 170 0.0625 
464 457 0.5 
464 465 0.0625 
464 466 0.0625 
464 471 0.0625 
464 474 0.015625 
465 464 0.015625 
465 467 0.015625 
465 476 0.015625 
465 477 0.0625 
466 464 0.015625 
466 468 0.0625 
466 470 0.5 
466 475 0.5 
467 465 0.0625 
467 469 0.0625 
467 472 0.0625 
467 474 0.0625 
467 478 0.5 
468 466 0.015625 
469 467 0.0625 
469 472 0.015625 
470 466 0.0625 
471 468 0.015625 
471 464 0.5 
471 472 0.0625 
471 473 0.015625 
471 492 0.015625 
472 471 0.015625 
472 467 0.5 
472 469 0.5 
472 476 0.5 
473 471 0.5 
474 464 0.5 
474 467 0.0625 
474 477 0.5 
475 466 0.5 
476 472 0.5 
476 465 0.5 
477 471 0.0625 
477 465 0.015625 
477 474 0.5 
477 492 0.015625 
478 467 0.5 
479 119 0.015625 
479 168 0.0625 
479 38 0.5 
479 62 0.5 
479 34 0.5 
479 480 0.5 
480 479 0.5 
481 141 0.5 
481 343 0.0625 
481 87 0.0625 
481 404 0.0625 
481 446 0.0625 
481 482 0.0625 
481 485 0.0625 
481 489 0.0625 
482 481 0.015625 
482 483 0.015625 
482 484 0.015625 
482 487 0.015625 
483 482 0.0625 
484 482 0.5 
484 488 0.015625 
485 481 0.0625 
485 486 0.5 
486 485 0.0625 
487 482 0.0625 
488 484 0.0625 
488 491 0.015625 
489 481 0.015625 
490 481 0.0625 
490 489 0.5 
491 488 0.0625 
492 14 0.015625 
492 390 0.0625 
492 357 0.5 
492 471 0.015625 
492 477 0.015625 
492 493 0.0625 
492 494 0.015625 
492 495 0.0625 
492 497 0.0625 
492 499 0.015625 
493 492 0.0625 
493 496 0.015625 
493 499 0.5 
494 492 0.5 
494 498 0.015625 
495 492 0.015625 
495 498 0.015625 
496 493 0.015625 
497 492 0.5 
498 495 0.5 
498 492 0.5 
498 494 0.5 
499 492 0.0625 
499 493 0.5 
