500
0 1 0.125
0 2 0.125
0 3 0.125
0 263 0.125
1 0 0.125
2 0 0.125
3 0 0.125
3 4 0.125
3 5 0.125
4 3 0.125
4 5 0.125
4 12 0.125
5 4 0.125
5 3 0.125
5 6 0.125
5 8 0.125
5 9 0.125
5 10 0.125
5 12 0.125
6 5 0.125
6 7 0.125
6 12 0.125
7 6 0.125
8 5 0.125
8 9 0.125
8 238 0.125
9 5 0.125
9 8 0.125
9 10 0.125
9 11 0.125
9 263 0.125
10 5 0.125
10 9 0.125
11 9 0.125
12 6 0.125
12 4 0.125
12 5 0.125
12 13 0.125
12 14 0.125
12 15 0.125
12 22 0.125
12 23 0.125
12 28 0.125
12 38 0.125
12 64 0.125
12 132 0.125
12 192 0.125
12 261 0.125
13 12 0.125
13 16 0.125
13 18 0.125
13 30 0.125
13 45 0.125
13 48 0.125
13 49 0.125
13 95 0.125
13 175 0.125
14 12 0.125
14 31 0.125
14 61 0.125
14 214 0.125
14 261 0.125
15 12 0.125
15 89 0.125
15 91 0.125
15 211 0.125
16 13 0.125
16 17 0.125
16 19 0.125
16 34 0.125
16 57 0.125
16 80 0.125
16 82 0.125
17 16 0.125
17 41 0.125
17 43 0.125
17 57 0.125
18 13 0.125
18 21 0.125
18 24 0.125
18 44 0.125
18 45 0.125
18 65 0.125
18 78 0.125
19 16 0.125
19 20 0.125
19 25 0.125
19 100 0.125
20 19 0.125
20 26 0.125
20 27 0.125
20 29 0.125
20 60 0.125
20 62 0.125
20 134 0.125
20 187 0.125
20 191 0.125
21 18 0.125
21 51 0.125
21 59 0.125
22 12 0.125
22 36 0.125
22 85 0.125
22 107 0.125
22 137 0.125
22 198 0.125
23 12 0.125
23 40 0.125
23 42 0.125
23 132 0.125
23 184 0.125
24 18 0.125
24 37 0.125
24 50 0.125
24 55 0.125
24 56 0.125
24 65 0.125
24 139 0.125
24 168 0.125
25 19 0.125
25 35 0.125
25 77 0.125
26 24 0.125
26 20 0.125
26 29 0.125
26 33 0.125
26 54 0.125
26 62 0.125
26 87 0.125
26 113 0.125
26 140 0.125
26 188 0.125
26 205 0.125
26 479 0.125
27 20 0.125
27 33 0.125
27 79 0.125
27 125 0.125
27 138 0.125
28 12 0.125
28 145 0.125
28 169 0.125
29 20 0.125
29 26 0.125
29 62 0.125
29 81 0.125
29 98 0.125
29 117 0.125
29 221 0.125
30 13 0.125
30 41 0.125
30 54 0.125
30 80 0.125
30 82 0.125
30 94 0.125
30 121 0.125
30 171 0.125
31 14 0.125
31 32 0.125
32 31 0.125
32 14 0.125
32 214 0.125
33 26 0.125
33 19 0.125
33 27 0.125
33 20 0.125
33 39 0.125
33 71 0.125
33 87 0.125
33 122 0.125
34 16 0.125
35 25 0.125
35 47 0.125
35 58 0.125
35 73 0.125
35 74 0.125
35 93 0.125
35 99 0.125
35 148 0.125
35 150 0.125
35 172 0.125
35 213 0.125
36 22 0.125
36 85 0.125
36 107 0.125
36 198 0.125
37 24 0.125
37 75 0.125
37 190 0.125
37 200 0.125
38 12 0.125
38 64 0.125
39 33 0.125
39 173 0.125
40 23 0.125
40 42 0.125
41 30 0.125
41 17 0.125
41 49 0.125
41 86 0.125
41 114 0.125
42 40 0.125
42 23 0.125
42 52 0.125
42 63 0.125
43 17 0.125
43 83 0.125
43 124 0.125
44 18 0.125
44 46 0.125
45 18 0.125
45 13 0.125
46 44 0.125
46 53 0.125
46 66 0.125
46 180 0.125
47 35 0.125
47 73 0.125
47 113 0.125
47 116 0.125
47 126 0.125
47 151 0.125
47 170 0.125
47 177 0.125
47 207 0.125
47 216 0.125
48 13 0.125
49 41 0.125
49 13 0.125
49 210 0.125
50 24 0.125
50 37 0.125
50 75 0.125
50 190 0.125
51 22 0.125
51 21 0.125
51 52 0.125
52 42 0.125
52 51 0.125
52 84 0.125
53 46 0.125
54 26 0.125
54 30 0.125
54 50 0.125
55 24 0.125
55 20 0.125
55 78 0.125
55 79 0.125
55 92 0.125
55 110 0.125
55 202 0.125
55 223 0.125
56 24 0.125
56 37 0.125
56 190 0.125
56 200 0.125
57 16 0.125
57 17 0.125
57 101 0.125
57 164 0.125
58 35 0.125
58 47 0.125
58 69 0.125
58 70 0.125
58 79 0.125
58 201 0.125
59 21 0.125
59 115 0.125
59 123 0.125
59 139 0.125
59 155 0.125
59 164 0.125
60 20 0.125
60 191 0.125
61 14 0.125
61 31 0.125
61 32 0.125
61 12 0.125
62 26 0.125
62 29 0.125
62 20 0.125
62 165 0.125
62 217 0.125
63 42 0.125
64 12 0.125
64 38 0.125
64 89 0.125
64 218 0.125
65 24 0.125
65 18 0.125
65 174 0.125
65 193 0.125
65 209 0.125
66 36 0.125
66 46 0.125
66 21 0.125
66 67 0.125
66 68 0.125
66 96 0.125
66 105 0.125
66 464 0.125
67 66 0.125
67 68 0.125
67 96 0.125
67 130 0.125
68 66 0.125
68 67 0.125
68 75 0.125
68 96 0.125
69 58 0.125
69 76 0.125
69 128 0.125
69 208 0.125
70 58 0.125
71 33 0.125
72 58 0.125
72 45 0.125
72 33 0.125
72 118 0.125
73 47 0.125
73 35 0.125
73 77 0.125
73 112 0.125
73 156 0.125
73 166 0.125
73 199 0.125
74 35 0.125
74 55 0.125
75 24 0.125
75 37 0.125
75 50 0.125
75 29 0.125
75 68 0.125
75 103 0.125
75 104 0.125
75 119 0.125
75 129 0.125
75 149 0.125
75 163 0.125
75 212 0.125
75 238 0.125
76 69 0.125
76 108 0.125
76 179 0.125
77 73 0.125
77 25 0.125
77 88 0.125
77 144 0.125
78 18 0.125
78 55 0.125
78 109 0.125
79 55 0.125
79 27 0.125
79 58 0.125
79 113 0.125
80 30 0.125
80 16 0.125
80 158 0.125
81 29 0.125
82 30 0.125
82 16 0.125
82 106 0.125
82 157 0.125
83 43 0.125
83 134 0.125
83 189 0.125
84 52 0.125
84 90 0.125
84 215 0.125
85 22 0.125
85 36 0.125
85 256 0.125
86 41 0.125
86 89 0.125
86 160 0.125
87 33 0.125
87 26 0.125
87 141 0.125
87 174 0.125
88 77 0.125
88 71 0.125
88 97 0.125
88 133 0.125
89 15 0.125
89 86 0.125
89 64 0.125
89 145 0.125
90 43 0.125
90 84 0.125
91 15 0.125
91 12 0.125
92 55 0.125
93 35 0.125
94 30 0.125
95 13 0.125
95 48 0.125
95 102 0.125
95 111 0.125
95 159 0.125
95 179 0.125
95 197 0.125
96 66 0.125
96 67 0.125
96 68 0.125
96 105 0.125
96 154 0.125
96 222 0.125
97 88 0.125
97 133 0.125
97 143 0.125
98 29 0.125
98 117 0.125
98 135 0.125
98 185 0.125
98 221 0.125
98 238 0.125
99 35 0.125
99 93 0.125
99 148 0.125
99 150 0.125
99 178 0.125
99 181 0.125
99 213 0.125
100 34 0.125
100 19 0.125
101 57 0.125
102 95 0.125
103 75 0.125
104 75 0.125
104 129 0.125
104 139 0.125
104 163 0.125
105 66 0.125
105 96 0.125
105 68 0.125
106 82 0.125
106 203 0.125
107 22 0.125
107 36 0.125
107 137 0.125
108 76 0.125
108 69 0.125
108 128 0.125
109 78 0.125
110 55 0.125
110 92 0.125
111 95 0.125
111 127 0.125
112 73 0.125
112 199 0.125
113 79 0.125
113 26 0.125
113 47 0.125
113 131 0.125
114 41 0.125
115 59 0.125
115 123 0.125
116 47 0.125
117 29 0.125
117 98 0.125
117 185 0.125
118 72 0.125
118 19 0.125
118 33 0.125
118 120 0.125
118 136 0.125
119 75 0.125
119 129 0.125
119 147 0.125
119 149 0.125
120 118 0.125
120 136 0.125
121 30 0.125
122 33 0.125
122 204 0.125
123 59 0.125
123 115 0.125
123 155 0.125
123 164 0.125
124 43 0.125
125 27 0.125
125 138 0.125
126 47 0.125
126 151 0.125
126 216 0.125
127 111 0.125
128 69 0.125
128 108 0.125
128 186 0.125
129 119 0.125
129 75 0.125
129 104 0.125
130 105 0.125
130 67 0.125
130 66 0.125
130 96 0.125
130 481 0.125
131 113 0.125
131 73 0.125
131 112 0.125
131 74 0.125
131 153 0.125
132 12 0.125
132 23 0.125
132 137 0.125
132 195 0.125
133 88 0.125
133 97 0.125
134 83 0.125
134 16 0.125
134 20 0.125
135 29 0.125
135 98 0.125
135 117 0.125
135 185 0.125
136 120 0.125
136 19 0.125
136 118 0.125
136 219 0.125
137 107 0.125
137 132 0.125
137 22 0.125
138 27 0.125
138 125 0.125
138 142 0.125
139 20 0.125
139 59 0.125
139 24 0.125
139 104 0.125
139 162 0.125
139 176 0.125
140 26 0.125
140 167 0.125
141 87 0.125
141 174 0.125
141 209 0.125
142 116 0.125
142 138 0.125
142 27 0.125
142 183 0.125
143 97 0.125
143 133 0.125
144 77 0.125
145 89 0.125
145 28 0.125
146 102 0.125
146 95 0.125
146 127 0.125
146 80 0.125
146 34 0.125
147 119 0.125
147 75 0.125
147 129 0.125
147 104 0.125
147 223 0.125
148 35 0.125
148 99 0.125
148 178 0.125
148 461 0.125
149 129 0.125
149 75 0.125
149 119 0.125
149 163 0.125
150 99 0.125
150 35 0.125
150 172 0.125
150 181 0.125
151 47 0.125
151 126 0.125
151 207 0.125
152 26 0.125
153 131 0.125
153 263 0.125
154 96 0.125
154 67 0.125
154 66 0.125
154 222 0.125
155 59 0.125
155 123 0.125
155 115 0.125
156 73 0.125
157 82 0.125
157 106 0.125
157 203 0.125
158 80 0.125
159 95 0.125
160 86 0.125
161 107 0.125
161 22 0.125
162 139 0.125
163 75 0.125
163 149 0.125
163 103 0.125
163 104 0.125
163 212 0.125
164 59 0.125
164 123 0.125
164 57 0.125
165 62 0.125
165 217 0.125
166 73 0.125
166 112 0.125
167 26 0.125
167 140 0.125
168 24 0.125
168 50 0.125
169 28 0.125
170 47 0.125
171 30 0.125
172 35 0.125
172 150 0.125
172 99 0.125
172 213 0.125
173 39 0.125
173 122 0.125
173 33 0.125
173 182 0.125
174 65 0.125
174 141 0.125
174 87 0.125
175 30 0.125
175 13 0.125
175 119 0.125
176 139 0.125
177 151 0.125
177 47 0.125
177 126 0.125
178 99 0.125
178 35 0.125
178 148 0.125
178 150 0.125
178 213 0.125
179 95 0.125
179 76 0.125
179 146 0.125
180 46 0.125
181 35 0.125
181 99 0.125
181 150 0.125
182 173 0.125
183 142 0.125
184 23 0.125
184 40 0.125
185 135 0.125
185 98 0.125
185 117 0.125
185 29 0.125
185 221 0.125
186 128 0.125
187 20 0.125
188 26 0.125
188 220 0.125
189 83 0.125
190 50 0.125
190 37 0.125
190 56 0.125
191 20 0.125
191 60 0.125
192 12 0.125
193 65 0.125
193 134 0.125
194 123 0.125
194 66 0.125
194 135 0.125
194 68 0.125
194 98 0.125
194 206 0.125
195 132 0.125
196 75 0.125
196 129 0.125
196 147 0.125
196 103 0.125
197 95 0.125
198 36 0.125
198 22 0.125
199 73 0.125
199 112 0.125
199 166 0.125
200 56 0.125
200 24 0.125
200 37 0.125
201 58 0.125
202 55 0.125
202 92 0.125
203 157 0.125
203 82 0.125
203 106 0.125
203 492 0.125
204 122 0.125
205 26 0.125
205 167 0.125
206 28 0.125
206 36 0.125
206 194 0.125
206 22 0.125
207 151 0.125
207 126 0.125
207 47 0.125
208 69 0.125
209 65 0.125
209 141 0.125
210 49 0.125
211 15 0.125
212 75 0.125
212 163 0.125
213 178 0.125
213 99 0.125
213 150 0.125
213 35 0.125
213 172 0.125
214 14 0.125
214 32 0.125
214 31 0.125
215 84 0.125
216 207 0.125
216 47 0.125
216 126 0.125
217 165 0.125
217 62 0.125
218 64 0.125
219 136 0.125
219 50 0.125
220 188 0.125
221 185 0.125
221 29 0.125
221 98 0.125
221 117 0.125
221 135 0.125
222 105 0.125
222 154 0.125
222 67 0.125
222 130 0.125
222 96 0.125
223 117 0.125
223 55 0.125
223 147 0.125
223 26 0.125
223 224 0.125
223 225 0.125
223 227 0.125
223 228 0.125
223 231 0.125
223 235 0.125
224 223 0.125
225 223 0.125
225 226 0.125
225 228 0.125
225 230 0.125
226 225 0.125
226 230 0.125
226 232 0.125
226 236 0.125
227 223 0.125
228 223 0.125
228 225 0.125
228 229 0.125
228 234 0.125
228 492 0.125
229 228 0.125
229 234 0.125
230 225 0.125
230 226 0.125
230 233 0.125
231 223 0.125
231 237 0.125
232 226 0.125
232 236 0.125
233 230 0.125
233 232 0.125
234 229 0.125
234 228 0.125
235 223 0.125
236 232 0.125
236 226 0.125
237 231 0.125
238 157 0.125
238 98 0.125
238 235 0.125
238 8 0.125
238 75 0.125
238 239 0.125
238 245 0.125
238 250 0.125
239 238 0.125
239 240 0.125
239 241 0.125
239 464 0.125
240 239 0.125
240 242 0.125
240 244 0.125
240 247 0.125
240 249 0.125
240 251 0.125
240 252 0.125
240 254 0.125
240 255 0.125
241 239 0.125
241 240 0.125
242 240 0.125
242 243 0.125
242 251 0.125
242 253 0.125
243 242 0.125
243 238 0.125
244 240 0.125
244 239 0.125
244 246 0.125
244 248 0.125
245 238 0.125
246 244 0.125
247 240 0.125
247 249 0.125
247 255 0.125
248 244 0.125
249 240 0.125
249 247 0.125
250 245 0.125
250 238 0.125
251 240 0.125
251 242 0.125
252 240 0.125
252 255 0.125
253 242 0.125
254 240 0.125
255 252 0.125
255 240 0.125
255 247 0.125
256 85 0.125
256 57 0.125
256 4 0.125
256 3 0.125
256 36 0.125
256 257 0.125
256 259 0.125
257 256 0.125
257 258 0.125
258 257 0.125
259 256 0.125
259 260 0.125
260 259 0.125
261 14 0.125
261 31 0.125
261 12 0.125
261 262 0.125
262 261 0.125
263 0 0.125
263 223 0.125
263 153 0.125
263 9 0.125
263 24 0.125
263 264 0.125
263 265 0.125
263 266 0.125
263 270 0.125
263 277 0.125
263 280 0.125
263 290 0.125
263 300 0.125
263 308 0.125
263 311 0.125
263 339 0.125
263 365 0.125
263 404 0.125
263 431 0.125
264 263 0.125
264 266 0.125
264 268 0.125
264 295 0.125
264 306 0.125
264 378 0.125
264 425 0.125
265 263 0.125
265 267 0.125
265 272 0.125
265 280 0.125
265 301 0.125
265 310 0.125
265 314 0.125
266 263 0.125
266 265 0.125
266 264 0.125
266 269 0.125
266 275 0.125
266 281 0.125
266 282 0.125
266 287 0.125
266 296 0.125
266 326 0.125
266 349 0.125
266 371 0.125
266 402 0.125
266 449 0.125
266 455 0.125
266 457 0.125
267 263 0.125
267 265 0.125
267 274 0.125
267 373 0.125
268 264 0.125
268 295 0.125
269 266 0.125
269 273 0.125
269 282 0.125
269 307 0.125
269 346 0.125
269 371 0.125
270 263 0.125
270 271 0.125
270 279 0.125
270 285 0.125
270 286 0.125
270 291 0.125
270 362 0.125
270 419 0.125
270 446 0.125
271 270 0.125
271 272 0.125
271 293 0.125
271 320 0.125
271 324 0.125
271 341 0.125
271 427 0.125
272 265 0.125
272 271 0.125
272 283 0.125
272 343 0.125
273 269 0.125
273 299 0.125
273 327 0.125
273 330 0.125
273 338 0.125
273 340 0.125
273 389 0.125
274 267 0.125
274 270 0.125
274 284 0.125
274 311 0.125
274 328 0.125
275 266 0.125
275 276 0.125
275 278 0.125
275 296 0.125
275 302 0.125
275 361 0.125
275 386 0.125
275 387 0.125
275 408 0.125
276 275 0.125
276 278 0.125
276 361 0.125
276 386 0.125
276 387 0.125
276 408 0.125
276 423 0.125
277 266 0.125
277 263 0.125
277 282 0.125
277 300 0.125
277 380 0.125
278 275 0.125
278 276 0.125
278 298 0.125
278 305 0.125
278 348 0.125
278 397 0.125
279 270 0.125
279 419 0.125
280 263 0.125
280 265 0.125
280 288 0.125
280 337 0.125
280 350 0.125
280 355 0.125
280 388 0.125
280 407 0.125
280 454 0.125
281 269 0.125
281 278 0.125
281 266 0.125
281 275 0.125
281 319 0.125
281 390 0.125
282 277 0.125
282 269 0.125
282 266 0.125
282 297 0.125
283 272 0.125
283 303 0.125
283 334 0.125
283 363 0.125
283 373 0.125
284 274 0.125
285 270 0.125
285 286 0.125
285 291 0.125
285 303 0.125
285 316 0.125
285 322 0.125
285 335 0.125
285 384 0.125
285 385 0.125
285 400 0.125
285 440 0.125
286 285 0.125
286 283 0.125
286 270 0.125
286 329 0.125
286 418 0.125
287 266 0.125
287 289 0.125
287 304 0.125
287 354 0.125
287 402 0.125
288 280 0.125
288 292 0.125
288 337 0.125
288 350 0.125
288 353 0.125
288 454 0.125
289 274 0.125
289 287 0.125
289 270 0.125
289 263 0.125
289 317 0.125
289 359 0.125
289 403 0.125
289 413 0.125
290 263 0.125
291 270 0.125
291 285 0.125
291 313 0.125
291 317 0.125
291 321 0.125
291 336 0.125
291 381 0.125
291 422 0.125
292 288 0.125
292 280 0.125
292 294 0.125
292 301 0.125
292 307 0.125
292 367 0.125
292 406 0.125
292 449 0.125
293 271 0.125
293 341 0.125
293 418 0.125
294 292 0.125
294 406 0.125
295 264 0.125
295 268 0.125
295 378 0.125
295 425 0.125
296 266 0.125
296 275 0.125
296 386 0.125
296 415 0.125
297 282 0.125
298 278 0.125
298 305 0.125
298 338 0.125
299 273 0.125
299 282 0.125
299 309 0.125
299 327 0.125
299 366 0.125
300 263 0.125
300 277 0.125
300 292 0.125
300 308 0.125
300 315 0.125
301 265 0.125
301 292 0.125
301 325 0.125
301 363 0.125
301 398 0.125
301 399 0.125
301 492 0.125
302 275 0.125
302 396 0.125
303 285 0.125
303 283 0.125
303 272 0.125
303 413 0.125
304 287 0.125
304 289 0.125
304 386 0.125
304 447 0.125
305 278 0.125
305 298 0.125
306 264 0.125
306 295 0.125
306 312 0.125
306 363 0.125
306 378 0.125
307 269 0.125
307 292 0.125
307 282 0.125
307 340 0.125
307 344 0.125
307 364 0.125
307 367 0.125
307 379 0.125
307 392 0.125
308 263 0.125
308 290 0.125
308 300 0.125
308 372 0.125
309 299 0.125
309 323 0.125
309 332 0.125
309 345 0.125
309 424 0.125
309 426 0.125
310 265 0.125
310 314 0.125
310 438 0.125
311 263 0.125
311 274 0.125
311 377 0.125
311 425 0.125
312 306 0.125
312 358 0.125
312 378 0.125
313 291 0.125
313 321 0.125
313 336 0.125
313 422 0.125
313 445 0.125
314 265 0.125
314 310 0.125
314 301 0.125
314 443 0.125
315 300 0.125
316 285 0.125
317 289 0.125
317 291 0.125
317 318 0.125
317 333 0.125
317 342 0.125
317 347 0.125
317 394 0.125
317 412 0.125
318 317 0.125
318 442 0.125
319 281 0.125
319 390 0.125
319 397 0.125
320 271 0.125
321 291 0.125
321 313 0.125
321 381 0.125
322 285 0.125
323 309 0.125
323 351 0.125
323 356 0.125
323 452 0.125
324 271 0.125
324 341 0.125
325 301 0.125
326 266 0.125
326 457 0.125
327 299 0.125
327 273 0.125
327 269 0.125
327 371 0.125
328 289 0.125
328 274 0.125
328 263 0.125
328 459 0.125
329 286 0.125
330 327 0.125
330 273 0.125
330 356 0.125
330 368 0.125
330 375 0.125
330 389 0.125
331 269 0.125
332 309 0.125
333 317 0.125
333 342 0.125
333 347 0.125
333 394 0.125
334 283 0.125
335 285 0.125
335 384 0.125
336 291 0.125
336 313 0.125
336 357 0.125
336 421 0.125
336 430 0.125
337 280 0.125
337 288 0.125
337 314 0.125
337 338 0.125
337 364 0.125
337 370 0.125
338 273 0.125
338 337 0.125
338 307 0.125
338 298 0.125
338 432 0.125
339 263 0.125
339 431 0.125
340 273 0.125
340 307 0.125
340 364 0.125
341 293 0.125
341 324 0.125
341 271 0.125
342 317 0.125
342 333 0.125
342 347 0.125
342 394 0.125
343 272 0.125
344 307 0.125
345 309 0.125
345 352 0.125
345 374 0.125
345 414 0.125
345 444 0.125
346 269 0.125
347 317 0.125
347 333 0.125
347 342 0.125
348 278 0.125
348 305 0.125
348 298 0.125
349 266 0.125
349 455 0.125
349 457 0.125
350 280 0.125
350 288 0.125
350 382 0.125
350 407 0.125
350 454 0.125
351 323 0.125
352 345 0.125
352 374 0.125
352 444 0.125
353 288 0.125
353 280 0.125
353 355 0.125
353 365 0.125
353 407 0.125
353 454 0.125
354 287 0.125
355 280 0.125
355 353 0.125
355 379 0.125
356 330 0.125
356 323 0.125
356 376 0.125
356 414 0.125
357 336 0.125
357 421 0.125
357 430 0.125
358 312 0.125
358 306 0.125
358 295 0.125
358 451 0.125
359 289 0.125
359 302 0.125
359 360 0.125
360 359 0.125
360 302 0.125
360 442 0.125
361 276 0.125
361 275 0.125
361 387 0.125
361 393 0.125
362 270 0.125
363 283 0.125
363 301 0.125
363 306 0.125
364 337 0.125
364 340 0.125
364 307 0.125
364 439 0.125
365 353 0.125
365 280 0.125
365 263 0.125
365 435 0.125
366 299 0.125
367 307 0.125
367 337 0.125
367 292 0.125
367 383 0.125
367 395 0.125
367 436 0.125
367 460 0.125
368 330 0.125
369 299 0.125
369 296 0.125
369 351 0.125
369 401 0.125
370 337 0.125
371 266 0.125
371 269 0.125
371 327 0.125
371 433 0.125
372 308 0.125
372 267 0.125
372 265 0.125
372 264 0.125
373 267 0.125
373 283 0.125
374 345 0.125
374 352 0.125
374 414 0.125
375 330 0.125
375 356 0.125
376 356 0.125
376 351 0.125
377 311 0.125
378 295 0.125
378 264 0.125
378 306 0.125
378 312 0.125
378 455 0.125
379 355 0.125
379 307 0.125
379 292 0.125
380 277 0.125
380 365 0.125
380 450 0.125
381 321 0.125
381 291 0.125
381 428 0.125
381 445 0.125
382 350 0.125
382 288 0.125
383 367 0.125
383 395 0.125
383 405 0.125
383 460 0.125
384 316 0.125
384 285 0.125
384 335 0.125
384 385 0.125
384 400 0.125
384 440 0.125
385 285 0.125
385 384 0.125
385 400 0.125
385 413 0.125
386 296 0.125
386 275 0.125
386 276 0.125
386 304 0.125
386 411 0.125
387 275 0.125
387 361 0.125
387 276 0.125
387 393 0.125
387 423 0.125
388 353 0.125
388 280 0.125
388 382 0.125
389 273 0.125
389 330 0.125
390 281 0.125
390 319 0.125
390 397 0.125
391 301 0.125
391 334 0.125
391 283 0.125
391 409 0.125
391 410 0.125
391 429 0.125
392 307 0.125
393 275 0.125
393 361 0.125
393 276 0.125
393 387 0.125
394 333 0.125
394 317 0.125
394 342 0.125
394 412 0.125
395 367 0.125
395 383 0.125
395 436 0.125
396 302 0.125
397 390 0.125
397 278 0.125
397 319 0.125
397 417 0.125
398 301 0.125
398 399 0.125
399 301 0.125
399 398 0.125
400 285 0.125
400 384 0.125
400 385 0.125
401 377 0.125
401 369 0.125
402 397 0.125
402 287 0.125
402 266 0.125
402 396 0.125
403 289 0.125
404 263 0.125
405 383 0.125
405 395 0.125
405 367 0.125
406 292 0.125
406 294 0.125
406 449 0.125
407 280 0.125
407 350 0.125
407 353 0.125
408 275 0.125
408 276 0.125
408 453 0.125
409 391 0.125
409 410 0.125
409 429 0.125
410 409 0.125
410 391 0.125
410 416 0.125
410 429 0.125
411 386 0.125
411 349 0.125
411 326 0.125
411 420 0.125
412 317 0.125
412 342 0.125
412 394 0.125
413 311 0.125
413 385 0.125
413 328 0.125
413 289 0.125
413 303 0.125
413 458 0.125
414 356 0.125
414 389 0.125
414 345 0.125
414 374 0.125
414 330 0.125
415 296 0.125
415 433 0.125
416 391 0.125
416 409 0.125
416 410 0.125
416 479 0.125
417 397 0.125
418 286 0.125
418 293 0.125
418 441 0.125
419 279 0.125
419 270 0.125
420 411 0.125
421 336 0.125
421 357 0.125
422 313 0.125
422 291 0.125
422 321 0.125
423 275 0.125
423 387 0.125
423 276 0.125
424 309 0.125
424 414 0.125
424 330 0.125
424 448 0.125
425 268 0.125
425 311 0.125
425 295 0.125
425 264 0.125
426 309 0.125
427 271 0.125
428 422 0.125
428 313 0.125
428 291 0.125
428 381 0.125
429 410 0.125
429 391 0.125
429 409 0.125
430 336 0.125
430 357 0.125
431 263 0.125
431 339 0.125
432 338 0.125
433 371 0.125
433 420 0.125
433 411 0.125
433 415 0.125
433 296 0.125
434 307 0.125
435 365 0.125
436 367 0.125
436 395 0.125
437 270 0.125
437 339 0.125
437 263 0.125
438 265 0.125
438 310 0.125
439 364 0.125
440 384 0.125
440 285 0.125
441 418 0.125
442 360 0.125
442 318 0.125
443 314 0.125
444 352 0.125
444 340 0.125
444 374 0.125
444 345 0.125
445 313 0.125
445 381 0.125
445 321 0.125
446 419 0.125
446 270 0.125
447 304 0.125
448 424 0.125
449 349 0.125
449 406 0.125
449 292 0.125
449 266 0.125
450 380 0.125
451 358 0.125
452 351 0.125
452 323 0.125
453 423 0.125
453 276 0.125
453 408 0.125
454 288 0.125
454 350 0.125
454 353 0.125
454 280 0.125
455 349 0.125
455 378 0.125
455 266 0.125
456 402 0.125
457 266 0.125
457 326 0.125
457 349 0.125
458 413 0.125
459 328 0.125
460 405 0.125
460 395 0.125
460 367 0.125
460 383 0.125
461 272 0.125
461 324 0.125
461 223 0.125
461 285 0.125
461 148 0.125
461 462 0.125
462 461 0.125
462 463 0.125
463 462 0.125
464 66 0.125
464 24 0.125
464 50 0.125
464 137 0.125
464 239 0.125
464 465 0.125
464 470 0.125
464 471 0.125
464 475 0.125
465 464 0.125
465 466 0.125
465 467 0.125
465 476 0.125
466 465 0.125
466 468 0.125
466 469 0.125
466 473 0.125
467 465 0.125
468 466 0.125
469 466 0.125
469 474 0.125
470 464 0.125
470 478 0.125
471 464 0.125
471 470 0.125
471 472 0.125
472 471 0.125
473 466 0.125
474 469 0.125
474 477 0.125
475 464 0.125
476 465 0.125
477 474 0.125
478 470 0.125
479 301 0.125
479 228 0.125
479 416 0.125
479 26 0.125
479 280 0.125
479 480 0.125
480 479 0.125
481 379 0.125
481 263 0.125
481 130 0.125
481 280 0.125
481 66 0.125
481 482 0.125
481 483 0.125
481 484 0.125
481 485 0.125
481 487 0.125
481 488 0.125
482 481 0.125
482 485 0.125
482 486 0.125
482 489 0.125
483 481 0.125
484 481 0.125
484 487 0.125
485 482 0.125
485 481 0.125
485 483 0.125
485 489 0.125
485 491 0.125
486 481 0.125
486 482 0.125
487 484 0.125
487 481 0.125
487 490 0.125
488 481 0.125
489 481 0.125
489 482 0.125
489 485 0.125
490 487 0.125
491 485 0.125
492 301 0.125
492 228 0.125
492 203 0.125
492 185 0.125
492 494 0.125
492 496 0.125
492 497 0.125
492 498 0.125
493 492 0.125
494 492 0.125
494 495 0.125
495 494 0.125
496 492 0.125
497 492 0.125
497 498 0.125
497 499 0.125
498 492 0.125
498 493 0.125
498 497 0.125
499 497 0.125
499 495 0.125
