500
0 1 0.5 
0 2 0.125 
0 3 0.125 
0 4 0.25 
1 0 0.5 
1 5 0.5 
2 0 0.125 
2 5 0.5 
3 0 0.125 
3 238 0.125 
4 0 0.125 
5 2 0.125 
5 1 0.5 
5 6 0.125 
5 223 0.5 
6 5 0.25 
6 7 0.25 
6 10 0.5 
6 11 0.5 
7 6 0.25 
7 9 0.5 
7 12 0.25 
8 7 0.25 
9 7 0.25 
10 7 0.25 
10 6 0.25 
10 12 0.125 
11 6 0.125 
12 7 0.125 
12 10 0.5 
12 6 0.5 
12 13 0.25 
12 14 0.25 
12 16 0.25 
12 17 0.25 
12 19 0.5 
12 25 0.25 
12 28 0.25 
12 31 0.125 
12 34 0.5 
12 38 0.125 
12 39 0.5 
12 41 0.125 
12 61 0.25 
12 73 0.5 
12 85 0.5 
12 92 0.5 
12 93 0.125 
12 106 0.5 
12 133 0.125 
12 216 0.5 
12 218 0.5 
12 221 0.5 
12 479 0.25 
13 12 0.5 
13 14 0.25 
13 15 0.25 
13 19 0.125 
13 24 0.25 
13 28 0.125 
13 29 0.25 
13 33 0.25 
13 80 0.25 
13 114 0.25 
13 153 0.125 
13 185 0.5 
13 238 0.5 
14 12 0.125 
14 13 0.5 
14 38 0.5 
14 74 0.5 
14 81 0.5 
14 96 0.125 
14 104 0.125 
14 109 0.25 
15 13 0.5 
15 18 0.125 
15 20 0.125 
15 46 0.25 
15 52 0.5 
15 86 0.5 
15 90 0.125 
15 100 0.5 
15 143 0.5 
15 176 0.25 
16 12 0.5 
16 21 0.125 
16 30 0.5 
16 32 0.5 
16 39 0.5 
16 67 0.25 
16 69 0.125 
16 151 0.5 
16 223 0.125 
17 12 0.5 
17 41 0.125 
17 42 0.25 
17 45 0.125 
17 59 0.125 
17 87 0.5 
17 112 0.25 
17 131 0.25 
17 201 0.125 
18 15 0.25 
18 144 0.25 
19 12 0.5 
19 13 0.5 
19 75 0.25 
19 207 0.125 
20 15 0.125 
20 27 0.125 
20 89 0.5 
21 16 0.5 
21 22 0.5 
21 23 0.125 
21 53 0.125 
21 57 0.125 
21 78 0.125 
21 82 0.25 
21 184 0.5 
22 21 0.125 
22 78 0.25 
22 88 0.125 
22 188 0.25 
23 21 0.5 
23 44 0.125 
23 53 0.5 
23 209 0.25 
24 13 0.25 
24 62 0.5 
24 164 0.25 
25 12 0.25 
25 26 0.5 
25 37 0.125 
25 41 0.125 
25 83 0.5 
25 138 0.5 
25 141 0.125 
25 187 0.5 
25 238 0.125 
26 25 0.25 
26 33 0.25 
26 43 0.5 
26 66 0.125 
26 111 0.25 
26 119 0.125 
26 175 0.125 
26 198 0.5 
26 214 0.5 
26 238 0.5 
27 20 0.125 
27 110 0.25 
27 124 0.25 
27 149 0.25 
27 190 0.5 
27 195 0.25 
27 217 0.25 
28 13 0.25 
28 12 0.125 
28 70 0.25 
28 72 0.25 
28 183 0.5 
29 13 0.25 
29 24 0.25 
29 48 0.5 
29 54 0.25 
30 16 0.25 
30 69 0.25 
30 188 0.5 
30 211 0.125 
30 223 0.5 
31 12 0.25 
31 79 0.5 
31 154 0.5 
31 159 0.25 
31 192 0.25 
31 194 0.5 
32 16 0.5 
32 17 0.25 
32 197 0.25 
33 26 0.125 
33 13 0.125 
33 36 0.5 
33 58 0.25 
33 107 0.5 
33 136 0.5 
33 181 0.25 
33 205 0.25 
34 12 0.25 
34 35 0.5 
34 120 0.125 
34 128 0.25 
34 130 0.125 
34 220 0.25 
35 34 0.5 
35 120 0.125 
35 137 0.25 
35 220 0.125 
36 33 0.125 
36 40 0.25 
36 50 0.125 
36 144 0.5 
37 25 0.5 
37 51 0.5 
38 14 0.125 
38 12 0.125 
38 91 0.125 
38 96 0.5 
38 118 0.25 
39 12 0.125 
39 17 0.5 
39 16 0.25 
39 25 0.25 
39 47 0.25 
39 56 0.25 
39 71 0.125 
39 83 0.25 
39 151 0.125 
39 479 0.125 
40 36 0.5 
41 25 0.25 
41 12 0.5 
41 17 0.25 
41 39 0.25 
41 43 0.5 
41 65 0.5 
41 98 0.25 
41 129 0.5 
41 186 0.5 
42 17 0.125 
42 32 0.25 
42 51 0.5 
42 87 0.125 
42 115 0.125 
42 147 0.25 
42 213 0.25 
43 41 0.25 
43 26 0.5 
43 13 0.25 
43 45 0.125 
43 55 0.125 
43 63 0.125 
43 92 0.25 
43 125 0.5 
43 180 0.5 
44 23 0.25 
45 17 0.25 
45 43 0.5 
45 34 0.5 
45 179 0.5 
45 222 0.5 
46 20 0.125 
46 15 0.125 
46 36 0.25 
47 39 0.125 
47 17 0.5 
47 49 0.25 
47 140 0.25 
47 151 0.25 
47 178 0.125 
48 29 0.125 
48 54 0.5 
48 101 0.25 
49 47 0.125 
49 140 0.5 
49 165 0.5 
50 18 0.5 
50 36 0.25 
50 110 0.5 
51 42 0.25 
51 37 0.25 
52 15 0.125 
52 212 0.125 
53 23 0.125 
53 21 0.25 
53 60 0.125 
53 68 0.5 
53 82 0.25 
54 48 0.5 
54 29 0.5 
54 101 0.5 
54 189 0.125 
55 43 0.125 
55 125 0.25 
55 126 0.25 
55 180 0.125 
56 39 0.125 
56 37 0.5 
56 67 0.5 
56 71 0.125 
57 21 0.125 
57 209 0.25 
58 33 0.5 
58 110 0.5 
58 157 0.5 
58 200 0.25 
58 261 0.5 
59 17 0.25 
60 53 0.5 
61 12 0.25 
61 39 0.125 
61 77 0.125 
61 123 0.25 
61 150 0.125 
62 24 0.25 
63 43 0.5 
63 180 0.25 
64 61 0.25 
64 150 0.5 
65 41 0.25 
66 31 0.125 
66 26 0.25 
66 84 0.125 
66 97 0.5 
66 105 0.125 
66 113 0.25 
66 144 0.5 
66 177 0.25 
66 193 0.25 
67 56 0.25 
67 39 0.5 
67 16 0.25 
67 102 0.5 
68 53 0.125 
69 16 0.5 
69 30 0.125 
69 211 0.125 
70 28 0.125 
71 56 0.25 
71 39 0.25 
71 208 0.5 
72 28 0.25 
73 12 0.5 
73 17 0.5 
73 59 0.125 
73 210 0.5 
73 215 0.5 
74 14 0.25 
74 99 0.25 
74 163 0.5 
74 208 0.125 
75 19 0.125 
75 80 0.5 
75 116 0.125 
75 155 0.25 
76 70 0.5 
76 135 0.125 
77 64 0.125 
77 61 0.5 
77 123 0.125 
78 22 0.25 
78 21 0.125 
78 16 0.5 
78 94 0.125 
78 103 0.125 
78 132 0.25 
79 31 0.25 
79 159 0.25 
80 13 0.5 
80 75 0.125 
80 108 0.125 
80 167 0.5 
80 171 0.125 
80 204 0.5 
80 207 0.25 
81 14 0.125 
82 53 0.125 
82 44 0.5 
82 21 0.5 
82 78 0.125 
82 132 0.5 
83 39 0.25 
83 25 0.25 
83 95 0.125 
83 122 0.25 
83 134 0.125 
83 196 0.25 
84 66 0.125 
84 113 0.25 
84 177 0.5 
84 193 0.5 
85 12 0.125 
85 93 0.125 
85 133 0.125 
85 218 0.125 
86 46 0.125 
86 15 0.25 
86 27 0.25 
86 121 0.125 
86 161 0.5 
87 17 0.125 
87 42 0.125 
87 38 0.5 
87 146 0.25 
88 22 0.25 
89 20 0.5 
90 15 0.125 
91 38 0.25 
91 96 0.5 
92 12 0.125 
92 66 0.125 
92 43 0.25 
92 117 0.5 
92 166 0.125 
93 12 0.125 
93 85 0.5 
93 106 0.25 
93 216 0.5 
94 78 0.125 
95 83 0.5 
95 122 0.5 
95 134 0.5 
95 196 0.125 
96 14 0.25 
96 38 0.25 
96 91 0.25 
96 121 0.25 
96 127 0.5 
96 149 0.125 
96 219 0.5 
97 66 0.5 
97 84 0.5 
98 41 0.25 
98 65 0.25 
98 129 0.5 
98 186 0.25 
98 238 0.125 
99 74 0.25 
100 15 0.25 
100 191 0.125 
101 54 0.25 
101 29 0.5 
101 48 0.125 
101 189 0.25 
102 67 0.125 
103 78 0.25 
103 132 0.25 
104 14 0.125 
104 109 0.25 
105 66 0.25 
105 97 0.5 
106 12 0.125 
106 93 0.25 
106 216 0.125 
107 26 0.5 
107 33 0.125 
107 182 0.125 
108 80 0.125 
108 25 0.5 
109 14 0.5 
109 104 0.5 
109 148 0.125 
110 89 0.5 
110 50 0.125 
110 27 0.125 
110 58 0.5 
110 139 0.125 
110 169 0.5 
110 172 0.5 
110 174 0.125 
110 202 0.5 
111 26 0.5 
111 119 0.5 
111 199 0.25 
112 17 0.25 
112 131 0.5 
113 66 0.125 
113 84 0.5 
113 177 0.25 
113 193 0.25 
113 261 0.5 
114 13 0.5 
114 52 0.5 
115 42 0.25 
116 75 0.5 
116 19 0.125 
116 108 0.125 
116 162 0.5 
117 92 0.125 
117 145 0.125 
117 160 0.5 
118 38 0.5 
119 26 0.25 
119 111 0.125 
119 214 0.125 
120 35 0.5 
120 34 0.25 
120 152 0.125 
120 220 0.125 
121 96 0.5 
121 86 0.125 
122 95 0.5 
122 83 0.25 
123 64 0.5 
123 61 0.25 
123 77 0.5 
123 150 0.25 
124 27 0.25 
124 86 0.25 
124 128 0.25 
124 149 0.5 
125 43 0.5 
125 55 0.125 
125 126 0.125 
126 125 0.25 
126 43 0.5 
126 55 0.125 
127 96 0.25 
128 124 0.125 
128 48 0.25 
128 121 0.25 
128 34 0.25 
129 41 0.25 
129 98 0.5 
129 186 0.5 
130 35 0.125 
130 34 0.25 
131 17 0.125 
131 112 0.25 
132 78 0.5 
132 82 0.25 
132 103 0.125 
132 156 0.125 
133 12 0.125 
133 85 0.125 
134 83 0.125 
134 95 0.5 
135 106 0.125 
135 70 0.25 
135 76 0.125 
135 12 0.125 
136 33 0.5 
137 35 0.125 
137 120 0.5 
137 34 0.125 
138 25 0.125 
138 141 0.25 
139 110 0.25 
139 169 0.125 
139 174 0.5 
140 47 0.5 
140 49 0.25 
140 165 0.25 
141 138 0.125 
141 25 0.5 
142 50 0.5 
143 15 0.5 
144 92 0.25 
144 36 0.5 
144 18 0.125 
144 66 0.125 
144 158 0.25 
145 117 0.25 
145 92 0.125 
145 160 0.25 
146 87 0.5 
147 42 0.125 
148 109 0.25 
149 124 0.25 
149 96 0.25 
149 121 0.125 
149 27 0.125 
150 64 0.125 
150 61 0.5 
150 123 0.5 
151 39 0.5 
151 16 0.25 
151 47 0.25 
151 168 0.5 
151 209 0.5 
152 35 0.25 
152 120 0.25 
152 130 0.25 
153 13 0.25 
153 108 0.25 
153 464 0.125 
154 31 0.125 
154 159 0.125 
155 75 0.25 
155 19 0.125 
156 132 0.5 
157 58 0.5 
158 144 0.25 
159 31 0.125 
159 79 0.5 
159 154 0.5 
159 192 0.125 
159 194 0.5 
160 117 0.25 
160 92 0.125 
160 145 0.125 
160 166 0.5 
161 86 0.5 
161 27 0.5 
162 116 0.5 
163 74 0.125 
164 52 0.125 
164 24 0.25 
165 47 0.25 
165 49 0.5 
165 140 0.25 
165 178 0.25 
166 160 0.5 
166 92 0.5 
166 145 0.125 
167 80 0.125 
167 204 0.25 
168 151 0.5 
169 110 0.125 
169 139 0.125 
169 174 0.25 
169 202 0.25 
169 261 0.5 
170 41 0.25 
170 98 0.5 
171 80 0.125 
171 167 0.5 
172 110 0.125 
172 139 0.25 
172 50 0.25 
172 203 0.25 
173 50 0.125 
174 110 0.5 
174 139 0.25 
174 169 0.25 
174 261 0.125 
175 26 0.25 
176 90 0.125 
176 15 0.5 
177 66 0.25 
177 84 0.5 
177 113 0.5 
178 47 0.25 
178 165 0.25 
178 49 0.125 
179 45 0.5 
180 43 0.125 
180 55 0.5 
180 125 0.25 
180 63 0.125 
181 33 0.25 
181 136 0.5 
181 182 0.125 
182 107 0.125 
182 181 0.125 
183 28 0.5 
183 72 0.5 
184 21 0.5 
185 13 0.125 
186 98 0.25 
186 129 0.25 
186 41 0.5 
187 25 0.125 
187 141 0.125 
188 22 0.25 
188 30 0.25 
188 223 0.5 
189 29 0.125 
189 101 0.25 
189 54 0.125 
190 27 0.25 
191 24 0.5 
191 100 0.125 
192 159 0.25 
192 31 0.125 
193 66 0.125 
193 84 0.125 
193 113 0.125 
194 159 0.125 
194 31 0.5 
194 192 0.25 
194 79 0.5 
195 27 0.25 
195 190 0.5 
196 168 0.25 
196 83 0.25 
196 95 0.5 
197 32 0.25 
198 26 0.5 
198 111 0.25 
198 492 0.25 
199 111 0.25 
199 119 0.125 
199 198 0.25 
199 26 0.125 
200 58 0.25 
200 206 0.25 
201 17 0.5 
201 112 0.125 
201 131 0.25 
202 169 0.125 
202 110 0.125 
203 172 0.5 
204 80 0.25 
204 167 0.125 
204 263 0.125 
205 33 0.25 
206 157 0.25 
206 58 0.25 
206 200 0.125 
207 80 0.5 
207 75 0.25 
207 19 0.125 
207 155 0.25 
208 74 0.5 
208 71 0.25 
208 99 0.5 
209 21 0.5 
209 151 0.125 
209 57 0.125 
209 184 0.5 
209 23 0.25 
209 211 0.25 
210 73 0.25 
211 69 0.5 
211 209 0.5 
211 30 0.25 
212 52 0.25 
213 42 0.5 
214 119 0.25 
214 26 0.125 
214 111 0.25 
215 73 0.125 
215 210 0.25 
216 12 0.25 
216 106 0.25 
216 93 0.25 
217 195 0.5 
217 27 0.25 
217 190 0.125 
218 12 0.25 
218 85 0.25 
218 93 0.25 
219 96 0.5 
220 120 0.25 
220 35 0.25 
220 152 0.25 
220 130 0.25 
220 34 0.5 
221 12 0.125 
221 133 0.5 
222 45 0.5 
223 16 0.5 
223 188 0.5 
223 30 0.125 
223 5 0.25 
223 224 0.5 
223 225 0.125 
223 229 0.125 
223 232 0.25 
224 223 0.25 
224 226 0.25 
224 228 0.5 
225 223 0.25 
225 227 0.125 
226 224 0.5 
226 228 0.5 
226 230 0.5 
226 231 0.25 
226 234 0.125 
226 235 0.25 
226 237 0.125 
227 225 0.125 
228 226 0.125 
228 224 0.5 
228 233 0.5 
228 236 0.25 
229 223 0.25 
230 226 0.25 
231 227 0.125 
231 226 0.25 
232 223 0.5 
233 228 0.125 
234 226 0.5 
234 235 0.25 
234 237 0.25 
235 226 0.125 
235 234 0.125 
235 231 0.25 
236 228 0.25 
237 234 0.5 
237 226 0.125 
238 25 0.5 
238 3 0.25 
238 13 0.125 
238 26 0.125 
238 98 0.125 
238 239 0.5 
238 240 0.25 
238 243 0.25 
238 247 0.125 
238 254 0.5 
239 238 0.5 
239 241 0.5 
239 242 0.25 
239 247 0.25 
239 250 0.5 
240 238 0.25 
240 244 0.25 
240 252 0.25 
241 239 0.125 
241 250 0.5 
242 239 0.125 
242 241 0.5 
242 251 0.5 
243 238 0.125 
243 255 0.25 
244 240 0.25 
244 246 0.25 
244 252 0.125 
245 242 0.25 
245 249 0.125 
246 239 0.25 
246 244 0.5 
246 248 0.25 
247 239 0.125 
247 238 0.25 
247 254 0.25 
247 255 0.125 
248 246 0.125 
248 247 0.125 
249 245 0.125 
250 239 0.5 
250 241 0.25 
251 242 0.125 
251 239 0.25 
252 240 0.125 
252 244 0.125 
252 253 0.25 
253 252 0.5 
254 238 0.25 
254 247 0.125 
255 243 0.25 
255 247 0.125 
256 225 0.25 
256 61 0.125 
256 78 0.125 
256 22 0.5 
256 71 0.25 
256 257 0.25 
256 259 0.25 
257 256 0.125 
257 258 0.5 
257 260 0.5 
258 257 0.25 
259 256 0.125 
260 257 0.5 
261 58 0.25 
261 113 0.125 
261 26 0.125 
261 169 0.125 
261 174 0.5 
261 262 0.125 
262 261 0.125 
263 204 0.5 
263 25 0.25 
263 120 0.5 
263 75 0.125 
263 51 0.25 
263 264 0.5 
263 265 0.5 
263 266 0.5 
263 267 0.125 
263 269 0.25 
263 271 0.5 
263 274 0.125 
263 277 0.125 
263 286 0.25 
263 295 0.125 
263 296 0.25 
263 318 0.125 
263 324 0.25 
263 325 0.5 
263 337 0.25 
263 382 0.25 
263 459 0.25 
264 263 0.125 
264 265 0.5 
264 274 0.5 
264 276 0.25 
264 287 0.25 
264 298 0.25 
264 308 0.25 
265 263 0.25 
265 264 0.5 
265 268 0.125 
265 270 0.5 
265 276 0.125 
265 278 0.5 
265 283 0.5 
265 285 0.125 
265 314 0.5 
265 322 0.25 
265 338 0.125 
265 340 0.125 
265 371 0.25 
265 373 0.5 
265 378 0.125 
265 397 0.125 
266 263 0.5 
266 269 0.5 
266 275 0.5 
266 280 0.5 
266 288 0.25 
266 302 0.125 
266 339 0.125 
266 345 0.5 
266 385 0.125 
267 263 0.5 
267 264 0.5 
267 284 0.5 
267 365 0.25 
267 428 0.125 
267 457 0.5 
268 265 0.125 
268 278 0.125 
268 302 0.5 
268 312 0.25 
268 372 0.5 
268 394 0.125 
268 419 0.125 
268 437 0.125 
269 263 0.125 
269 266 0.5 
269 273 0.5 
269 288 0.125 
269 326 0.5 
269 396 0.125 
270 265 0.25 
270 282 0.25 
270 307 0.125 
270 355 0.25 
270 408 0.125 
271 263 0.125 
271 272 0.5 
271 306 0.5 
271 359 0.5 
271 369 0.5 
271 383 0.5 
271 451 0.5 
271 479 0.25 
272 271 0.5 
273 269 0.25 
273 270 0.125 
273 279 0.125 
273 280 0.25 
273 301 0.125 
273 304 0.5 
273 321 0.5 
273 327 0.125 
273 342 0.25 
273 344 0.25 
273 353 0.5 
273 381 0.125 
273 390 0.5 
273 456 0.5 
274 264 0.125 
274 263 0.125 
274 298 0.5 
274 308 0.25 
274 313 0.25 
274 356 0.25 
274 364 0.5 
275 266 0.5 
275 293 0.5 
275 296 0.5 
275 309 0.25 
275 330 0.125 
275 337 0.25 
275 347 0.25 
276 265 0.5 
276 264 0.125 
276 305 0.5 
277 263 0.125 
277 291 0.125 
277 402 0.25 
278 265 0.25 
278 268 0.125 
278 285 0.5 
278 292 0.25 
278 319 0.25 
278 329 0.125 
278 334 0.25 
278 411 0.5 
279 273 0.5 
279 280 0.5 
279 303 0.25 
279 307 0.5 
279 319 0.125 
279 321 0.5 
279 360 0.25 
279 400 0.5 
280 266 0.25 
280 279 0.125 
280 273 0.25 
280 281 0.5 
280 289 0.125 
280 349 0.25 
280 399 0.25 
280 405 0.25 
280 407 0.25 
281 280 0.25 
281 404 0.125 
281 416 0.5 
282 270 0.125 
282 265 0.5 
282 306 0.5 
282 316 0.5 
282 338 0.25 
282 358 0.25 
282 418 0.25 
283 265 0.5 
283 397 0.25 
284 267 0.5 
284 286 0.125 
284 294 0.5 
284 297 0.125 
284 341 0.5 
284 375 0.25 
285 265 0.5 
285 278 0.5 
285 299 0.125 
286 263 0.125 
286 284 0.125 
287 274 0.125 
287 264 0.5 
287 356 0.5 
288 271 0.25 
288 266 0.25 
288 269 0.25 
288 272 0.25 
288 290 0.5 
288 326 0.25 
288 377 0.25 
289 266 0.5 
289 280 0.125 
289 409 0.25 
290 288 0.125 
290 343 0.25 
290 368 0.5 
290 377 0.5 
291 268 0.25 
291 277 0.25 
291 263 0.5 
291 300 0.125 
291 328 0.5 
291 331 0.25 
291 388 0.25 
291 458 0.25 
292 278 0.25 
292 398 0.25 
292 415 0.25 
292 427 0.5 
293 275 0.5 
293 309 0.25 
293 330 0.5 
294 284 0.5 
294 286 0.125 
294 318 0.5 
294 335 0.25 
295 263 0.5 
296 263 0.125 
296 275 0.5 
296 385 0.5 
297 284 0.125 
297 375 0.125 
297 412 0.125 
298 264 0.125 
298 263 0.25 
298 296 0.5 
298 274 0.25 
298 313 0.25 
299 285 0.5 
300 291 0.25 
300 331 0.5 
300 458 0.25 
301 273 0.5 
301 327 0.25 
301 342 0.5 
301 344 0.125 
301 353 0.125 
301 390 0.25 
302 266 0.25 
302 268 0.5 
302 320 0.125 
302 323 0.5 
302 362 0.25 
302 426 0.125 
303 279 0.25 
304 279 0.125 
304 273 0.125 
304 311 0.25 
304 357 0.25 
305 276 0.25 
305 284 0.125 
305 341 0.25 
305 384 0.25 
305 417 0.25 
306 271 0.25 
306 282 0.25 
306 270 0.25 
306 310 0.125 
306 317 0.125 
306 341 0.5 
306 367 0.25 
306 384 0.25 
306 393 0.25 
307 279 0.25 
307 270 0.25 
307 316 0.5 
307 420 0.5 
308 264 0.25 
308 298 0.125 
308 274 0.25 
308 379 0.5 
309 293 0.5 
309 275 0.125 
309 330 0.125 
310 306 0.5 
311 304 0.125 
311 442 0.5 
312 263 0.25 
312 268 0.125 
312 374 0.125 
313 274 0.125 
313 298 0.125 
314 265 0.5 
314 276 0.125 
314 366 0.5 
314 393 0.125 
314 410 0.5 
314 441 0.5 
315 284 0.5 
315 352 0.25 
315 412 0.125 
315 452 0.5 
316 273 0.25 
316 307 0.125 
316 282 0.125 
316 327 0.5 
316 333 0.5 
316 380 0.25 
316 481 0.25 
317 306 0.25 
317 367 0.125 
318 294 0.125 
318 263 0.5 
318 332 0.125 
318 382 0.125 
319 279 0.5 
319 303 0.5 
319 278 0.5 
319 329 0.25 
319 336 0.5 
320 302 0.125 
321 279 0.125 
321 316 0.25 
321 273 0.25 
321 432 0.5 
322 265 0.25 
323 302 0.125 
323 320 0.125 
323 362 0.5 
323 453 0.5 
324 263 0.25 
324 325 0.5 
324 337 0.5 
324 402 0.25 
324 459 0.5 
325 263 0.25 
325 324 0.125 
326 288 0.25 
326 269 0.125 
326 354 0.25 
327 273 0.25 
327 316 0.5 
327 301 0.5 
327 347 0.5 
327 348 0.125 
327 363 0.125 
328 291 0.5 
328 300 0.25 
328 334 0.25 
328 458 0.125 
329 319 0.25 
329 278 0.5 
329 398 0.25 
330 275 0.125 
330 309 0.125 
330 293 0.125 
331 300 0.25 
331 328 0.25 
331 291 0.25 
331 458 0.25 
332 318 0.125 
332 388 0.125 
332 401 0.125 
333 316 0.125 
334 278 0.125 
334 328 0.125 
334 377 0.5 
334 403 0.125 
334 415 0.25 
335 294 0.25 
335 365 0.5 
335 413 0.125 
335 414 0.25 
336 319 0.25 
336 350 0.125 
337 295 0.125 
337 324 0.5 
337 263 0.25 
337 275 0.5 
337 387 0.25 
337 421 0.25 
337 430 0.25 
337 433 0.125 
338 282 0.125 
338 265 0.5 
338 389 0.5 
339 266 0.5 
340 265 0.5 
340 370 0.5 
340 380 0.5 
341 305 0.125 
341 284 0.5 
341 306 0.5 
341 346 0.5 
341 376 0.125 
342 273 0.5 
342 301 0.5 
343 290 0.5 
344 301 0.25 
344 273 0.5 
344 481 0.5 
345 266 0.25 
345 385 0.25 
346 341 0.125 
346 376 0.25 
346 479 0.125 
347 327 0.125 
347 275 0.125 
347 361 0.25 
348 327 0.25 
348 442 0.5 
348 461 0.25 
349 280 0.5 
350 336 0.25 
350 351 0.125 
351 350 0.25 
351 312 0.125 
351 356 0.25 
352 315 0.5 
353 273 0.5 
353 301 0.25 
354 326 0.25 
354 368 0.5 
354 450 0.5 
355 270 0.125 
355 384 0.5 
356 274 0.5 
356 287 0.25 
356 351 0.5 
357 304 0.25 
358 282 0.5 
359 271 0.25 
359 282 0.5 
359 392 0.25 
359 449 0.25 
360 279 0.25 
360 400 0.5 
361 347 0.125 
362 323 0.25 
362 302 0.25 
362 445 0.5 
363 327 0.5 
364 274 0.25 
365 335 0.5 
365 267 0.125 
366 314 0.25 
367 317 0.25 
367 306 0.5 
367 384 0.125 
368 326 0.5 
368 290 0.25 
368 354 0.25 
369 271 0.125 
369 383 0.5 
369 451 0.5 
370 340 0.25 
371 265 0.5 
372 268 0.25 
372 394 0.125 
372 419 0.25 
372 437 0.25 
373 265 0.5 
373 283 0.25 
374 312 0.5 
375 284 0.5 
375 267 0.25 
375 297 0.125 
375 429 0.125 
375 435 0.25 
375 457 0.5 
375 460 0.125 
376 341 0.5 
376 346 0.125 
377 290 0.25 
377 288 0.125 
377 334 0.25 
377 444 0.125 
378 265 0.25 
379 308 0.5 
380 340 0.5 
380 316 0.125 
380 370 0.5 
380 436 0.25 
381 273 0.125 
381 301 0.125 
381 461 0.5 
382 263 0.25 
382 318 0.25 
382 402 0.25 
383 369 0.125 
383 271 0.5 
384 367 0.25 
384 306 0.5 
384 305 0.25 
384 355 0.125 
384 272 0.5 
384 423 0.5 
384 438 0.125 
384 440 0.5 
385 296 0.125 
385 345 0.5 
385 266 0.25 
386 270 0.125 
386 355 0.125 
387 337 0.25 
387 289 0.25 
387 431 0.5 
387 439 0.25 
388 291 0.25 
388 332 0.5 
388 300 0.5 
388 328 0.25 
388 318 0.25 
389 338 0.5 
389 395 0.125 
390 344 0.125 
390 353 0.25 
390 301 0.125 
390 273 0.5 
390 456 0.5 
391 311 0.25 
391 304 0.125 
392 359 0.25 
393 389 0.125 
393 306 0.5 
393 338 0.5 
393 314 0.125 
393 425 0.25 
393 448 0.125 
394 268 0.25 
394 372 0.25 
395 338 0.5 
395 389 0.5 
396 327 0.125 
396 269 0.125 
396 424 0.5 
397 283 0.125 
397 265 0.5 
398 329 0.25 
398 292 0.25 
399 280 0.25 
400 279 0.125 
400 360 0.125 
400 303 0.125 
401 300 0.125 
401 324 0.5 
401 263 0.25 
401 332 0.5 
401 422 0.5 
402 382 0.5 
402 388 0.125 
402 324 0.25 
402 277 0.25 
402 454 0.5 
403 334 0.5 
404 281 0.5 
404 416 0.25 
405 280 0.5 
406 337 0.5 
407 280 0.5 
407 336 0.5 
407 443 0.125 
407 446 0.25 
408 270 0.125 
408 355 0.5 
409 289 0.25 
410 314 0.125 
410 366 0.5 
410 441 0.25 
411 278 0.25 
412 335 0.25 
412 297 0.25 
412 315 0.125 
413 335 0.125 
413 414 0.25 
414 413 0.125 
414 335 0.5 
414 447 0.5 
415 334 0.25 
415 292 0.125 
416 404 0.5 
416 281 0.125 
417 305 0.5 
418 282 0.25 
419 372 0.5 
419 268 0.5 
420 307 0.5 
421 406 0.25 
421 337 0.125 
421 430 0.5 
422 401 0.125 
423 384 0.5 
423 440 0.25 
424 353 0.5 
424 396 0.125 
425 393 0.25 
425 448 0.25 
426 323 0.25 
426 302 0.5 
427 292 0.5 
428 267 0.5 
429 305 0.25 
429 284 0.125 
429 375 0.5 
429 434 0.5 
430 337 0.5 
430 421 0.5 
430 433 0.125 
431 387 0.125 
431 439 0.5 
432 321 0.125 
433 337 0.25 
433 430 0.25 
434 429 0.125 
435 375 0.25 
436 380 0.5 
437 372 0.125 
437 268 0.5 
438 384 0.25 
438 423 0.125 
439 387 0.5 
439 431 0.25 
440 384 0.125 
440 423 0.125 
441 410 0.25 
441 314 0.5 
442 327 0.5 
442 311 0.5 
442 348 0.5 
443 407 0.125 
444 377 0.5 
445 362 0.125 
445 323 0.5 
445 302 0.25 
446 407 0.25 
446 443 0.125 
447 414 0.125 
448 393 0.5 
448 425 0.125 
449 392 0.5 
449 359 0.5 
450 326 0.5 
450 354 0.125 
451 271 0.5 
451 369 0.125 
452 352 0.5 
452 315 0.25 
453 362 0.125 
453 323 0.25 
453 445 0.25 
454 402 0.25 
455 277 0.125 
456 344 0.5 
456 390 0.25 
456 273 0.125 
456 461 0.125 
457 267 0.25 
457 375 0.25 
458 300 0.5 
458 328 0.5 
458 291 0.5 
458 331 0.25 
458 464 0.5 
459 263 0.5 
459 324 0.5 
460 375 0.125 
461 456 0.25 
461 396 0.5 
461 381 0.125 
461 348 0.25 
461 139 0.5 
461 462 0.5 
462 461 0.125 
462 463 0.25 
463 462 0.125 
464 153 0.5 
464 300 0.125 
464 458 0.125 
464 80 0.25 
464 362 0.25 
464 465 0.25 
464 466 0.25 
464 468 0.25 
464 469 0.5 
464 470 0.25 
464 471 0.5 
464 472 0.125 
464 473 0.5 
464 477 0.25 
465 464 0.5 
465 474 0.25 
465 475 0.125 
466 464 0.25 
467 464 0.25 
467 468 0.25 
467 470 0.25 
467 474 0.125 
468 467 0.25 
468 464 0.5 
468 478 0.5 
469 464 0.25 
469 477 0.125 
470 467 0.125 
470 464 0.125 
471 464 0.125 
472 464 0.25 
473 464 0.25 
474 465 0.25 
474 467 0.25 
474 475 0.25 
475 474 0.125 
475 465 0.5 
475 476 0.25 
476 475 0.25 
477 464 0.5 
477 469 0.125 
478 468 0.125 
479 39 0.25 
479 271 0.125 
479 12 0.25 
479 346 0.5 
479 274 0.25 
479 480 0.5 
480 479 0.5 
481 432 0.5 
481 169 0.5 
481 316 0.25 
481 344 0.125 
481 202 0.125 
481 482 0.125 
481 485 0.125 
482 481 0.25 
482 483 0.25 
482 484 0.25 
482 486 0.5 
483 482 0.125 
483 488 0.5 
484 482 0.125 
485 481 0.125 
485 487 0.25 
486 482 0.125 
486 489 0.25 
487 485 0.5 
487 481 0.5 
488 483 0.125 
488 490 0.125 
489 486 0.25 
489 490 0.125 
489 491 0.125 
490 489 0.125 
490 488 0.25 
491 489 0.25 
492 198 0.125 
492 283 0.125 
492 264 0.25 
492 216 0.125 
492 26 0.125 
492 493 0.25 
492 494 0.5 
492 495 0.125 
492 497 0.5 
493 492 0.25 
494 492 0.5 
494 497 0.5 
494 498 0.25 
495 492 0.25 
495 493 0.5 
495 496 0.5 
496 495 0.25 
496 499 0.125 
497 494 0.125 
497 492 0.25 
498 494 0.125 
499 496 0.125 
