500
0 1 0.7482337282297412 
0 2 0.8565335049866798 
0 492 0.2185769948458962 
1 0 0.4228387024150372 
1 2 0.3749818648230031 
1 5 0.5498937579239387 
2 0 0.14536347123805338 
2 1 0.45147140137188846 
2 3 0.8338361712221167 
2 4 0.48484716256798654 
2 12 0.15199052381342826 
3 2 0.32284230501137323 
4 2 0.04291493623769227 
5 1 0.111514367881685 
5 6 0.9109264759182764 
5 8 0.586223566515988 
5 10 0.9237180147690564 
5 11 0.07607653318131302 
6 5 0.03490258874505925 
6 7 0.034753893042773765 
7 6 0.27944148645438294 
7 9 0.9443580195386617 
8 5 0.8422744605591905 
8 11 0.2815409694125187 
9 7 0.05770679298186365 
10 5 0.8115870901754778 
11 5 0.5606928974834998 
11 8 0.8077010738298358 
12 0 0.44738521907189055 
12 2 0.02582824494774505 
12 8 0.07311035938971278 
12 6 0.38735637543656365 
12 13 0.12736381854346412 
12 21 0.669237144669311 
12 30 0.4873004185388835 
12 44 0.6534335273254572 
12 45 0.7142742570436852 
12 50 0.5552271306358906 
12 70 0.06749232523363347 
12 82 0.7467034785430411 
12 89 0.11540471392272067 
12 108 0.7509092908004964 
12 138 0.8328551171369807 
12 185 0.34661876708515127 
12 223 0.7224100114275632 
13 12 0.7444831096786545 
13 14 0.14863294328549226 
13 15 0.8775277698783157 
13 22 0.6309687729842876 
13 74 0.16517611562855405 
13 93 0.5865315240538512 
13 122 0.7845828904728399 
13 125 0.12635826324486465 
13 189 0.04867252822901924 
13 205 0.0447192430356127 
14 13 0.8221591012788045 
14 16 0.3165082247358737 
14 17 0.9214382079349 
14 19 0.7707832960022815 
14 24 0.7505331581368883 
14 25 0.8525556651661234 
14 39 0.16102354998951618 
14 86 0.8094767025251224 
14 151 0.3248027081160727 
14 177 0.03868342254356594 
14 188 0.23328756892214242 
14 206 0.3778197532094333 
14 210 0.5452893189280259 
14 220 0.6397161797175773 
15 13 0.2306194875844727 
15 17 0.7880428803315088 
15 63 0.5898190490435993 
15 92 0.6335354082926438 
15 94 0.5154749569732996 
15 99 0.9262086456865006 
15 141 0.057307204277419865 
15 261 0.7057794096305021 
16 14 0.24710835769751727 
16 24 0.9004487696359013 
16 26 0.5586869810954883 
16 48 0.5106906570639786 
16 51 0.14628767312145863 
16 177 0.4013029299197588 
16 206 0.34809916597707735 
16 220 0.36933184738127545 
16 238 0.6364842247794738 
17 14 0.7816023267184949 
17 15 0.9475314750621912 
17 18 0.755861004976735 
17 20 0.8367214742609241 
17 26 0.7117791768659941 
17 38 0.9246277857798426 
17 41 0.0009131629820982035 
17 147 0.2867009044605685 
18 17 0.19272874567650977 
18 20 0.9267953092467731 
18 27 0.3650733763959567 
18 31 0.4180621959428875 
18 37 0.16896207545075026 
18 61 0.643077554791309 
18 69 0.29606330906826706 
18 154 0.20080174097951753 
19 14 0.635404035838815 
19 24 0.945327883628129 
19 76 0.7864409163627551 
19 88 0.3595963433192455 
20 17 0.4483547840486374 
20 18 0.658748590613023 
20 31 0.3440283123746707 
20 38 0.9723641005245445 
20 52 0.30791582872796075 
20 101 0.574704054637877 
20 106 0.039387577513126715 
20 110 0.7062094009202247 
20 147 0.41460365305012126 
20 176 0.4330065281907798 
21 13 0.8466116705865713 
21 12 0.6820832875427183 
21 23 0.6594118759978305 
21 90 0.3742489971698477 
21 118 0.8111963324798345 
21 126 0.4422680782778611 
21 151 0.6870453885984137 
22 13 0.8622429213446077 
22 34 0.026124642535518716 
22 70 0.41574117520198306 
22 95 0.7656714302804282 
22 167 0.8225971518507875 
22 219 0.9065029158857792 
23 21 0.8771846299960661 
23 68 0.5547195019550704 
23 78 0.08100345271742315 
23 139 0.4468422669087475 
24 16 0.05014522229471163 
24 19 0.19948880293926918 
24 14 0.9334907664739026 
24 36 0.5849447884242572 
24 42 0.38730148088355454 
24 97 0.6914785164831524 
24 102 0.7268214684998803 
24 117 0.6044527008026768 
24 157 0.13017349630010944 
25 14 0.8066718306333778 
25 16 0.35548582243415516 
25 26 0.2865728467959423 
25 41 0.4685501693004025 
25 59 0.4316704515487638 
25 151 0.9124120130813186 
25 194 0.45849955138299814 
26 17 0.47266680698810926 
26 16 0.6630526615692556 
26 25 0.41499886783296225 
26 29 0.7150495604082868 
26 35 0.005414118012567415 
26 98 0.9730171392808167 
26 116 0.47339727177739177 
27 18 0.5292646234195808 
27 28 0.7329313320121376 
27 31 0.5542454410146209 
27 66 0.8195748348580753 
27 85 0.7687656013798224 
27 186 0.6915978352123293 
27 187 0.7839975773702264 
27 207 0.5892947105134015 
27 481 0.21917306801162995 
28 27 0.2443056597852269 
28 54 0.351455776758109 
28 56 0.02354844174954851 
28 61 0.6601829444931407 
28 169 0.4030707775974316 
28 481 0.9076228342953068 
29 26 0.1975439570242027 
29 53 0.7124530668869072 
29 116 0.3285025696524875 
29 158 0.9195954761186093 
30 12 0.8352976124038992 
30 36 0.27446474087529327 
30 44 0.6890746128684898 
30 46 0.2798397811927257 
30 72 0.8447966724602536 
30 78 0.35923027012554765 
30 79 0.5642319558444929 
30 129 0.49616357435921055 
31 27 0.2729870834771727 
31 20 0.22079916470607697 
31 18 0.8426566729758668 
31 32 0.23059163969373309 
31 33 0.6467025525437882 
31 110 0.4375201051602624 
31 131 0.6610634728792154 
32 31 0.9656134422112573 
32 43 0.04967591043628328 
32 91 0.6246628950097683 
32 120 0.6771296547946903 
33 31 0.25751225721374293 
33 55 0.3081008705855113 
34 22 0.6561548709174297 
34 159 0.9887842774165634 
35 26 0.6323606114212472 
35 171 0.06735770424832088 
36 24 0.12498333930372796 
36 30 0.5107763445918513 
36 62 0.2664158484911685 
36 97 0.15820054820837315 
36 129 0.5885542613206871 
36 132 0.7795692232293673 
37 18 0.45760662749764647 
37 69 0.20601411126488012 
38 20 0.6926818145715619 
38 17 0.8943694959180222 
38 40 0.861419969672027 
38 57 0.03578200891397554 
38 111 0.21508473763974134 
39 14 0.5811479506196131 
39 25 0.635662615918211 
39 19 0.7164753832352766 
39 50 0.0015348472590061002 
39 71 0.04501400777462683 
39 73 0.9770849041923161 
39 81 0.3879997875681481 
39 82 0.4726053458328009 
40 38 0.02476138860490551 
41 17 0.5539095026399671 
41 25 0.47242930297420815 
41 153 0.7583987945028866 
41 194 0.5117113386548306 
42 24 0.6878608470568972 
42 111 0.7343427794604482 
42 117 0.6561946218670432 
42 127 0.6868308860658043 
42 148 0.8677222350260585 
42 238 0.543003350319064 
43 32 0.5631241371599834 
43 18 0.30465630111542363 
44 30 0.448915417466057 
44 12 0.9927004308002791 
44 21 0.8974713502982218 
44 58 0.20875463691829477 
45 12 0.10831414319904942 
46 23 0.8614102033560914 
46 30 0.5946852686570477 
46 47 0.6171333703041751 
46 114 0.9057679462313094 
46 124 0.3010962221871687 
46 130 0.46481301575254785 
47 46 0.5252911783701515 
47 114 0.5419205007165262 
48 16 0.6252656419112029 
48 25 0.6049751247883544 
48 14 0.08918555544537765 
49 22 0.5243703845401142 
49 95 0.08485037389640016 
50 39 0.035617647571952515 
50 12 0.1407143920200945 
51 14 0.9676972341212114 
51 26 0.866589354031204 
51 25 0.9818572482346419 
51 16 0.1444367387596105 
51 59 0.29636387266409514 
51 142 0.761572458451656 
51 143 0.9091429577895718 
51 152 0.5318224615914879 
51 166 0.0958110598454931 
51 204 0.6117015485907582 
51 479 0.3972359095292416 
52 20 0.7177996153920763 
53 29 0.3304556614927483 
53 158 0.8014365950354768 
54 28 0.31453513772395336 
54 154 0.1834694017135301 
54 169 0.4853228833431258 
54 191 0.1429988821334448 
54 207 0.8703230104071997 
55 33 0.2513532889600816 
55 100 0.9352675743953847 
55 164 0.9734380844043423 
55 195 0.781743640044955 
56 54 0.9035078584038955 
56 28 0.2607909067685388 
56 34 0.5342248640819871 
56 135 0.02025921693403765 
56 140 0.11436928318942652 
57 20 0.9226220171463331 
57 38 0.6037846563340582 
57 28 0.7064693333536978 
57 17 0.09569533370329797 
57 67 0.19966433120796911 
57 141 0.749477199686112 
57 180 0.6987742776592388 
58 44 0.6390879470994165 
58 64 0.3521258844106657 
59 51 0.718841041094076 
59 25 0.3921229743255987 
60 16 0.3269042912870339 
60 25 0.3842621279755387 
60 14 0.06664148809541814 
60 210 0.351399458012698 
61 18 0.7353962850807023 
61 28 0.32139527869798157 
61 34 0.7816556576112622 
61 173 0.12047206029715352 
61 199 0.840575915669732 
62 36 0.6739867053163257 
62 97 0.053449899884140395 
62 132 0.4137469105462208 
63 15 0.15845114967004803 
63 65 0.3815278738035479 
63 75 0.8276128746560605 
63 103 0.8644788017888445 
64 58 0.4091758514063759 
65 63 0.3044147379148554 
65 16 0.4121514121328568 
65 150 0.7375255386645182 
66 27 0.3688127978554896 
66 119 0.19307288982519477 
66 154 0.7148702471311743 
66 162 0.550681494480656 
66 183 0.06432720364303623 
67 57 0.6986125003826819 
67 147 0.45159236386467727 
67 149 0.8826252593930533 
68 23 0.7724965276065797 
68 104 0.6796647111230228 
69 18 0.0588889635336558 
69 37 0.30716247481260284 
69 83 0.32573126338047265 
69 461 0.6982859914733517 
70 12 0.015056042473610254 
70 22 0.755288484079973 
70 13 0.4585176409984938 
70 138 0.8663324443453254 
70 174 0.2765605037721872 
71 39 0.5763339728039952 
72 30 0.9488847003143115 
72 44 0.061714544381376024 
72 50 0.5688182686643641 
72 21 0.2125974163235237 
72 84 0.1638674843707556 
72 96 0.7530450726016208 
72 112 0.04989229306711718 
73 39 0.9266972561496123 
73 82 0.5977804929588284 
74 13 0.9515039707540311 
75 63 0.9911137885171241 
76 19 0.5196022304373634 
76 80 0.7457753386947165 
76 182 0.542995197392622 
77 12 0.49215964300304926 
78 30 0.7021473330421346 
78 23 0.2632215623999944 
78 72 0.37675059806676703 
78 84 0.13108558061650744 
78 222 0.43534835352307877 
79 78 0.33142901741793607 
79 30 0.08816094549675191 
79 172 0.25320496103998413 
80 18 0.18253220271043802 
80 76 0.6073996879804151 
80 59 0.1340694750506829 
80 19 0.22585375233583038 
80 123 0.24722702816476216 
80 178 0.82982863525984 
80 221 0.5742145767003694 
81 39 0.8796164263904123 
81 73 0.9571746641703356 
82 12 0.6495478095284377 
82 73 0.5775008902399563 
82 39 0.5178062693924234 
82 165 0.8855533524004988 
82 211 0.9829786377047406 
83 69 0.24405942644016065 
83 91 0.7587448693492702 
83 144 0.4873660146239305 
84 72 0.03177222441118621 
84 78 0.8950146832216603 
84 87 0.12584652791697115 
85 27 0.5097529409075111 
86 14 0.9194515034463101 
86 16 0.3027663637486213 
86 216 0.35412748382459014 
87 84 0.49760628270618834 
87 129 0.38221617826328946 
88 19 0.5760102488062437 
88 238 0.6818198572881968 
89 12 0.11283558406099048 
90 21 0.26992422065677524 
90 151 0.48245100918101747 
90 263 0.770909756712027 
91 32 0.27476172598727255 
91 69 0.1267472661601704 
91 83 0.8478804112733062 
92 15 0.17751916908319398 
92 214 0.6532396681945372 
93 74 0.48194753442757277 
93 13 0.9749106496362663 
93 223 0.42269942322831455 
94 17 0.740872592618576 
94 15 0.5497401187050163 
94 128 0.25646509132696804 
94 218 0.16444749019144522 
95 22 0.2864822322329139 
95 49 0.9470393712971312 
95 107 0.5843602671398076 
96 72 0.3075347336435752 
96 112 0.47393319061653827 
97 24 0.8243609654696449 
97 36 0.8431466656428593 
97 62 0.9146651807469491 
97 102 0.13855137110747617 
97 157 0.7104786087049436 
97 161 0.21104702659700036 
98 26 0.2397864418886163 
98 181 0.3767170205089093 
99 15 0.8339503082213877 
100 55 0.6929483193546874 
100 107 0.9649757292991178 
101 20 0.10748087962220931 
101 52 0.9907244884373686 
101 176 0.007250190374840537 
102 24 0.4165677751797515 
102 84 0.7201005186193267 
102 97 0.947977754533454 
102 109 0.8598489995845771 
103 75 0.942835029575806 
103 63 0.9537274543767091 
104 68 0.06576516017839784 
104 44 0.1678049896594278 
104 24 0.32225573091805393 
104 146 0.9010300566257455 
105 91 0.36176990080520155 
106 43 0.4694169428638285 
106 20 0.30161320699749805 
106 35 0.20832510104308466 
106 209 0.7504144608482225 
107 100 0.6533691012814857 
107 95 0.7575023191527784 
107 171 0.29619096469174366 
108 12 0.3155600551357465 
109 102 0.6512509447993484 
109 213 0.8805479922945029 
110 20 0.9672385363627387 
110 31 0.3922678801393339 
110 180 0.40425789988856464 
111 40 0.7581848134512522 
111 38 0.05997441908160139 
111 42 0.18607772304535797 
111 121 0.5697929448702749 
111 168 0.7489993993113085 
111 212 0.8336688531290903 
112 72 0.5974806719460045 
112 96 0.8248734797600348 
113 38 0.8121159447067958 
113 94 0.5990288415878379 
114 46 0.3450905512561173 
114 47 0.30079856399850413 
114 124 0.27228660175702346 
115 26 0.48046871346240383 
115 16 0.7710678384685177 
115 53 0.9206999853638045 
115 217 0.9948251730064686 
116 29 0.4616025696451628 
116 26 0.14502306646007235 
116 53 0.8105467333784073 
116 156 0.9969145857733799 
116 181 0.7303692349808851 
117 24 0.31346312878006966 
117 42 0.3906065257688046 
117 198 0.7720981318503605 
118 21 0.5780728141073703 
118 126 0.7031137622492427 
119 66 0.8783807934217268 
119 162 0.2842204794062346 
120 32 0.3228645840775839 
121 111 0.1408245733237311 
121 38 0.021079446220253817 
121 65 0.1463418787237747 
121 160 0.5255059601187945 
121 175 0.5973323688565033 
121 479 0.6994543590320051 
122 13 0.866389667210867 
122 93 0.38865164043854517 
122 74 0.14167375604866594 
123 80 0.12819027306010067 
123 178 0.803858669703495 
123 221 0.10558540249339576 
124 114 0.5905160927004282 
124 46 0.3195836682894516 
124 170 0.02407124041512132 
124 196 0.2045964535614384 
125 95 0.9792492737148363 
125 22 0.07399676291011315 
125 13 0.9418824905096591 
125 49 0.5241541871040826 
125 133 0.006870581469045178 
125 134 0.5345891847973655 
126 21 0.45948613831352425 
126 118 0.07814086058234238 
127 42 0.9794194889805397 
127 163 0.027744522893202173 
128 94 0.6530376262324156 
128 218 0.4138518076043607 
129 36 0.866247972420064 
129 30 0.6883021028733525 
129 87 0.13879835883333402 
129 84 0.33915556356376564 
130 114 0.9244117015306899 
130 46 0.6712784903994159 
131 31 0.3494307929599385 
131 145 0.19535609537027265 
131 202 0.2559113498045883 
132 36 0.028862986605989183 
132 62 0.09686764471684872 
132 136 0.41115217687404937 
133 125 0.9323358302061033 
133 134 0.717664528429163 
134 125 0.29954747855001984 
134 133 0.003705012879587466 
135 56 0.542948232766507 
136 132 0.4193872521457346 
136 36 0.0036142343752377792 
136 44 0.046880005000777936 
136 62 0.7292909325133979 
137 32 0.33694405828844576 
138 12 0.48288166060567683 
138 70 0.4679465991992966 
138 263 0.8975586491636116 
139 23 0.5623800084225657 
140 56 0.3832489189280013 
141 15 0.9346604395790583 
141 57 0.5971480852445158 
141 190 0.7065452942510753 
142 51 0.18433823530346616 
143 51 0.2646888272285578 
144 91 0.05458680424372164 
144 32 0.08867818206182454 
144 69 0.5065609648047442 
144 83 0.20962696121861912 
144 202 0.48941909024373165 
145 131 0.5638508442345164 
146 104 0.31549792110421715 
147 17 0.08122901857700193 
147 20 0.5833498230656163 
147 67 0.027599199999608803 
147 57 0.28927144008201433 
147 179 0.05694873931633526 
147 256 0.4409769228650672 
148 42 0.3112972225984503 
149 67 0.49461969902030944 
149 57 0.8286091316274441 
150 65 0.3372831458112536 
151 21 0.6590656539940587 
151 90 0.7003155977925514 
151 14 0.7298642267841499 
151 25 0.7245744798575077 
152 151 0.3030843051982869 
152 51 0.004731344634366086 
153 41 0.5025504789650856 
153 155 0.03498737014551134 
153 188 0.6467610502913043 
154 54 0.2373810863404252 
154 119 0.6374123958319027 
154 66 0.004426149836589177 
154 18 0.4136477004609581 
155 153 0.25583503795130447 
155 92 0.5262374978325474 
156 116 0.8834483335397717 
157 24 0.6459660825319351 
157 97 0.8962353993388392 
158 53 0.1679401546762076 
158 29 0.7484113423674151 
159 34 0.8390796966566543 
159 27 0.4639252093758992 
160 121 0.500958057021554 
160 175 0.7108658823346091 
161 97 0.5142932645807361 
162 119 0.4038761699352864 
162 66 0.45266468207627764 
162 183 0.38898094945085837 
163 127 0.4730079187340622 
164 55 0.24841052553721255 
164 208 0.5222304809932439 
165 82 0.1834399600775476 
165 200 0.23088663919094832 
166 51 0.5352070229504113 
166 204 0.3034795485460824 
167 22 0.04774514437576349 
167 219 0.6610099732022325 
168 111 0.6696612311526384 
169 28 0.5681529423521875 
169 54 0.5117719491344516 
170 124 0.8539114397867821 
170 46 0.6400388220415978 
171 35 0.7340629903321472 
171 107 0.7741792461140129 
172 79 0.6796411775762728 
173 61 0.22606572968798333 
173 199 0.666352069809784 
174 70 0.16998787306030705 
175 15 0.6555875260442507 
175 121 0.6361812710029335 
175 160 0.9851701575582853 
175 103 0.8578337102426427 
176 110 0.911487956708061 
176 20 0.44406180189859257 
176 101 0.05894002601138548 
177 14 0.5417461868797481 
177 16 0.20227687648445836 
178 123 0.04112560315190905 
178 80 0.38206397732291664 
179 176 0.06987471063432427 
179 147 0.5650468064623986 
180 57 0.913676919313518 
180 179 0.5205691058894591 
180 110 0.8234955696929697 
180 184 0.2281203903199226 
180 464 0.9546668632341703 
181 26 0.4082839226253926 
181 98 0.8385287332959772 
181 116 0.11274607009051374 
181 158 0.6321584779074284 
181 193 0.3431997590851117 
182 76 0.8324191407976863 
182 88 0.8554025087980095 
182 19 0.03841330803871679 
183 66 0.303066616295957 
183 119 0.955530349647184 
183 162 0.8438509170159827 
184 180 0.8140177196851139 
185 12 0.7153065487796588 
186 27 0.2308685656696472 
187 27 0.4642093481184768 
187 207 0.8098620784788768 
188 153 0.5495138847344528 
188 14 0.6761789724317823 
188 194 0.8453984686407172 
189 13 0.0943201196415625 
189 74 0.4784786227938681 
189 93 0.7043996615177575 
189 263 0.9917509691205026 
190 141 0.2750012985971432 
191 54 0.7772699878492199 
191 28 0.8200623056161853 
191 169 0.8750277049895204 
192 135 0.6168395161836062 
192 56 0.2229102155417404 
193 181 0.4240522204485546 
194 41 0.6008012324837837 
194 188 0.23238461755472262 
194 25 0.776030425180275 
194 197 0.02121771713522491 
195 55 0.9486380236679991 
195 208 0.14299611770001253 
196 124 0.3285151020474205 
197 194 0.6875294364767984 
198 117 0.44015423570659606 
199 61 0.5888566322711728 
199 173 0.5790292895759332 
200 82 0.06547579820247129 
200 165 0.39234208254271985 
200 211 0.6445885670254528 
201 71 0.6878645618517335 
201 39 0.12995988676628378 
201 81 0.8825776691078198 
201 73 0.43761345751431646 
202 144 0.11419290544371596 
202 131 0.43266193128107855 
202 186 0.15302990567927455 
202 27 0.6353621310613151 
203 153 0.7248121607242541 
204 166 0.934984372225222 
204 51 0.3395805085500251 
205 13 0.49170225616547025 
205 74 0.12901246051630355 
206 16 0.34687299338665734 
206 14 0.12004140821804066 
206 210 0.9180721572162042 
207 187 0.4236933135151536 
207 54 0.6543466416321424 
207 83 0.6802796900650382 
207 27 0.1869031262948041 
208 55 0.06290229248912982 
208 195 0.7496497047099354 
208 164 0.718087329858999 
209 106 0.0001741574815814495 
210 16 0.3047357681138435 
210 14 0.9876111574621559 
210 60 0.05183996048321149 
210 206 0.41001666968663686 
210 223 0.7394624209738184 
211 200 0.947521728065615 
211 82 0.03934434766268935 
212 111 0.29018499254854724 
213 109 0.058386520608997294 
213 24 0.39387288619658256 
213 151 0.0069626786639798155 
214 92 0.04713010194821565 
215 89 0.07073591991004846 
215 12 0.9983990477780869 
216 86 0.366277182459277 
217 98 0.6748241755893558 
217 158 0.6258925432613974 
217 115 0.15259253657720917 
218 128 0.14823776597806404 
218 94 0.9765075394774 
219 22 0.4522471580069536 
219 95 0.907818482255433 
219 167 0.6198151138990391 
220 14 0.21369614225650324 
220 16 0.24769243106480476 
220 59 0.6273342783580066 
220 210 0.8198309594993556 
221 80 0.30724146071222924 
221 123 0.29633318891368543 
221 256 0.06998657495116123 
222 78 0.26753011241656466 
223 210 0.6519797242254066 
223 96 0.679977861362633 
223 12 0.9043684818596613 
223 93 0.14993730066055588 
223 217 0.6354128914904782 
223 224 0.8323019008263477 
223 225 0.07656806922155102 
223 232 0.8900254621568485 
223 263 0.38832687155406065 
224 223 0.09787740065802875 
224 226 0.9410561361078306 
224 228 0.5720501816701073 
224 229 0.878911191504744 
224 233 0.3364054707809937 
225 223 0.0889694524002207 
225 227 0.02526005569946288 
225 231 0.07760085651520754 
225 234 0.9468169512302862 
226 224 0.6885416012392209 
226 228 0.010755876646668439 
226 229 0.24195128400880117 
227 225 0.6143156029807758 
228 224 0.12366638068336333 
228 226 0.8080872107478664 
228 229 0.18990699735062977 
228 230 0.8888363653298925 
228 236 0.18582402864387093 
229 228 0.8289968374894543 
229 226 0.1862171768754266 
229 224 0.27189349363551296 
229 235 0.5906715884427567 
230 228 0.030401322365608663 
231 225 0.8192701318991118 
232 223 0.3158790042851084 
232 225 0.6296201650011869 
233 224 0.6270022144426676 
234 225 0.20498209751542373 
235 229 0.8437482932942008 
236 228 0.8848592062854458 
236 237 0.9346546342888482 
237 236 0.8642410342855721 
238 42 0.23024511792561486 
238 16 0.16761350311049172 
238 76 0.9240598718316619 
238 88 0.12500861566365595 
238 239 0.43165176928942595 
238 240 0.6711548285055129 
238 244 0.11352454486614139 
239 238 0.6684110667289553 
239 241 0.7145596175073972 
239 245 0.2014994871525757 
239 248 0.21012003622896092 
239 254 0.05692381956251369 
240 238 0.8151790072032499 
240 242 0.8588561360612615 
240 243 0.5151975106464569 
240 246 0.4388719531620088 
240 249 0.8097740449112655 
241 239 0.7292435681264409 
241 245 0.5523991131340368 
241 248 0.908199065477811 
242 240 0.4284609553119618 
243 240 0.5751018880922835 
244 238 0.7668844571383227 
244 247 0.2105852448732365 
245 241 0.2335513401526671 
245 239 0.784485991258663 
246 240 0.34930633275067613 
247 244 0.10283165890539403 
248 239 0.062066175216596076 
248 241 0.34267434890989956 
248 464 0.21806397778721875 
249 240 0.5145579352288487 
249 250 0.12877235990487068 
249 252 0.5666795978028522 
249 253 0.946602771849961 
250 249 0.37398943266114903 
250 251 0.8477267726419221 
250 461 0.3760730221060059 
251 250 0.5639105685919863 
251 253 0.8924499989107944 
252 249 0.24703211716393392 
253 249 0.7316561840389201 
253 251 0.8361127076815761 
254 239 0.10213331246827095 
254 253 0.9123806946215842 
255 249 0.6678130020511257 
255 240 0.20020476729177117 
256 221 0.5166741752403013 
256 147 0.9292994950632295 
256 54 0.3556349670469827 
256 94 0.17866309426246008 
256 14 0.2942218568823193 
256 257 0.2559496300935862 
256 258 0.2490491550348981 
256 259 0.8591547416346652 
256 260 0.8925542801938664 
256 261 0.7863217817996753 
257 256 0.6298783695849233 
258 256 0.5592042934784716 
258 259 0.7753719366549864 
258 260 0.30291919624197405 
258 261 0.23325123257872837 
259 256 0.7940518915762971 
259 258 0.24053648790778914 
260 256 0.21838804911419307 
260 258 0.6799042207763109 
261 134 0.912870390455707 
261 178 0.37231505991655856 
261 15 0.3087928981942323 
261 258 0.3138365889745266 
261 256 0.7710189617388814 
261 262 0.46800838798118627 
262 261 0.6427970856286551 
263 223 0.47661621392926035 
263 90 0.06159366123416954 
263 138 0.7654644722598037 
263 189 0.39031224523242736 
263 244 0.3375389546843637 
263 264 0.8417752422182486 
263 275 0.0691318122426503 
263 278 0.6717830611690551 
263 322 0.02969259534873081 
263 326 0.2682795790607295 
263 428 0.7648108629534465 
264 263 0.16575493249798146 
264 266 0.3399245898442921 
264 300 0.6263613339414846 
264 330 0.1266734911661891 
264 335 0.5187596872424072 
264 420 0.5945440935293338 
265 263 0.37052567323817986 
265 264 0.3320031805041531 
265 267 0.5607040004865425 
265 272 0.617745858554038 
265 275 0.4186675501245345 
265 283 0.31430155444999974 
265 288 0.01141472579994196 
265 305 0.6507543519249238 
265 317 0.7434223797788966 
265 331 0.8422453589612325 
265 375 0.49248520984046096 
265 445 0.17333549993327058 
266 264 0.25274398712507073 
266 303 0.878426423419675 
266 330 0.913130392739416 
266 335 0.9036611350121444 
266 420 0.37967696872122825 
267 265 0.20615145248953592 
267 268 0.10556377177393994 
267 269 0.895194315416261 
267 271 0.9459137409500186 
267 274 0.8208938085136458 
267 332 0.5191205235769718 
267 337 0.4649219772403961 
267 343 0.26768885717833213 
267 356 0.11359482930777387 
267 364 0.3096013377672271 
268 267 0.6724399120701275 
269 267 0.40540692569751957 
269 268 0.18800027780849105 
269 270 0.0627970658724214 
269 280 0.5090172484591533 
269 403 0.12778478042172725 
270 269 0.07287438321866269 
270 331 0.9716873528734452 
270 437 0.6735950085229091 
271 267 0.9064540171885058 
271 302 0.3178941377400355 
271 350 0.028948484022757626 
271 412 0.019383410233524634 
272 265 0.6853715717973478 
272 273 0.40148719365281094 
272 277 0.09220793647851955 
272 280 0.48644423929729763 
272 284 0.4193306416401654 
272 309 0.3931413502314135 
272 312 0.8189845875382379 
272 407 0.719438422701604 
272 423 0.4491931971901105 
272 446 0.1268493701986355 
272 481 0.8719679969198006 
273 272 0.4637605298437548 
273 277 0.8100444134183454 
273 284 0.5403918038887511 
273 403 0.18677750877993904 
273 481 0.95330704295398 
274 267 0.8462470262777804 
274 268 0.9880634417118151 
274 294 0.13647439843591036 
274 440 0.7685957738480479 
274 453 0.24446662186830492 
275 263 0.39803058247635537 
275 265 0.8842482858472245 
275 276 0.21155084307098226 
275 286 0.8157064310236958 
275 429 0.4536561160347081 
276 275 0.762502353140521 
276 263 0.38999982046976434 
276 297 0.009215247075960664 
276 318 0.37430641650781993 
276 324 0.5524060680810345 
277 273 0.13905307270075284 
277 272 0.11196965086493627 
278 263 0.5664798960864619 
278 275 0.9006052786633139 
278 276 0.602806470763814 
278 361 0.5831320133514336 
278 393 0.43837693252168286 
279 269 0.5167534732495063 
279 280 0.02014328137137622 
279 293 0.19960556999497125 
279 295 0.2835695622740305 
279 319 0.5806997655926182 
279 320 0.9959243290094991 
279 370 0.3986520178753614 
279 395 0.6479876647260455 
280 272 0.9624544111270846 
280 277 0.6123422119408614 
280 279 0.02708655311009389 
280 269 0.3005765076680307 
280 281 0.5676960786493328 
280 282 0.8249956106073774 
280 285 0.09861789351662487 
280 307 0.01183512582795132 
281 280 0.7559922134843291 
281 285 0.17413032585012067 
281 287 0.4903438211845519 
282 280 0.6870866503782112 
282 442 0.3282094068939717 
282 451 0.6883055547797693 
283 265 0.1781970790760683 
283 288 0.7675002735269214 
283 304 0.24326686274234333 
283 338 0.6003648081698422 
283 396 0.8719319038302263 
284 272 0.7823594768411641 
284 273 0.17593987888739315 
284 290 0.0677825108106197 
284 291 0.4405900118879448 
284 313 0.09536902863425789 
284 335 0.9046824576997745 
284 376 0.8313445698200154 
284 383 0.7843326827929903 
285 280 0.5755110185355397 
285 281 0.8773056684134213 
285 332 0.14950344505565538 
285 431 0.8756643109964678 
286 275 0.5796245934223768 
286 373 0.7625729729449462 
287 281 0.3821298689351821 
287 272 0.6145578856378235 
287 263 0.5414909098427948 
287 311 0.7654437927284874 
287 327 0.6984866300528993 
287 349 0.571030572080821 
287 389 0.4507743214875294 
287 397 0.21125702713660832 
287 404 0.6085316205866972 
288 283 0.7991794071112341 
288 265 0.4759598155963579 
288 292 0.7952374635353366 
288 296 0.1662937705689731 
288 311 0.00040693478234754554 
288 351 0.03409722643108537 
288 377 0.6853385095836579 
288 406 0.5507602435530689 
289 275 0.9509315722116974 
289 265 0.1694390028355297 
289 314 0.5872597057854674 
289 363 0.6990166779144287 
289 401 0.8806738611967039 
290 284 0.6131152572817854 
290 291 0.8826319641935767 
290 301 0.24923228477804038 
290 376 0.4763934434885374 
290 383 0.13418541150813512 
291 284 0.512360608442858 
291 290 0.22853583263114463 
291 298 0.4740297585396607 
291 299 0.08187793415298394 
291 308 0.3020256411586383 
291 312 0.9426741793581854 
291 347 0.7711838553711002 
292 288 0.6099638251397854 
292 321 0.8724287969876563 
292 344 0.8431478574089933 
292 353 0.2820704796319815 
292 367 0.36517383173083007 
292 390 0.5564773956325314 
292 398 0.38904828329682895 
293 279 0.6628417619981029 
293 323 0.4224698088294384 
293 458 0.664004531595209 
294 274 0.4916741236031321 
295 279 0.0713673265454502 
295 370 0.06482131612917252 
296 288 0.14414202382043317 
296 310 0.3472087329139437 
297 276 0.28299835320052824 
297 316 0.8219128064784613 
297 318 0.027407332403643903 
297 346 0.6166937082341916 
297 369 0.4297308253957546 
297 372 0.005962459806820752 
297 399 0.46958825586476716 
297 426 0.019824900552129154 
297 448 0.4385783601034242 
298 291 0.4109499332025124 
298 299 0.48421392355569726 
298 312 0.48368672053738293 
298 355 0.0195061938103831 
298 405 0.6882385758261239 
299 298 0.08158358567108337 
299 291 0.6530683533121463 
299 308 0.02682422172637544 
299 347 0.9890751017941743 
300 264 0.10346776787235856 
300 315 0.3725818622597046 
300 329 0.6197942069256099 
300 341 0.7950849050262409 
300 413 0.7341116399205967 
300 417 0.6153567026194194 
300 430 0.16971530380420952 
301 290 0.022787703281673122 
301 284 0.7026478413617208 
301 306 0.8294377046982943 
301 345 0.22536032254063487 
301 438 0.625523533644416 
301 447 0.9287418438498388 
302 271 0.33426697287059215 
302 350 0.8412557494884492 
302 385 0.6488182310083581 
302 412 0.2670702594503054 
302 425 0.5949294326794771 
303 266 0.9261463829444759 
303 264 0.6585516418162958 
303 353 0.9632533814368196 
303 433 0.9976823250723565 
304 283 0.1204010275603018 
304 338 0.4476909421951475 
304 410 0.6100599217207248 
305 265 0.9959483393664094 
305 331 0.1468645253183284 
305 333 0.6249261665065177 
306 301 0.49693849089658115 
306 347 0.21359174401555547 
306 438 0.5729028052750333 
307 280 0.07016747913578514 
307 281 0.019131583539266916 
307 325 0.8143778951781743 
307 388 0.6387327766883613 
307 409 0.6113752408225371 
308 291 0.020487919557456324 
308 299 0.35799022996098573 
308 347 0.21578102238123897 
308 405 0.4125527096587277 
309 272 0.7304587727581582 
309 382 0.7297712796793332 
309 391 0.5158946094881424 
309 432 0.07616225948481814 
310 296 0.023251339963037743 
310 332 0.42542310504721925 
311 288 0.5296367038613209 
311 281 0.45443551777503155 
311 287 0.28021380196197765 
311 349 0.7199374296602006 
311 415 0.5284442265688861 
312 272 0.5402087158937693 
312 308 0.9986307554648788 
312 298 0.08923942863466527 
312 291 0.6050816049736577 
312 334 0.7895299414682075 
312 339 0.593911208735632 
312 371 0.6190006235369311 
312 384 0.2914088529803148 
312 402 0.9747881551845661 
312 461 0.0552148658070426 
313 284 0.8783961118306355 
313 290 0.6954037814317735 
313 383 0.6196180680333774 
314 289 0.18468779655386425 
314 342 0.7356777811016305 
315 300 0.8191619762709161 
315 329 0.012510950749287542 
315 430 0.6551536131765974 
315 449 0.6797905634611109 
316 297 0.6569900908801128 
316 372 0.08757421784083119 
316 426 0.6729014654598549 
317 265 0.9177425682215109 
317 375 0.46064388927425115 
318 297 0.285786372717731 
318 276 0.6718746320378411 
318 386 0.5943353487522312 
319 279 0.21913733603427643 
319 270 0.7571194702730851 
319 328 0.32395339609470997 
319 352 0.12039787977220806 
320 279 0.7340645753820875 
320 295 0.37973486644907506 
320 395 0.3318423413369981 
321 292 0.02804416375474439 
322 263 0.8371918516262307 
322 359 0.2573717061465862 
322 372 0.8848842660625273 
323 293 0.9437444123101169 
324 276 0.3733928755841287 
324 340 0.8053364738990358 
324 358 0.4027560436588208 
324 368 0.6212676114480027 
325 307 0.10165705115176982 
325 327 0.9096628863411361 
325 422 0.2780891933002956 
326 263 0.5645145496149233 
326 300 0.6343835381133206 
327 325 0.530653231581153 
327 287 0.9729572042084667 
327 354 0.04815124413204441 
327 444 0.18818681295300776 
328 319 0.6491362250510603 
329 300 0.7021127946206688 
329 315 0.7071964497141673 
329 341 0.569407420637998 
329 417 0.7053708035313889 
330 264 0.393541879950116 
330 266 0.7745993824873646 
330 420 0.13199130256545388 
330 433 0.11042440983944402 
331 272 0.12444002864171111 
331 265 0.7771193773755511 
331 305 0.16358444616464496 
331 270 0.9387943512191844 
331 309 0.8803674284223819 
331 366 0.8887162333069502 
331 381 0.43536026649782456 
331 394 0.6178224099495759 
332 267 0.16248244827746072 
332 285 0.34406352698141873 
332 310 0.07513720569713489 
332 336 0.4895125425908181 
333 305 0.9814132027246094 
334 312 0.05124205090779599 
334 371 0.5715322971277154 
334 384 0.9661514979737581 
335 264 0.28259971643789006 
335 266 0.08944353643027736 
335 284 0.21360570189799155 
335 424 0.5696224591040064 
335 451 0.9563281376356716 
336 332 0.18108365572202567 
336 348 0.15297014425945998 
336 350 0.009983323730494709 
336 385 0.28290023473867476 
337 267 0.07453107759659394 
338 304 0.5104292544744603 
338 283 0.34813290349780157 
339 334 0.5750362623409395 
339 312 0.2881465623780678 
339 342 0.5093657533018143 
339 365 0.6067622394569117 
339 371 0.1277361871012227 
339 384 0.4135619186959105 
339 402 0.22181081914437484 
340 324 0.1283110231052338 
341 300 0.5558263389962309 
341 315 0.38961453316052264 
341 329 0.7741535168448821 
341 413 0.03882822259970331 
341 430 0.8305509064804848 
342 314 0.9125511395288606 
342 339 0.20600174094506196 
342 312 0.5212440374212353 
342 305 0.7703328743614283 
342 411 0.5755442358695775 
343 267 0.5925745536932402 
343 332 0.9817237255262012 
343 427 0.34521338505774113 
344 292 0.21688655242920463 
344 296 0.1985929505795111 
344 387 0.46608911651037765 
345 301 0.31804872209774615 
345 306 0.19255920807888238 
345 447 0.03073751907498945 
346 297 0.5158521271655032 
346 314 0.28456663220870027 
346 289 0.8348773340677721 
346 361 0.7757423278115232 
346 369 0.3950418898508673 
347 308 0.8133842659143206 
347 291 0.18403129426270137 
347 306 0.3400121854103181 
347 299 0.46643855658366107 
347 379 0.9365054553234564 
347 435 0.23037001052083206 
347 492 0.6018496662239938 
348 336 0.31970233243766244 
349 287 0.30080028474213627 
349 311 0.5401069118686718 
349 281 0.8197548604709761 
349 360 0.7500704438503644 
349 443 0.6231061289711329 
350 302 0.6283943299785316 
350 271 0.5419090582027533 
350 336 0.36887672736337285 
350 380 0.3892839992556766 
351 288 0.12415592957846133 
351 377 0.3390594609862181 
352 269 0.09015826661984927 
352 319 0.027288009451314266 
353 292 0.06975776850169257 
353 347 0.8868080594348902 
353 303 0.817106238963058 
353 264 0.044544429674895025 
353 396 0.1352473561839349 
353 414 0.054161424413468495 
353 442 0.024864969473924248 
354 327 0.6671991569270569 
354 444 0.7137606207343207 
354 479 0.28981511581096764 
355 308 0.8312667210400481 
355 291 0.8523485129243247 
355 298 0.1626725266687853 
356 267 0.5564577842127632 
356 337 0.537709074884828 
357 347 0.46186536977152315 
357 379 0.6024259265853741 
358 324 0.20931772073136568 
358 340 0.6058269955488667 
358 363 0.6132602794858925 
359 322 0.825084981987825 
360 349 0.13721614720904174 
360 378 0.4023671961714308 
360 404 0.0026639099559988555 
360 415 0.15154721756796696 
361 278 0.878535405370124 
361 346 0.03810026817618084 
361 418 0.975225343679586 
362 339 0.6629673129557302 
362 334 0.9923768568180847 
362 312 0.548682527091331 
363 289 0.29998192553480885 
363 314 0.4214959467196746 
363 358 0.8125393817608755 
363 374 0.4697748643439308 
363 419 0.34290279093419906 
364 267 0.3026876289557705 
364 337 0.5652956931795925 
365 339 0.051472493418059706 
365 362 0.12594380610222167 
365 334 0.039272677240290155 
365 312 0.6774603825633209 
365 371 0.23936075048826178 
366 331 0.010324253904522074 
366 381 0.8441481284137567 
366 394 0.5671497481902883 
367 292 0.23402140487935708 
367 321 0.2766903368644369 
368 324 0.8858256833529825 
369 358 0.6077639528337052 
369 297 0.8696810209578932 
369 346 0.4872528424730177 
369 455 0.7192931624835359 
370 295 0.43391263303290006 
370 279 0.6811923364176045 
371 339 0.1463718803071361 
371 365 0.18657145300835798 
371 334 0.22014580108141113 
371 312 0.09402682764702675 
371 402 0.30675201731950574 
372 316 0.2880678021922565 
372 322 0.2698221003200082 
372 297 0.6697404724654068 
372 400 0.7063630783406823 
373 286 0.6851455436203208 
373 346 0.11075118020591634 
373 426 0.3811951513670425 
374 363 0.6886838296023384 
374 378 0.12039761377738223 
374 419 0.2760114913555948 
374 434 0.8916163123705928 
374 452 0.569606508753005 
375 265 0.5358208560355295 
375 317 0.5949340423586902 
375 446 0.004168903311871475 
376 284 0.17205397767624453 
376 290 0.7992566901014817 
377 288 0.5695502657939936 
377 351 0.9663032957520343 
377 406 0.5527173430152472 
378 361 0.7761148497335815 
378 360 0.42642814983244115 
378 374 0.4180224331093749 
379 347 0.567593143602471 
379 357 0.4745160794567336 
379 421 0.25061468450674873 
380 268 0.7701816344210284 
380 350 0.5704987349167244 
380 296 0.02138232130435269 
381 366 0.6760827262624035 
381 331 0.8392576289280019 
382 309 0.27628342157918107 
382 439 0.6994506404031066 
383 284 0.7311709113632765 
383 313 0.9455615745318217 
383 290 0.9376299569744384 
384 314 0.7395125233505014 
384 312 0.21024528052497615 
384 365 0.2677383079428768 
384 339 0.5926382068620063 
384 334 0.158162333457611 
384 441 0.9782943995988066 
385 302 0.17020598099200623 
385 336 0.500700917086843 
386 318 0.4876059802238538 
386 368 0.35564312951922716 
387 344 0.2997818021680698 
387 392 0.33676495909644666 
388 307 0.051263188865737885 
388 409 0.4530411985002548 
389 287 0.9664529063566596 
390 292 0.42291365059703556 
390 398 0.3636400928217476 
391 382 0.1205819377661076 
391 309 0.28188884651449875 
391 432 0.4200593535762148 
392 387 0.26031598489868313 
392 344 0.7283246914722772 
393 278 0.6947102586927358 
393 361 0.6349471281932775 
393 378 0.8881886050091949 
394 331 0.7723866994391728 
394 366 0.01879321529024236 
395 279 0.41698635589300626 
395 320 0.38533570185863886 
395 295 0.8553596364890844 
396 338 0.08725187512706489 
396 353 0.8022657980747536 
396 283 0.4707248858416405 
396 410 0.795311558779847 
397 287 0.36557343498331163 
398 372 0.8930374087936976 
398 292 0.6243376975718539 
398 390 0.4842399352593755 
398 367 0.056625333235712394 
399 297 0.9339239853100629 
399 316 0.5516402047347004 
399 448 0.130707137619409 
400 316 0.2530693844797566 
400 372 0.6783160710890543 
400 297 0.27606767915230424 
400 276 0.10740887448017211 
400 459 0.7424303899508959 
401 305 0.5412884246302555 
401 289 0.9039011796653743 
401 314 0.5337877694897275 
401 333 0.9362815082465084 
401 415 0.4034095114979772 
401 434 0.8369143487655587 
401 445 0.8760289893977985 
401 479 0.07663783510693745 
402 312 0.9062375185510059 
402 371 0.22172774389189698 
402 339 0.366257547380746 
402 365 0.30633836980484463 
403 273 0.045470025860204766 
403 269 0.6795620147361515 
403 290 0.4642678640228878 
403 272 0.04173500460522983 
403 454 0.40380125349873985 
404 378 0.34193710647183717 
404 287 0.4362906301578263 
404 360 0.4399249119365898 
404 397 0.10697255685850526 
405 308 0.38602565631451813 
405 298 0.636171605840081 
405 291 0.48255489307940524 
405 355 0.7868725582040742 
405 408 0.14620923345092074 
406 377 0.22085902781698497 
406 288 0.9357612272440692 
406 398 0.8651691678714075 
407 272 0.8361577587355653 
407 273 0.37410023588571006 
407 423 0.6469915348461055 
408 405 0.2678836472346926 
409 307 0.21920830212994935 
409 388 0.2927103337750646 
410 396 0.5649629860548306 
410 304 0.8224845446628883 
410 283 0.3718042114377531 
410 334 0.7819717583112653 
411 342 0.47713408942985613 
412 271 0.9366769623220165 
412 302 0.5358146534635214 
413 341 0.5594907172743147 
413 300 0.6281685287905634 
413 329 0.4935721762254137 
414 353 0.6653602672094148 
415 360 0.972378976646911 
415 311 0.4087490164157004 
415 401 0.7366917045094012 
416 327 0.16016843986960105 
416 354 0.07558788773504865 
417 329 0.02425356319088323 
417 341 0.04551105882123074 
417 300 0.20694694948924053 
417 315 0.9377478013926317 
417 449 0.4594394744655166 
418 361 0.1918825121514991 
419 374 0.08747213517547381 
419 363 0.9670111001854705 
420 264 0.4574115060725715 
420 303 0.6778552097732805 
420 330 0.08007824692366405 
420 266 0.6634831100264664 
420 433 0.6263356783638574 
421 347 0.4777682388511786 
421 379 0.46017436280005775 
422 325 0.5469850774577243 
423 410 0.5609066441587581 
423 407 0.938812878044284 
423 272 0.5630074445816766 
424 335 0.011206799304237403 
425 302 0.7026100175830539 
425 271 0.3810054194613368 
426 316 0.549543263118821 
426 373 0.789657224052599 
426 297 0.6523764968128598 
427 343 0.05551941343712008 
428 263 0.8201053948758563 
429 275 0.518479042533141 
430 341 0.8451874849603738 
430 300 0.4442495281884822 
430 315 0.5118851648736834 
430 456 0.3399249105299609 
431 285 0.9128638833068401 
432 309 0.5097830356962941 
432 391 0.8322173690421736 
432 439 0.6038401419918048 
433 420 0.519169817413855 
433 330 0.045451710923548605 
433 264 0.3079106851491552 
433 303 0.1807053265677877 
434 374 0.6441146406741423 
434 340 0.6158135180335442 
434 324 0.45899880511118174 
434 401 0.9358268803740827 
435 347 0.7576026822860682 
435 421 0.22902965151096544 
436 302 0.7757623862884214 
436 425 0.9395480250580218 
436 271 0.20835124277981143 
436 412 0.2012623835311983 
437 270 0.6478320946505641 
438 345 0.8200514840200689 
438 306 0.3423542986089161 
438 301 0.4970787427641733 
438 447 0.7383167721041555 
439 382 0.9620459070788872 
439 309 0.3913236388352881 
439 432 0.9371998615794911 
440 274 0.9438227646993894 
440 453 0.5475054425004778 
441 384 0.4969109701724024 
442 282 0.14928780465135005 
442 353 0.7862943544030078 
442 430 0.3535328520103389 
443 349 0.3620777660056598 
444 327 0.10631757841979927 
444 354 0.03573297083251059 
445 265 0.8375511834423162 
445 401 0.11709208913071345 
446 265 0.7703836484394637 
446 272 0.8083555610256431 
446 375 0.27732865087828706 
446 331 0.7791859372330474 
447 438 0.4400306021038207 
447 345 0.6186795062258381 
447 301 0.041733107135193404 
448 316 0.6599260983087064 
448 399 0.3677711089741109 
448 297 0.1210707431474759 
449 417 0.16288256151372515 
449 341 0.38893784804041265 
449 315 0.8237510448457326 
450 280 0.6557357099565096 
451 335 0.7630400300892406 
451 282 0.026812269860633564 
451 332 0.5456617078648368 
451 457 0.6400873263030259 
452 363 0.6827007825545294 
452 374 0.7795580180767085 
453 440 0.014635762254178064 
453 274 0.7364373853925373 
454 403 0.8546325959132005 
454 481 0.7073335349359896 
455 369 0.7208752276522715 
456 430 0.7037033099197795 
457 451 0.5877908513508203 
458 293 0.8073667044060907 
458 412 0.3636490913574555 
459 400 0.7773178128793506 
460 288 0.17903190684054116 
460 377 0.08752374292642573 
461 69 0.140990397350356 
461 312 0.09653811769364673 
461 315 0.8818456426850293 
461 250 0.38106818390038144 
461 73 0.06991766759273865 
461 462 0.8821170808788309 
461 463 0.48626051664982173 
462 461 0.6044335188036538 
462 463 0.060322981883758175 
463 462 0.2495533418648347 
463 461 0.7139304559691722 
464 180 0.8211745466112608 
464 248 0.825637633394365 
464 343 0.669137066045998 
464 332 0.26813404758383996 
464 465 0.2367281026732201 
464 466 0.7350785058018383 
465 464 0.9616130865559959 
465 467 0.48668043926423 
466 464 0.9309642176515476 
466 468 0.4522966981395602 
466 470 0.6313985965607367 
466 471 0.24333630374296145 
466 472 0.4034119211136119 
466 475 0.35984701123212526 
466 476 0.5023960826883477 
467 465 0.09194541969226755 
468 466 0.3146644894099764 
468 470 0.4638791249006028 
468 474 0.43912755447292173 
469 464 0.36370076855229083 
470 466 0.800960835101568 
470 468 0.13896486637960237 
470 477 0.4394140323668396 
471 466 0.04103684447357492 
471 478 0.08286332129248086 
472 466 0.9320843939833181 
472 473 0.4221175732759683 
472 475 0.697788724995515 
473 472 0.20788297537076905 
474 470 0.10726776681243111 
474 468 0.9446058131332598 
475 466 0.2939326143896618 
475 472 0.06535616520745613 
476 466 0.1222216017936052 
477 470 0.5184801502290695 
478 471 0.9701741903762955 
479 354 0.8546072038947883 
479 401 0.8097842924039367 
479 121 0.006233736680299362 
479 51 0.8245109626710089 
479 42 0.23250407879377455 
479 480 0.09888160533615642 
480 479 0.36969228151622036 
481 272 0.7971915310435543 
481 28 0.35764719836078673 
481 27 0.3074240517708877 
481 454 0.03431744299581485 
481 273 0.9200179953635402 
481 482 0.7913559442606967 
481 489 0.5305324514142888 
482 481 0.9503864238813469 
482 483 0.4010091642731529 
483 482 0.14035004515782223 
483 484 0.07954428954107662 
483 485 0.2368630273752097 
483 486 0.7229695060885313 
483 487 0.690456594586352 
483 489 0.10404415301171133 
484 483 0.6743166951141616 
484 488 0.5026793175084733 
485 483 0.4520513099880341 
485 491 0.5916666613431875 
486 483 0.4015986753719677 
486 485 0.09141503462339251 
486 488 0.14253556932976108 
486 490 0.2667368358493345 
486 492 0.26734811515231915 
487 483 0.19996532645914367 
488 486 0.20135041127323483 
488 484 0.45784707717850437 
489 481 0.6378182435378627 
489 483 0.02079618449157339 
489 490 0.6325443672085785 
490 486 0.23605796636013365 
490 489 0.3451846754976454 
491 485 0.5910241651652883 
492 347 0.2727525294075457 
492 486 0.24381417157180119 
492 39 0.46443870424266187 
492 0 0.21474684544548173 
492 487 0.29229521928900914 
492 493 0.5829002806663943 
492 494 0.985938131515473 
492 497 0.5871037611934131 
493 492 0.7315588845887928 
494 492 0.6239459909106461 
494 495 0.20958809131551137 
494 496 0.6342569116141874 
494 498 0.5034918728117256 
495 494 0.8398185307878354 
495 499 0.9304091122045445 
496 494 0.3827439493558693 
496 497 0.8669649616351636 
497 496 0.4124139834055437 
497 492 0.9544639597530384 
497 494 0.968412422617518 
498 496 0.6026367242241785 
498 494 0.8732088936034409 
498 499 0.6679125270160234 
499 495 0.6268773948454865 
499 498 0.44858494532327065 
