500
0 1 0.25 
0 12 0.25 
1 0 0.25 
1 2 0.25 
1 3 0.25 
1 5 0.25 
2 1 0.125 
2 4 0.5 
3 1 0.5 
4 2 0.25 
5 1 0.5 
5 2 0.25 
5 6 0.25 
5 8 0.5 
5 9 0.25 
6 5 0.5 
6 7 0.125 
6 10 0.125 
6 261 0.25 
7 6 0.5 
7 11 0.25 
8 5 0.125 
8 12 0.125 
8 464 0.25 
9 5 0.25 
10 6 0.25 
11 7 0.125 
12 8 0.125 
12 0 0.125 
12 13 0.125 
12 20 0.125 
12 21 0.25 
12 37 0.5 
12 55 0.125 
12 78 0.25 
12 81 0.125 
12 128 0.25 
12 158 0.25 
12 185 0.125 
12 215 0.25 
13 12 0.125 
13 14 0.25 
13 16 0.5 
13 45 0.125 
13 141 0.125 
13 181 0.125 
13 222 0.25 
14 13 0.5 
14 15 0.25 
14 17 0.25 
14 22 0.5 
14 24 0.125 
14 59 0.125 
14 102 0.25 
14 145 0.125 
14 214 0.25 
15 14 0.125 
15 26 0.25 
15 30 0.25 
15 131 0.125 
15 134 0.5 
15 201 0.5 
15 223 0.5 
16 13 0.25 
16 17 0.125 
16 18 0.25 
16 87 0.5 
16 181 0.25 
16 216 0.5 
17 16 0.5 
17 14 0.5 
17 18 0.125 
17 29 0.25 
17 51 0.25 
17 72 0.25 
17 98 0.125 
18 17 0.125 
18 16 0.25 
18 19 0.5 
18 28 0.25 
18 33 0.5 
18 34 0.125 
18 35 0.125 
18 40 0.25 
18 44 0.125 
18 200 0.125 
19 18 0.25 
20 12 0.25 
20 23 0.25 
20 46 0.125 
20 67 0.125 
20 81 0.125 
20 88 0.5 
20 172 0.125 
21 12 0.5 
21 26 0.125 
21 37 0.5 
21 54 0.125 
21 131 0.25 
22 14 0.125 
22 30 0.25 
22 206 0.5 
23 20 0.25 
23 25 0.5 
24 14 0.25 
24 41 0.125 
24 65 0.125 
24 83 0.125 
24 104 0.25 
24 115 0.25 
24 120 0.25 
24 176 0.125 
24 188 0.125 
24 492 0.125 
25 23 0.5 
26 24 0.125 
26 15 0.25 
26 21 0.5 
26 27 0.5 
26 31 0.5 
26 36 0.5 
26 38 0.5 
26 56 0.125 
26 71 0.125 
26 89 0.5 
26 202 0.125 
26 208 0.5 
27 26 0.5 
27 39 0.25 
27 51 0.5 
27 154 0.25 
27 179 0.25 
27 263 0.5 
28 17 0.5 
28 18 0.5 
28 19 0.5 
28 65 0.25 
28 189 0.25 
29 17 0.25 
29 27 0.125 
29 32 0.5 
29 72 0.5 
29 82 0.125 
29 96 0.5 
29 112 0.25 
29 132 0.25 
29 156 0.5 
29 186 0.125 
30 15 0.25 
30 22 0.5 
30 42 0.5 
30 52 0.5 
30 58 0.5 
30 62 0.25 
30 107 0.5 
31 26 0.125 
31 32 0.5 
31 76 0.125 
31 82 0.5 
31 97 0.25 
31 144 0.125 
31 157 0.25 
31 168 0.5 
31 221 0.5 
31 223 0.5 
32 29 0.125 
32 31 0.125 
32 48 0.5 
32 111 0.125 
32 117 0.25 
32 146 0.25 
32 151 0.5 
32 191 0.25 
33 18 0.125 
33 19 0.25 
33 94 0.25 
33 200 0.25 
34 17 0.25 
34 18 0.25 
34 121 0.25 
34 129 0.5 
35 18 0.25 
36 26 0.5 
36 89 0.125 
37 12 0.25 
37 21 0.125 
37 42 0.25 
37 49 0.25 
37 60 0.125 
37 86 0.25 
37 137 0.25 
38 26 0.25 
38 71 0.25 
38 202 0.5 
38 492 0.125 
39 27 0.5 
39 82 0.125 
39 154 0.5 
40 18 0.25 
40 63 0.25 
40 218 0.5 
41 24 0.125 
41 43 0.5 
41 46 0.5 
41 57 0.5 
41 101 0.25 
41 142 0.25 
41 203 0.25 
42 31 0.25 
42 32 0.125 
42 37 0.25 
42 30 0.5 
42 47 0.5 
42 74 0.125 
42 86 0.125 
42 95 0.5 
42 152 0.5 
43 41 0.125 
43 57 0.125 
43 142 0.5 
43 203 0.25 
44 18 0.5 
44 33 0.5 
44 19 0.5 
44 163 0.5 
44 209 0.5 
44 219 0.25 
45 13 0.125 
45 114 0.25 
46 20 0.125 
46 41 0.5 
46 66 0.25 
46 118 0.25 
47 42 0.25 
47 95 0.25 
48 32 0.5 
48 111 0.25 
48 117 0.5 
48 146 0.25 
48 151 0.5 
48 155 0.25 
48 192 0.125 
49 37 0.125 
49 50 0.125 
49 56 0.125 
49 75 0.5 
50 12 0.5 
50 49 0.25 
50 25 0.25 
50 20 0.25 
50 61 0.5 
50 75 0.125 
50 150 0.5 
50 481 0.5 
51 29 0.5 
51 17 0.125 
51 27 0.5 
51 106 0.125 
51 122 0.125 
51 193 0.5 
52 30 0.125 
52 116 0.125 
52 145 0.125 
53 45 0.5 
53 13 0.5 
53 17 0.25 
53 73 0.5 
53 85 0.5 
53 99 0.25 
53 108 0.125 
53 126 0.25 
53 135 0.125 
54 21 0.25 
54 116 0.5 
54 162 0.5 
55 12 0.125 
55 84 0.5 
55 118 0.25 
55 171 0.5 
55 173 0.125 
55 479 0.125 
56 49 0.25 
56 26 0.125 
56 69 0.125 
56 74 0.25 
56 207 0.5 
57 41 0.5 
57 43 0.125 
57 32 0.25 
57 60 0.25 
57 116 0.5 
58 30 0.5 
58 79 0.125 
58 107 0.5 
58 169 0.5 
58 177 0.5 
59 14 0.125 
59 145 0.25 
59 214 0.5 
60 32 0.5 
60 37 0.125 
60 30 0.25 
60 57 0.5 
60 43 0.5 
60 64 0.5 
61 41 0.5 
61 50 0.125 
61 68 0.5 
61 138 0.5 
61 148 0.5 
61 205 0.25 
62 30 0.25 
63 40 0.5 
64 21 0.5 
64 60 0.125 
64 31 0.125 
64 211 0.25 
65 24 0.5 
65 28 0.25 
65 70 0.25 
65 161 0.25 
65 195 0.25 
66 46 0.25 
67 20 0.25 
67 93 0.25 
67 194 0.25 
68 61 0.25 
68 92 0.25 
68 152 0.125 
68 164 0.5 
69 42 0.125 
69 68 0.125 
69 56 0.125 
69 47 0.125 
70 65 0.25 
71 38 0.5 
71 57 0.25 
71 26 0.5 
71 77 0.25 
71 143 0.125 
72 29 0.5 
72 17 0.125 
72 91 0.125 
72 103 0.25 
72 140 0.25 
73 53 0.5 
73 126 0.5 
73 135 0.5 
74 42 0.5 
74 15 0.5 
74 56 0.125 
74 80 0.25 
74 109 0.5 
74 113 0.25 
74 199 0.5 
75 49 0.25 
75 50 0.125 
75 90 0.25 
75 130 0.125 
75 215 0.5 
76 31 0.25 
76 97 0.25 
76 144 0.125 
76 157 0.25 
76 168 0.25 
76 221 0.5 
77 71 0.25 
77 143 0.25 
78 12 0.125 
78 110 0.25 
78 123 0.125 
79 30 0.25 
79 58 0.25 
79 62 0.125 
79 175 0.5 
80 15 0.25 
80 74 0.5 
81 12 0.25 
81 78 0.5 
81 20 0.25 
81 149 0.125 
82 29 0.25 
82 39 0.5 
82 31 0.5 
82 91 0.125 
82 166 0.5 
82 223 0.125 
83 24 0.25 
84 55 0.25 
84 118 0.25 
85 53 0.25 
86 37 0.125 
86 42 0.125 
86 150 0.25 
87 16 0.5 
87 181 0.5 
88 20 0.25 
89 38 0.5 
89 26 0.25 
89 29 0.25 
89 36 0.25 
89 24 0.125 
89 124 0.5 
89 125 0.25 
89 159 0.125 
90 75 0.5 
91 82 0.5 
91 72 0.125 
91 98 0.5 
91 100 0.25 
91 119 0.5 
91 210 0.5 
91 223 0.125 
92 68 0.5 
93 67 0.25 
93 169 0.125 
93 194 0.25 
94 33 0.5 
94 18 0.25 
94 200 0.25 
95 42 0.25 
95 47 0.5 
96 65 0.25 
96 29 0.5 
96 165 0.25 
96 189 0.5 
96 218 0.25 
97 76 0.5 
97 31 0.5 
97 221 0.25 
98 17 0.125 
98 91 0.125 
98 105 0.5 
99 53 0.25 
99 73 0.125 
99 85 0.5 
99 212 0.125 
100 91 0.5 
101 61 0.25 
101 43 0.5 
101 41 0.25 
101 160 0.5 
102 14 0.5 
102 59 0.125 
102 214 0.5 
102 261 0.125 
103 72 0.25 
103 140 0.5 
104 24 0.125 
104 115 0.25 
104 188 0.25 
105 98 0.25 
106 51 0.5 
107 30 0.5 
107 58 0.5 
107 131 0.125 
107 206 0.125 
108 53 0.25 
108 73 0.5 
109 74 0.5 
110 78 0.25 
110 123 0.25 
111 48 0.125 
111 32 0.125 
111 151 0.5 
111 155 0.5 
112 29 0.5 
112 180 0.125 
113 74 0.25 
113 42 0.5 
113 126 0.125 
114 45 0.5 
114 147 0.125 
115 24 0.25 
115 104 0.5 
116 57 0.25 
116 52 0.5 
116 58 0.25 
116 54 0.25 
116 170 0.125 
116 196 0.25 
117 32 0.5 
117 48 0.25 
117 111 0.25 
118 84 0.5 
118 55 0.125 
118 46 0.5 
118 190 0.25 
119 91 0.5 
119 183 0.5 
119 210 0.125 
119 220 0.125 
120 24 0.125 
120 115 0.25 
121 34 0.5 
122 51 0.25 
123 110 0.125 
123 78 0.5 
124 89 0.25 
124 159 0.125 
125 89 0.125 
125 124 0.125 
125 159 0.5 
125 492 0.5 
126 73 0.25 
126 53 0.5 
126 113 0.5 
127 113 0.125 
127 69 0.25 
128 81 0.5 
128 12 0.25 
128 190 0.25 
129 121 0.125 
129 34 0.5 
130 75 0.5 
130 37 0.25 
131 15 0.25 
131 58 0.5 
131 107 0.25 
131 21 0.125 
131 139 0.5 
132 29 0.5 
132 156 0.125 
132 180 0.5 
132 186 0.5 
133 20 0.25 
133 23 0.25 
133 138 0.125 
133 174 0.25 
134 15 0.5 
134 136 0.125 
134 198 0.125 
135 73 0.125 
135 108 0.125 
135 53 0.25 
135 212 0.125 
136 134 0.125 
136 139 0.25 
136 178 0.125 
136 198 0.5 
137 37 0.5 
138 61 0.25 
138 133 0.125 
138 50 0.25 
138 93 0.25 
138 167 0.125 
139 136 0.125 
139 131 0.125 
139 54 0.25 
139 153 0.25 
139 187 0.25 
140 103 0.25 
140 72 0.5 
140 256 0.5 
141 13 0.25 
142 41 0.25 
142 43 0.5 
142 203 0.25 
143 71 0.5 
143 77 0.25 
144 76 0.25 
144 31 0.5 
144 12 0.5 
145 59 0.125 
145 14 0.5 
145 52 0.25 
145 184 0.5 
146 111 0.25 
146 32 0.25 
146 48 0.25 
146 155 0.125 
146 191 0.125 
147 114 0.25 
148 61 0.5 
149 81 0.125 
150 50 0.25 
150 86 0.25 
150 205 0.5 
151 32 0.25 
151 48 0.125 
151 146 0.125 
151 111 0.25 
152 47 0.5 
152 68 0.125 
152 42 0.5 
153 139 0.125 
154 27 0.25 
154 39 0.25 
154 179 0.5 
155 48 0.125 
155 146 0.125 
155 111 0.25 
155 192 0.125 
156 29 0.125 
156 132 0.5 
156 180 0.5 
157 76 0.5 
157 31 0.125 
158 12 0.5 
158 185 0.5 
159 89 0.125 
159 124 0.5 
159 125 0.25 
160 101 0.5 
161 65 0.25 
161 195 0.25 
162 54 0.5 
163 44 0.125 
163 209 0.5 
164 92 0.5 
164 68 0.5 
165 96 0.5 
166 82 0.25 
167 138 0.125 
168 76 0.25 
168 31 0.25 
168 97 0.25 
169 58 0.25 
169 116 0.5 
169 21 0.5 
169 93 0.5 
169 30 0.125 
169 197 0.25 
170 116 0.125 
171 55 0.125 
171 84 0.125 
172 20 0.5 
173 55 0.125 
173 171 0.5 
173 84 0.125 
174 133 0.5 
175 79 0.5 
176 24 0.25 
176 115 0.5 
177 107 0.125 
177 58 0.125 
177 30 0.125 
178 136 0.25 
178 134 0.5 
178 198 0.25 
179 154 0.5 
179 27 0.5 
180 112 0.25 
180 29 0.125 
180 132 0.125 
180 156 0.125 
181 13 0.125 
181 16 0.125 
181 87 0.25 
182 129 0.125 
182 72 0.5 
182 44 0.25 
183 91 0.25 
183 100 0.125 
183 119 0.5 
184 145 0.25 
185 12 0.125 
185 158 0.25 
186 156 0.25 
186 132 0.125 
186 180 0.5 
186 29 0.25 
187 139 0.125 
187 153 0.25 
188 32 0.5 
188 155 0.5 
188 24 0.25 
188 104 0.25 
188 217 0.25 
189 28 0.125 
189 72 0.5 
189 96 0.25 
189 140 0.125 
189 204 0.5 
189 218 0.125 
190 128 0.25 
190 118 0.25 
190 57 0.25 
191 32 0.25 
191 146 0.5 
191 48 0.5 
192 48 0.125 
192 155 0.125 
192 32 0.25 
192 111 0.25 
193 51 0.5 
194 93 0.125 
194 67 0.25 
195 161 0.25 
195 65 0.5 
196 116 0.25 
196 170 0.5 
197 169 0.5 
198 134 0.5 
198 178 0.5 
198 136 0.5 
199 74 0.25 
200 94 0.5 
200 18 0.125 
200 33 0.5 
201 15 0.25 
202 26 0.125 
202 38 0.125 
203 43 0.25 
203 142 0.125 
203 41 0.125 
204 189 0.5 
204 218 0.25 
205 150 0.25 
205 61 0.5 
206 107 0.5 
206 58 0.125 
206 22 0.25 
206 213 0.5 
207 56 0.25 
208 38 0.25 
208 26 0.25 
209 44 0.5 
209 163 0.125 
210 91 0.125 
210 119 0.5 
210 100 0.125 
210 220 0.5 
211 64 0.5 
212 135 0.25 
212 99 0.25 
213 206 0.5 
214 14 0.25 
214 59 0.25 
214 102 0.125 
215 12 0.5 
215 90 0.25 
215 75 0.5 
216 16 0.5 
217 188 0.125 
218 40 0.5 
218 96 0.125 
218 189 0.125 
218 204 0.5 
219 13 0.25 
219 44 0.125 
219 73 0.25 
220 119 0.5 
220 91 0.125 
220 210 0.5 
221 76 0.5 
221 31 0.5 
221 97 0.25 
222 13 0.5 
223 91 0.5 
223 15 0.5 
223 26 0.25 
223 31 0.25 
223 82 0.5 
223 224 0.125 
223 225 0.25 
223 226 0.25 
223 229 0.5 
224 223 0.125 
224 227 0.125 
224 232 0.25 
225 223 0.5 
226 223 0.5 
226 228 0.125 
226 230 0.125 
226 231 0.5 
226 263 0.5 
227 224 0.5 
227 233 0.25 
227 235 0.25 
228 226 0.125 
228 230 0.25 
228 231 0.125 
229 223 0.5 
229 230 0.125 
229 234 0.5 
230 228 0.25 
230 229 0.5 
230 226 0.125 
231 228 0.5 
231 226 0.25 
232 224 0.25 
232 225 0.5 
233 227 0.125 
233 236 0.25 
234 229 0.25 
234 237 0.5 
235 227 0.25 
236 233 0.125 
237 234 0.5 
238 46 0.5 
238 171 0.5 
238 233 0.5 
238 55 0.5 
238 190 0.25 
238 239 0.25 
239 238 0.5 
239 240 0.125 
239 241 0.125 
239 242 0.5 
239 243 0.25 
239 248 0.5 
239 255 0.125 
240 239 0.125 
240 245 0.125 
240 246 0.5 
241 239 0.125 
241 248 0.5 
241 249 0.125 
241 250 0.125 
242 239 0.5 
242 244 0.5 
242 252 0.125 
243 238 0.5 
243 239 0.5 
243 254 0.25 
244 242 0.25 
244 247 0.5 
245 240 0.125 
246 240 0.5 
247 244 0.25 
248 239 0.5 
248 241 0.25 
248 251 0.25 
249 239 0.5 
249 241 0.5 
249 253 0.125 
250 241 0.125 
251 248 0.25 
252 242 0.125 
253 249 0.25 
253 252 0.25 
253 247 0.5 
254 243 0.5 
254 238 0.25 
255 239 0.5 
256 7 0.125 
256 147 0.125 
256 98 0.25 
256 17 0.125 
256 140 0.125 
256 257 0.25 
256 263 0.25 
257 256 0.125 
257 258 0.5 
257 259 0.125 
257 260 0.5 
258 257 0.125 
258 260 0.25 
259 257 0.25 
260 257 0.125 
260 258 0.5 
261 59 0.125 
261 242 0.125 
261 102 0.5 
261 6 0.5 
261 262 0.5 
262 261 0.5 
263 27 0.125 
263 98 0.25 
263 91 0.5 
263 226 0.5 
263 256 0.25 
263 264 0.125 
263 266 0.25 
263 304 0.5 
263 322 0.25 
263 324 0.125 
264 263 0.25 
264 265 0.5 
264 270 0.125 
264 284 0.5 
264 288 0.25 
264 291 0.5 
264 294 0.25 
264 297 0.125 
264 299 0.25 
264 311 0.25 
264 315 0.125 
264 316 0.5 
264 330 0.125 
264 344 0.5 
264 392 0.5 
264 411 0.125 
264 457 0.125 
265 264 0.5 
265 268 0.125 
265 276 0.125 
265 346 0.25 
265 382 0.125 
265 396 0.25 
265 414 0.25 
266 263 0.5 
266 267 0.25 
266 272 0.125 
266 309 0.5 
266 324 0.5 
266 325 0.5 
266 388 0.125 
267 266 0.25 
267 274 0.5 
267 308 0.5 
268 265 0.125 
268 264 0.25 
268 269 0.5 
268 271 0.125 
268 278 0.25 
268 294 0.125 
268 303 0.5 
268 321 0.125 
268 329 0.125 
269 268 0.25 
269 271 0.25 
269 278 0.5 
269 288 0.25 
269 297 0.5 
269 303 0.25 
269 306 0.25 
269 329 0.125 
269 346 0.25 
270 264 0.5 
270 275 0.25 
270 277 0.25 
270 284 0.5 
270 287 0.25 
270 429 0.25 
271 269 0.125 
271 268 0.25 
271 279 0.5 
271 283 0.5 
271 310 0.25 
271 347 0.5 
271 373 0.125 
272 266 0.25 
272 298 0.5 
272 325 0.5 
272 355 0.5 
272 357 0.125 
272 447 0.25 
273 263 0.125 
273 272 0.25 
273 281 0.25 
273 296 0.125 
273 300 0.25 
273 331 0.25 
273 341 0.25 
274 267 0.25 
274 293 0.125 
274 323 0.125 
274 359 0.25 
274 393 0.25 
275 270 0.25 
275 285 0.25 
275 292 0.125 
275 368 0.5 
275 450 0.25 
276 268 0.5 
276 264 0.125 
276 265 0.5 
276 267 0.125 
276 286 0.125 
276 290 0.125 
276 292 0.5 
276 304 0.25 
276 333 0.25 
276 349 0.5 
276 370 0.25 
276 374 0.125 
276 389 0.5 
276 391 0.25 
277 270 0.125 
277 293 0.25 
277 440 0.5 
278 269 0.125 
278 268 0.5 
278 280 0.5 
278 282 0.25 
278 303 0.125 
278 328 0.5 
278 329 0.25 
278 334 0.125 
278 353 0.5 
278 420 0.5 
279 271 0.5 
279 282 0.25 
279 283 0.5 
279 301 0.25 
279 365 0.5 
279 433 0.25 
280 278 0.25 
280 284 0.125 
280 285 0.125 
280 307 0.5 
280 328 0.5 
280 334 0.25 
280 479 0.125 
281 273 0.125 
281 344 0.5 
281 372 0.125 
281 439 0.125 
282 271 0.25 
282 278 0.125 
282 279 0.125 
282 301 0.5 
282 332 0.125 
282 402 0.5 
282 418 0.5 
283 271 0.5 
283 279 0.125 
283 347 0.125 
283 378 0.125 
283 409 0.125 
284 270 0.25 
284 264 0.25 
284 280 0.5 
284 289 0.25 
284 320 0.125 
284 380 0.25 
284 412 0.125 
284 428 0.125 
284 430 0.5 
284 442 0.5 
284 448 0.5 
284 449 0.5 
285 280 0.125 
285 275 0.5 
285 307 0.5 
286 276 0.125 
286 335 0.5 
286 338 0.125 
286 385 0.25 
286 460 0.125 
287 270 0.125 
287 429 0.25 
288 268 0.25 
288 269 0.5 
288 264 0.5 
288 312 0.25 
288 417 0.125 
289 287 0.25 
289 284 0.5 
289 314 0.125 
289 381 0.25 
290 274 0.125 
290 276 0.25 
290 359 0.125 
290 375 0.5 
291 264 0.25 
291 265 0.5 
291 317 0.25 
291 336 0.5 
291 398 0.25 
291 438 0.5 
292 275 0.25 
292 276 0.25 
292 267 0.25 
292 295 0.125 
292 307 0.125 
292 339 0.5 
292 397 0.125 
292 427 0.5 
293 277 0.5 
293 274 0.25 
293 305 0.5 
293 429 0.5 
294 264 0.25 
294 268 0.125 
294 302 0.125 
294 336 0.125 
294 350 0.125 
294 363 0.125 
294 380 0.125 
294 434 0.25 
295 292 0.5 
295 285 0.5 
295 308 0.125 
295 441 0.125 
295 451 0.5 
296 273 0.125 
296 281 0.5 
296 318 0.125 
297 268 0.25 
297 269 0.5 
297 264 0.125 
297 319 0.125 
297 361 0.5 
297 367 0.125 
298 272 0.25 
298 447 0.5 
299 264 0.5 
299 311 0.125 
300 273 0.5 
301 279 0.5 
301 282 0.125 
302 294 0.125 
302 350 0.5 
302 363 0.25 
302 380 0.5 
302 416 0.5 
302 434 0.25 
303 278 0.25 
303 269 0.25 
303 268 0.125 
303 343 0.5 
303 348 0.5 
303 356 0.5 
304 263 0.25 
304 276 0.125 
304 400 0.5 
305 293 0.25 
306 269 0.5 
307 285 0.125 
307 280 0.5 
307 292 0.125 
307 313 0.25 
307 376 0.125 
307 377 0.5 
307 435 0.125 
307 492 0.125 
308 267 0.25 
308 295 0.25 
308 325 0.25 
309 266 0.125 
309 324 0.5 
310 271 0.5 
310 283 0.125 
310 340 0.125 
310 386 0.125 
310 399 0.5 
310 406 0.5 
311 264 0.125 
311 299 0.25 
311 316 0.125 
311 330 0.5 
311 457 0.25 
312 288 0.125 
312 277 0.25 
313 307 0.25 
314 289 0.25 
314 459 0.125 
315 264 0.25 
315 330 0.5 
316 311 0.25 
316 264 0.25 
316 341 0.25 
316 344 0.125 
316 423 0.5 
317 291 0.5 
317 336 0.5 
317 352 0.125 
317 438 0.5 
318 296 0.25 
318 316 0.125 
318 341 0.125 
318 424 0.125 
319 297 0.125 
320 284 0.125 
320 442 0.125 
320 449 0.125 
321 268 0.125 
321 269 0.5 
322 263 0.5 
323 274 0.5 
324 272 0.25 
324 266 0.125 
324 263 0.125 
324 309 0.25 
324 326 0.25 
324 351 0.25 
325 272 0.125 
325 266 0.25 
325 308 0.5 
326 324 0.5 
326 351 0.5 
327 272 0.25 
327 273 0.5 
327 296 0.125 
327 458 0.25 
328 278 0.125 
328 280 0.5 
328 366 0.125 
328 401 0.125 
328 404 0.5 
329 278 0.125 
329 269 0.125 
329 268 0.5 
329 419 0.25 
330 315 0.5 
330 311 0.25 
330 284 0.5 
330 264 0.125 
330 422 0.25 
331 273 0.5 
331 316 0.5 
331 337 0.5 
331 360 0.25 
331 408 0.125 
332 282 0.125 
333 276 0.125 
333 349 0.25 
333 370 0.5 
333 389 0.125 
334 278 0.125 
334 280 0.5 
334 358 0.125 
334 362 0.25 
334 387 0.125 
334 390 0.125 
334 436 0.125 
334 443 0.125 
335 286 0.125 
336 294 0.25 
336 317 0.5 
336 291 0.25 
336 302 0.25 
336 346 0.125 
336 413 0.125 
336 453 0.25 
337 331 0.5 
337 360 0.5 
337 388 0.5 
337 408 0.25 
338 286 0.25 
338 335 0.25 
338 395 0.25 
338 460 0.5 
339 292 0.5 
339 397 0.25 
340 310 0.5 
340 347 0.125 
340 399 0.5 
341 273 0.5 
341 318 0.125 
341 316 0.5 
342 302 0.5 
342 284 0.25 
342 332 0.5 
342 345 0.5 
343 303 0.125 
343 356 0.5 
344 281 0.25 
344 264 0.5 
344 318 0.5 
344 316 0.5 
344 455 0.125 
345 342 0.125 
346 303 0.5 
346 265 0.5 
346 336 0.25 
346 269 0.5 
346 421 0.5 
347 271 0.5 
347 283 0.25 
347 340 0.25 
348 303 0.5 
348 343 0.5 
349 276 0.25 
349 333 0.25 
350 294 0.125 
350 302 0.125 
351 324 0.125 
351 326 0.5 
352 317 0.5 
352 291 0.125 
352 398 0.25 
353 278 0.5 
354 267 0.5 
354 444 0.25 
355 272 0.5 
355 298 0.5 
355 357 0.25 
355 379 0.5 
356 303 0.5 
356 343 0.25 
356 364 0.5 
356 369 0.125 
356 437 0.5 
357 272 0.25 
357 355 0.5 
358 334 0.5 
358 384 0.5 
359 274 0.25 
359 290 0.25 
359 371 0.25 
359 405 0.25 
360 331 0.5 
360 337 0.25 
361 297 0.125 
362 334 0.125 
362 279 0.25 
362 425 0.25 
362 479 0.125 
363 302 0.25 
363 294 0.25 
363 416 0.125 
363 434 0.5 
364 356 0.5 
364 369 0.25 
365 279 0.25 
366 328 0.25 
366 401 0.25 
367 319 0.25 
367 297 0.125 
367 391 0.25 
368 275 0.25 
369 340 0.125 
369 364 0.5 
369 356 0.5 
370 276 0.125 
370 333 0.25 
370 389 0.5 
371 359 0.5 
371 375 0.25 
371 410 0.25 
371 431 0.25 
372 281 0.5 
373 271 0.5 
374 328 0.5 
374 276 0.25 
374 333 0.25 
374 407 0.25 
374 454 0.125 
375 290 0.125 
375 371 0.125 
375 403 0.25 
376 307 0.5 
376 313 0.5 
376 377 0.25 
377 307 0.5 
377 376 0.25 
377 313 0.25 
377 435 0.5 
378 283 0.5 
379 355 0.5 
379 298 0.125 
379 275 0.5 
379 272 0.25 
380 302 0.125 
380 363 0.5 
380 330 0.125 
380 284 0.5 
380 294 0.125 
381 289 0.25 
381 336 0.5 
381 284 0.5 
381 288 0.5 
382 265 0.5 
382 396 0.5 
383 294 0.125 
383 302 0.5 
383 350 0.125 
384 358 0.5 
385 286 0.5 
385 338 0.125 
385 335 0.5 
385 395 0.125 
385 415 0.25 
386 310 0.25 
387 334 0.125 
387 390 0.25 
387 436 0.125 
387 443 0.5 
388 337 0.125 
388 331 0.125 
388 266 0.5 
389 276 0.125 
389 333 0.25 
389 370 0.25 
389 391 0.25 
390 387 0.125 
390 334 0.125 
390 307 0.125 
390 426 0.125 
391 333 0.5 
391 276 0.25 
391 389 0.5 
391 367 0.125 
392 264 0.25 
393 274 0.5 
393 394 0.5 
394 393 0.25 
395 385 0.5 
395 338 0.5 
395 460 0.25 
396 265 0.125 
396 382 0.125 
397 292 0.5 
397 339 0.25 
398 291 0.125 
398 352 0.5 
399 340 0.5 
399 310 0.5 
400 304 0.125 
401 366 0.25 
401 328 0.5 
401 404 0.5 
402 282 0.25 
403 375 0.25 
404 328 0.125 
404 401 0.25 
404 366 0.25 
405 359 0.5 
406 310 0.25 
406 386 0.5 
406 340 0.125 
407 374 0.5 
407 454 0.25 
408 337 0.25 
408 331 0.5 
409 283 0.5 
410 371 0.5 
410 375 0.5 
411 392 0.5 
411 264 0.25 
411 311 0.25 
412 284 0.5 
413 336 0.5 
414 265 0.125 
415 385 0.25 
415 395 0.125 
415 286 0.125 
416 294 0.125 
416 302 0.125 
416 363 0.25 
417 288 0.5 
417 381 0.5 
417 456 0.5 
418 282 0.25 
419 303 0.25 
419 347 0.25 
419 329 0.5 
420 278 0.5 
421 346 0.5 
422 330 0.25 
423 316 0.25 
424 318 0.125 
425 362 0.125 
426 390 0.5 
427 339 0.125 
427 292 0.25 
428 284 0.125 
429 287 0.25 
429 270 0.125 
429 293 0.25 
430 284 0.5 
430 412 0.125 
430 320 0.25 
430 428 0.125 
431 371 0.25 
431 452 0.5 
432 342 0.5 
432 369 0.25 
432 363 0.5 
432 294 0.125 
433 279 0.5 
434 302 0.5 
434 363 0.25 
434 294 0.25 
435 307 0.125 
435 377 0.25 
436 387 0.125 
436 334 0.25 
437 356 0.5 
438 291 0.5 
438 398 0.125 
438 317 0.25 
439 372 0.5 
439 281 0.5 
440 277 0.125 
441 295 0.5 
441 461 0.5 
442 320 0.125 
442 284 0.5 
443 334 0.5 
443 387 0.25 
443 436 0.25 
444 354 0.125 
444 267 0.5 
445 331 0.125 
446 318 0.125 
446 424 0.25 
447 272 0.25 
447 298 0.5 
448 285 0.25 
448 275 0.25 
448 284 0.125 
448 334 0.25 
448 280 0.25 
449 284 0.125 
449 320 0.25 
450 275 0.25 
451 295 0.125 
452 371 0.25 
452 431 0.25 
452 277 0.25 
453 336 0.125 
454 374 0.25 
454 407 0.5 
455 344 0.25 
456 417 0.125 
457 264 0.125 
457 311 0.125 
458 327 0.125 
459 314 0.25 
460 395 0.25 
460 385 0.5 
460 415 0.25 
460 338 0.5 
460 286 0.5 
461 267 0.125 
461 286 0.125 
461 270 0.125 
461 441 0.125 
461 98 0.5 
461 462 0.5 
461 463 0.125 
462 461 0.125 
463 461 0.25 
464 180 0.5 
464 319 0.125 
464 58 0.125 
464 8 0.5 
464 17 0.25 
464 465 0.25 
464 467 0.25 
464 468 0.25 
464 472 0.125 
464 474 0.125 
465 464 0.5 
465 466 0.125 
465 469 0.25 
465 477 0.25 
466 465 0.5 
467 464 0.125 
467 473 0.5 
467 475 0.125 
468 464 0.125 
468 470 0.125 
468 471 0.125 
468 476 0.125 
469 465 0.25 
470 468 0.5 
470 476 0.25 
471 468 0.25 
471 470 0.25 
471 473 0.25 
472 470 0.5 
472 464 0.5 
472 471 0.25 
472 478 0.125 
473 471 0.5 
473 464 0.125 
473 467 0.125 
473 474 0.25 
474 473 0.125 
474 464 0.125 
475 467 0.25 
476 470 0.125 
476 472 0.5 
476 468 0.125 
477 465 0.5 
477 469 0.125 
478 472 0.125 
479 280 0.125 
479 55 0.125 
479 362 0.5 
479 32 0.25 
479 329 0.5 
479 480 0.25 
480 479 0.125 
481 32 0.5 
481 390 0.5 
481 377 0.25 
481 221 0.5 
481 50 0.5 
481 482 0.5 
481 483 0.25 
481 484 0.25 
481 485 0.5 
481 491 0.5 
482 481 0.5 
482 483 0.25 
482 484 0.5 
483 481 0.125 
483 482 0.25 
484 481 0.25 
484 482 0.25 
484 486 0.5 
484 487 0.5 
484 488 0.25 
485 481 0.5 
485 482 0.25 
485 490 0.5 
486 484 0.125 
487 484 0.125 
487 488 0.5 
488 484 0.125 
488 487 0.125 
489 487 0.25 
489 484 0.125 
490 485 0.125 
491 481 0.25 
492 38 0.5 
492 142 0.25 
492 24 0.25 
492 125 0.25 
492 307 0.25 
492 493 0.125 
492 494 0.5 
492 495 0.25 
492 498 0.25 
493 492 0.125 
494 492 0.125 
495 492 0.5 
495 496 0.5 
495 497 0.5 
496 495 0.125 
496 499 0.5 
497 495 0.125 
498 492 0.125 
499 496 0.25 
