500
0 1 0.015625 
0 2 0.015625 
0 3 0.5 
1 0 0.0625 
1 3 0.015625 
1 12 0.015625 
2 0 0.0625 
3 0 0.5 
3 1 0.5 
3 4 0.0625 
3 5 0.5 
3 479 0.5 
4 3 0.5 
4 5 0.0625 
5 0 0.015625 
5 3 0.015625 
5 4 0.015625 
5 6 0.5 
5 7 0.0625 
5 8 0.5 
6 5 0.015625 
6 9 0.0625 
6 11 0.015625 
6 12 0.5 
7 5 0.5 
8 5 0.5 
9 6 0.5 
9 11 0.0625 
9 12 0.0625 
10 7 0.015625 
11 6 0.015625 
11 9 0.5 
11 238 0.0625 
12 6 0.0625 
12 0 0.5 
12 9 0.5 
12 1 0.015625 
12 13 0.015625 
12 14 0.5 
12 15 0.0625 
12 16 0.0625 
12 27 0.0625 
12 33 0.0625 
12 45 0.015625 
12 71 0.0625 
12 75 0.015625 
12 104 0.0625 
12 145 0.015625 
12 195 0.5 
12 211 0.0625 
12 214 0.5 
13 12 0.015625 
13 21 0.0625 
13 28 0.015625 
13 115 0.0625 
13 119 0.0625 
13 171 0.5 
14 12 0.5 
14 17 0.5 
14 31 0.0625 
14 45 0.5 
14 83 0.0625 
14 100 0.0625 
15 12 0.015625 
15 13 0.015625 
15 17 0.0625 
15 18 0.0625 
15 19 0.0625 
15 22 0.5 
15 26 0.015625 
15 42 0.5 
15 209 0.015625 
16 12 0.015625 
16 145 0.015625 
16 166 0.015625 
16 195 0.5 
17 15 0.5 
17 14 0.015625 
17 25 0.0625 
17 129 0.0625 
18 15 0.015625 
18 21 0.015625 
18 32 0.0625 
18 39 0.0625 
18 63 0.5 
18 65 0.0625 
18 90 0.0625 
18 95 0.5 
18 106 0.0625 
18 156 0.0625 
18 184 0.5 
19 15 0.015625 
19 20 0.5 
19 23 0.0625 
19 105 0.015625 
19 113 0.5 
19 126 0.0625 
19 461 0.015625 
20 17 0.015625 
20 19 0.015625 
20 24 0.015625 
20 218 0.0625 
21 13 0.015625 
21 18 0.5 
21 23 0.5 
21 29 0.5 
21 32 0.5 
21 38 0.015625 
21 48 0.0625 
21 68 0.015625 
21 78 0.015625 
21 96 0.0625 
21 106 0.5 
21 140 0.015625 
21 183 0.0625 
21 210 0.0625 
21 212 0.0625 
22 15 0.0625 
22 40 0.0625 
22 52 0.015625 
22 77 0.5 
22 88 0.0625 
22 127 0.0625 
22 175 0.0625 
22 182 0.0625 
23 19 0.5 
23 21 0.5 
23 13 0.0625 
23 36 0.0625 
23 67 0.015625 
23 102 0.015625 
23 110 0.015625 
23 147 0.5 
24 20 0.0625 
24 41 0.5 
24 90 0.0625 
24 126 0.015625 
25 17 0.0625 
25 129 0.0625 
26 15 0.015625 
26 42 0.015625 
26 56 0.5 
26 73 0.5 
26 101 0.0625 
26 134 0.0625 
26 209 0.5 
27 12 0.0625 
27 33 0.0625 
27 35 0.015625 
27 89 0.0625 
27 117 0.5 
27 152 0.0625 
27 176 0.015625 
28 13 0.0625 
28 29 0.015625 
28 30 0.0625 
29 28 0.015625 
29 21 0.0625 
29 43 0.5 
29 53 0.5 
29 54 0.015625 
29 55 0.5 
29 161 0.015625 
30 28 0.0625 
30 221 0.015625 
31 14 0.0625 
31 58 0.0625 
31 60 0.0625 
31 108 0.5 
31 218 0.0625 
32 21 0.5 
32 22 0.015625 
32 18 0.5 
32 35 0.0625 
32 49 0.0625 
32 64 0.5 
32 72 0.015625 
32 142 0.5 
32 162 0.015625 
32 191 0.0625 
33 27 0.015625 
33 12 0.0625 
33 44 0.0625 
33 125 0.0625 
33 170 0.5 
34 32 0.5 
34 37 0.5 
34 47 0.015625 
34 93 0.015625 
34 115 0.5 
34 197 0.0625 
35 27 0.015625 
35 32 0.0625 
35 64 0.0625 
35 136 0.015625 
35 185 0.5 
35 205 0.015625 
36 23 0.015625 
36 122 0.0625 
36 200 0.015625 
36 238 0.015625 
37 34 0.5 
37 139 0.015625 
38 21 0.0625 
38 61 0.0625 
38 173 0.5 
38 190 0.5 
39 18 0.015625 
40 22 0.0625 
40 52 0.0625 
40 77 0.0625 
40 87 0.015625 
40 88 0.015625 
40 175 0.0625 
40 182 0.015625 
40 479 0.5 
40 481 0.0625 
41 24 0.0625 
41 74 0.015625 
41 90 0.5 
41 126 0.0625 
42 15 0.0625 
42 26 0.015625 
42 101 0.5 
43 29 0.0625 
43 46 0.015625 
43 86 0.5 
43 172 0.0625 
43 202 0.015625 
43 261 0.5 
44 33 0.0625 
44 57 0.0625 
44 69 0.5 
44 111 0.015625 
44 185 0.015625 
45 14 0.015625 
45 12 0.0625 
45 59 0.015625 
45 71 0.015625 
45 139 0.0625 
45 157 0.015625 
46 43 0.015625 
46 50 0.015625 
46 94 0.0625 
46 163 0.0625 
46 223 0.5 
47 18 0.015625 
47 36 0.0625 
47 34 0.5 
47 76 0.5 
47 84 0.5 
47 155 0.015625 
47 168 0.0625 
48 21 0.015625 
48 81 0.015625 
48 120 0.015625 
48 130 0.0625 
49 32 0.0625 
49 88 0.015625 
50 46 0.0625 
50 94 0.5 
51 46 0.015625 
52 22 0.0625 
52 40 0.0625 
52 77 0.015625 
52 127 0.0625 
53 48 0.5 
53 51 0.5 
53 29 0.0625 
53 43 0.5 
53 123 0.5 
53 199 0.015625 
54 29 0.5 
54 53 0.015625 
54 50 0.0625 
54 62 0.5 
54 99 0.5 
55 43 0.015625 
55 29 0.015625 
55 167 0.0625 
56 26 0.015625 
56 15 0.5 
56 42 0.5 
56 101 0.0625 
56 134 0.015625 
57 33 0.015625 
57 44 0.0625 
57 69 0.5 
57 111 0.5 
58 31 0.5 
59 45 0.015625 
59 71 0.0625 
59 157 0.5 
60 57 0.0625 
60 24 0.015625 
60 31 0.0625 
60 70 0.0625 
60 74 0.0625 
60 108 0.0625 
60 114 0.5 
60 170 0.5 
61 38 0.0625 
61 73 0.0625 
61 107 0.015625 
61 118 0.5 
61 178 0.0625 
62 46 0.015625 
62 54 0.015625 
62 66 0.015625 
62 80 0.5 
62 143 0.0625 
62 220 0.0625 
63 18 0.015625 
63 65 0.015625 
63 95 0.015625 
63 479 0.0625 
64 32 0.0625 
64 49 0.0625 
64 35 0.015625 
64 95 0.015625 
65 18 0.015625 
65 63 0.0625 
65 106 0.015625 
65 156 0.0625 
65 256 0.015625 
66 62 0.015625 
66 223 0.5 
67 23 0.0625 
67 47 0.015625 
67 19 0.015625 
67 102 0.5 
67 188 0.5 
68 21 0.0625 
68 97 0.5 
68 109 0.5 
68 140 0.015625 
68 210 0.0625 
69 57 0.015625 
69 37 0.0625 
69 44 0.5 
70 60 0.015625 
71 45 0.015625 
71 12 0.0625 
71 59 0.5 
72 32 0.015625 
72 49 0.015625 
73 26 0.015625 
73 42 0.0625 
73 61 0.015625 
73 56 0.0625 
73 92 0.5 
73 128 0.0625 
73 138 0.015625 
74 41 0.015625 
74 60 0.5 
74 24 0.015625 
74 79 0.0625 
74 181 0.0625 
74 187 0.5 
75 12 0.5 
75 104 0.0625 
75 136 0.015625 
75 166 0.015625 
76 47 0.0625 
76 36 0.015625 
76 82 0.5 
76 132 0.5 
76 153 0.0625 
76 203 0.5 
76 204 0.5 
77 22 0.015625 
77 52 0.5 
77 40 0.0625 
77 175 0.5 
78 21 0.0625 
78 68 0.5 
78 96 0.5 
78 109 0.5 
78 212 0.0625 
79 74 0.0625 
79 85 0.0625 
79 124 0.015625 
80 66 0.5 
80 62 0.0625 
80 94 0.0625 
81 48 0.0625 
82 76 0.5 
82 204 0.0625 
83 14 0.015625 
84 47 0.015625 
84 36 0.5 
84 148 0.0625 
85 79 0.5 
85 124 0.5 
85 149 0.0625 
86 43 0.0625 
86 112 0.0625 
86 167 0.0625 
87 22 0.5 
87 77 0.0625 
87 40 0.5 
87 88 0.0625 
87 127 0.0625 
88 40 0.5 
88 22 0.5 
88 49 0.0625 
88 87 0.015625 
88 131 0.015625 
88 135 0.015625 
89 27 0.015625 
89 176 0.5 
90 18 0.5 
90 41 0.015625 
90 24 0.0625 
90 116 0.0625 
91 69 0.015625 
92 73 0.0625 
92 128 0.0625 
92 138 0.015625 
93 47 0.015625 
93 34 0.0625 
94 50 0.0625 
94 46 0.5 
94 80 0.0625 
94 98 0.015625 
94 159 0.5 
95 65 0.015625 
95 63 0.015625 
95 18 0.0625 
95 64 0.0625 
95 97 0.5 
95 208 0.015625 
95 219 0.5 
96 78 0.5 
96 21 0.5 
96 109 0.015625 
97 95 0.5 
97 68 0.015625 
97 158 0.0625 
97 183 0.5 
97 196 0.015625 
98 94 0.0625 
98 189 0.015625 
98 223 0.0625 
99 54 0.5 
99 103 0.5 
99 121 0.5 
99 206 0.015625 
100 14 0.0625 
101 42 0.5 
101 26 0.0625 
101 56 0.0625 
101 151 0.0625 
102 67 0.0625 
102 23 0.015625 
102 153 0.5 
103 99 0.0625 
104 12 0.0625 
104 75 0.5 
104 211 0.5 
105 19 0.5 
105 144 0.0625 
106 21 0.5 
106 18 0.0625 
106 65 0.5 
106 63 0.0625 
106 154 0.0625 
106 164 0.5 
106 186 0.0625 
107 61 0.0625 
107 178 0.5 
108 60 0.0625 
108 31 0.5 
108 58 0.5 
109 68 0.5 
109 78 0.0625 
109 96 0.0625 
109 21 0.5 
109 140 0.5 
110 23 0.0625 
111 44 0.015625 
111 57 0.5 
111 33 0.5 
111 125 0.0625 
111 133 0.0625 
111 170 0.0625 
111 185 0.015625 
112 86 0.5 
112 123 0.015625 
112 137 0.0625 
113 19 0.5 
114 60 0.0625 
115 34 0.0625 
115 64 0.0625 
115 13 0.0625 
115 205 0.5 
116 90 0.0625 
117 27 0.015625 
118 107 0.0625 
118 61 0.015625 
118 29 0.015625 
118 146 0.0625 
118 194 0.015625 
119 13 0.015625 
120 48 0.0625 
121 99 0.0625 
121 221 0.5 
122 36 0.5 
123 112 0.0625 
123 86 0.5 
123 53 0.5 
123 130 0.5 
123 198 0.5 
123 492 0.5 
124 85 0.5 
124 79 0.015625 
124 48 0.5 
124 190 0.015625 
125 33 0.0625 
125 111 0.0625 
125 57 0.5 
125 133 0.0625 
126 19 0.0625 
126 24 0.0625 
126 41 0.0625 
126 181 0.5 
127 87 0.015625 
127 52 0.0625 
127 22 0.5 
128 73 0.0625 
128 92 0.0625 
128 138 0.0625 
129 101 0.5 
129 47 0.0625 
129 17 0.015625 
129 25 0.5 
129 141 0.5 
130 48 0.5 
130 120 0.5 
130 123 0.5 
130 196 0.0625 
131 88 0.0625 
132 76 0.0625 
132 82 0.015625 
132 153 0.015625 
132 203 0.015625 
132 204 0.5 
132 216 0.5 
133 33 0.015625 
133 111 0.015625 
133 44 0.0625 
133 125 0.0625 
134 26 0.015625 
134 56 0.015625 
135 88 0.0625 
136 35 0.5 
136 75 0.0625 
136 88 0.5 
136 150 0.015625 
137 86 0.0625 
137 112 0.015625 
137 167 0.015625 
138 92 0.5 
138 73 0.0625 
138 128 0.0625 
139 37 0.0625 
139 84 0.015625 
139 45 0.015625 
140 21 0.5 
140 109 0.015625 
140 68 0.015625 
141 129 0.015625 
141 193 0.015625 
142 32 0.0625 
142 49 0.0625 
143 80 0.015625 
143 62 0.015625 
143 54 0.0625 
144 105 0.015625 
145 16 0.5 
145 12 0.5 
145 104 0.5 
145 180 0.015625 
146 118 0.015625 
147 23 0.015625 
147 110 0.015625 
148 84 0.0625 
148 461 0.015625 
149 85 0.0625 
150 136 0.0625 
151 101 0.5 
152 27 0.5 
153 76 0.0625 
153 102 0.5 
153 132 0.015625 
153 160 0.0625 
154 106 0.5 
154 174 0.015625 
154 177 0.5 
154 186 0.0625 
155 47 0.015625 
156 18 0.5 
156 65 0.015625 
157 45 0.5 
157 59 0.0625 
158 97 0.015625 
159 94 0.5 
160 153 0.0625 
161 29 0.5 
162 72 0.0625 
162 32 0.0625 
162 191 0.0625 
163 46 0.0625 
164 154 0.015625 
164 106 0.0625 
164 186 0.5 
165 67 0.0625 
165 129 0.0625 
165 47 0.0625 
165 42 0.0625 
165 179 0.0625 
166 16 0.5 
166 75 0.015625 
167 137 0.0625 
167 86 0.015625 
167 55 0.015625 
167 169 0.0625 
167 206 0.5 
168 47 0.0625 
168 193 0.0625 
169 167 0.0625 
170 33 0.015625 
170 111 0.0625 
170 60 0.5 
170 57 0.5 
171 13 0.0625 
171 28 0.0625 
172 43 0.015625 
173 38 0.5 
174 154 0.0625 
174 18 0.015625 
174 73 0.015625 
174 106 0.5 
174 76 0.0625 
174 481 0.5 
175 77 0.5 
175 40 0.5 
175 22 0.0625 
176 89 0.0625 
176 27 0.0625 
177 154 0.0625 
177 106 0.015625 
178 61 0.5 
178 107 0.0625 
179 165 0.5 
180 145 0.5 
181 74 0.0625 
181 126 0.5 
181 79 0.0625 
182 40 0.5 
182 22 0.015625 
182 256 0.0625 
183 68 0.0625 
183 97 0.5 
183 21 0.5 
184 18 0.5 
184 63 0.5 
185 111 0.015625 
185 44 0.5 
185 33 0.5 
185 35 0.015625 
186 154 0.5 
186 164 0.0625 
186 106 0.015625 
187 74 0.015625 
188 67 0.0625 
189 98 0.5 
189 261 0.015625 
190 124 0.5 
190 38 0.5 
190 105 0.0625 
191 162 0.5 
191 32 0.5 
192 130 0.5 
193 168 0.015625 
193 47 0.5 
193 139 0.5 
193 141 0.015625 
194 118 0.5 
194 146 0.0625 
195 12 0.5 
195 16 0.0625 
196 97 0.5 
196 130 0.5 
196 201 0.5 
196 207 0.015625 
196 222 0.015625 
197 34 0.0625 
198 123 0.0625 
199 53 0.5 
200 36 0.0625 
200 23 0.015625 
200 30 0.015625 
200 122 0.5 
201 196 0.015625 
202 43 0.0625 
203 76 0.5 
203 132 0.5 
203 204 0.015625 
204 82 0.015625 
204 203 0.5 
204 76 0.5 
204 132 0.5 
205 115 0.5 
205 35 0.0625 
206 99 0.5 
206 167 0.015625 
206 213 0.0625 
207 196 0.015625 
207 201 0.5 
208 95 0.0625 
208 219 0.015625 
209 134 0.0625 
209 26 0.5 
209 15 0.015625 
209 56 0.5 
210 68 0.0625 
210 21 0.5 
210 96 0.0625 
210 215 0.015625 
210 217 0.5 
211 12 0.0625 
211 104 0.0625 
211 75 0.015625 
212 138 0.0625 
212 78 0.5 
212 68 0.015625 
212 21 0.015625 
212 22 0.5 
213 206 0.5 
214 12 0.015625 
214 16 0.015625 
214 211 0.0625 
214 104 0.0625 
215 78 0.015625 
215 68 0.5 
215 96 0.0625 
215 210 0.0625 
215 109 0.015625 
216 76 0.0625 
216 204 0.5 
216 132 0.0625 
217 68 0.5 
217 210 0.015625 
217 21 0.0625 
218 77 0.5 
218 20 0.0625 
218 134 0.0625 
218 31 0.015625 
219 208 0.0625 
219 95 0.5 
220 80 0.5 
220 66 0.0625 
220 62 0.015625 
221 30 0.015625 
221 121 0.5 
222 207 0.5 
222 196 0.015625 
222 201 0.5 
223 62 0.0625 
223 46 0.015625 
223 66 0.015625 
223 98 0.015625 
223 224 0.5 
223 231 0.0625 
224 223 0.015625 
224 225 0.0625 
224 232 0.5 
224 233 0.5 
225 224 0.015625 
225 226 0.5 
225 227 0.5 
225 228 0.0625 
225 234 0.015625 
226 225 0.0625 
226 229 0.5 
226 234 0.5 
227 225 0.0625 
227 237 0.015625 
228 225 0.5 
228 233 0.5 
229 226 0.5 
229 230 0.015625 
230 229 0.015625 
231 223 0.0625 
231 236 0.0625 
232 224 0.5 
232 226 0.0625 
232 233 0.0625 
233 224 0.0625 
233 228 0.5 
233 232 0.015625 
234 225 0.5 
234 226 0.015625 
234 235 0.5 
235 234 0.5 
236 231 0.015625 
236 223 0.015625 
237 227 0.5 
238 132 0.5 
238 36 0.015625 
238 11 0.0625 
238 18 0.015625 
238 239 0.5 
238 241 0.0625 
238 243 0.015625 
238 246 0.5 
238 247 0.5 
239 238 0.0625 
239 240 0.5 
239 253 0.015625 
240 239 0.015625 
240 242 0.0625 
240 244 0.5 
241 238 0.015625 
241 240 0.015625 
241 249 0.015625 
241 254 0.015625 
242 240 0.015625 
242 245 0.0625 
243 238 0.015625 
243 250 0.5 
244 240 0.5 
245 242 0.015625 
246 238 0.5 
246 248 0.5 
246 252 0.0625 
246 255 0.5 
247 238 0.015625 
247 251 0.5 
248 246 0.5 
248 250 0.015625 
248 464 0.5 
249 241 0.0625 
249 246 0.0625 
250 248 0.0625 
250 243 0.0625 
250 246 0.5 
251 247 0.015625 
252 246 0.5 
253 239 0.0625 
254 241 0.5 
255 246 0.015625 
255 248 0.5 
256 182 0.5 
256 65 0.015625 
256 76 0.5 
256 32 0.0625 
256 257 0.5 
256 259 0.5 
257 256 0.0625 
257 258 0.5 
257 260 0.015625 
258 257 0.0625 
259 256 0.015625 
260 257 0.015625 
261 66 0.0625 
261 43 0.5 
261 62 0.0625 
261 189 0.5 
261 262 0.5 
262 261 0.0625 
263 67 0.015625 
263 247 0.015625 
263 124 0.5 
263 19 0.0625 
263 153 0.5 
263 267 0.5 
263 271 0.5 
263 273 0.0625 
263 281 0.5 
263 317 0.015625 
263 366 0.5 
263 378 0.015625 
263 418 0.5 
263 430 0.0625 
264 263 0.0625 
264 265 0.0625 
264 266 0.5 
264 278 0.0625 
264 300 0.0625 
265 264 0.0625 
265 321 0.5 
265 393 0.0625 
265 449 0.5 
266 264 0.5 
266 276 0.015625 
266 294 0.0625 
266 393 0.0625 
266 413 0.015625 
266 438 0.0625 
267 263 0.015625 
267 268 0.0625 
267 269 0.0625 
267 270 0.5 
267 274 0.5 
267 275 0.5 
267 292 0.0625 
267 301 0.015625 
267 303 0.015625 
267 307 0.015625 
267 318 0.0625 
267 348 0.5 
267 406 0.5 
267 443 0.5 
268 267 0.0625 
268 272 0.0625 
268 275 0.015625 
268 286 0.0625 
268 287 0.5 
268 291 0.5 
268 293 0.5 
268 302 0.5 
268 330 0.0625 
268 402 0.015625 
268 481 0.5 
269 267 0.5 
269 375 0.0625 
270 267 0.015625 
270 279 0.0625 
270 295 0.015625 
270 298 0.015625 
270 347 0.5 
270 360 0.015625 
271 263 0.015625 
272 268 0.0625 
272 280 0.5 
273 263 0.0625 
273 277 0.5 
273 282 0.015625 
273 299 0.5 
273 338 0.015625 
274 267 0.0625 
274 283 0.015625 
274 301 0.0625 
274 306 0.015625 
274 308 0.015625 
274 329 0.5 
274 368 0.015625 
274 389 0.015625 
274 390 0.015625 
274 412 0.015625 
274 464 0.5 
275 267 0.5 
275 268 0.015625 
275 287 0.015625 
275 291 0.015625 
275 363 0.5 
275 452 0.0625 
276 266 0.5 
276 289 0.0625 
277 270 0.015625 
277 273 0.0625 
277 377 0.5 
278 264 0.0625 
278 300 0.5 
279 270 0.0625 
279 296 0.0625 
279 303 0.5 
279 373 0.0625 
280 272 0.015625 
280 269 0.015625 
280 284 0.015625 
280 285 0.5 
280 310 0.5 
280 386 0.015625 
280 445 0.0625 
280 456 0.015625 
281 263 0.015625 
281 273 0.5 
281 271 0.015625 
281 289 0.5 
281 314 0.015625 
282 273 0.0625 
282 277 0.015625 
282 299 0.0625 
282 305 0.015625 
282 339 0.0625 
282 342 0.5 
282 379 0.5 
283 271 0.015625 
283 267 0.5 
283 275 0.5 
283 274 0.5 
283 263 0.5 
283 288 0.5 
283 302 0.015625 
283 319 0.0625 
283 354 0.5 
283 355 0.015625 
283 371 0.0625 
283 388 0.5 
283 447 0.5 
284 280 0.015625 
284 285 0.015625 
284 310 0.0625 
284 445 0.015625 
284 456 0.015625 
285 280 0.0625 
285 284 0.0625 
285 286 0.0625 
285 334 0.015625 
285 337 0.5 
285 357 0.0625 
285 410 0.015625 
285 422 0.0625 
285 428 0.0625 
285 456 0.015625 
286 268 0.0625 
286 285 0.0625 
286 293 0.5 
286 325 0.015625 
286 400 0.0625 
286 455 0.5 
287 275 0.5 
287 268 0.0625 
287 328 0.015625 
287 339 0.0625 
287 383 0.015625 
287 405 0.015625 
288 283 0.5 
288 277 0.0625 
288 263 0.5 
288 306 0.015625 
288 377 0.5 
289 276 0.5 
289 281 0.5 
289 290 0.0625 
289 309 0.015625 
289 429 0.015625 
290 289 0.015625 
290 429 0.015625 
291 268 0.5 
291 275 0.5 
291 302 0.5 
291 332 0.5 
291 380 0.0625 
292 267 0.0625 
292 297 0.0625 
292 298 0.0625 
292 335 0.015625 
292 347 0.0625 
292 351 0.0625 
292 364 0.5 
292 372 0.015625 
292 446 0.5 
293 268 0.0625 
293 286 0.0625 
293 316 0.5 
293 320 0.015625 
293 434 0.015625 
294 266 0.0625 
294 324 0.5 
294 336 0.015625 
294 457 0.5 
295 270 0.015625 
296 279 0.015625 
296 313 0.0625 
296 340 0.0625 
296 404 0.5 
297 292 0.5 
297 335 0.5 
297 372 0.015625 
297 396 0.015625 
298 292 0.0625 
298 270 0.015625 
298 303 0.0625 
298 361 0.015625 
298 365 0.015625 
299 282 0.015625 
299 273 0.015625 
299 291 0.5 
299 311 0.5 
299 343 0.0625 
299 359 0.5 
299 409 0.0625 
299 432 0.0625 
300 278 0.5 
300 264 0.0625 
301 267 0.5 
301 274 0.015625 
301 331 0.015625 
301 424 0.5 
301 458 0.5 
302 268 0.5 
302 291 0.0625 
302 283 0.0625 
302 275 0.5 
302 421 0.0625 
303 298 0.015625 
303 279 0.5 
303 267 0.0625 
304 281 0.5 
305 282 0.015625 
305 328 0.5 
305 342 0.5 
305 379 0.0625 
306 274 0.0625 
306 288 0.5 
307 267 0.015625 
307 312 0.0625 
307 315 0.0625 
307 327 0.5 
307 331 0.5 
308 274 0.5 
308 329 0.015625 
308 390 0.0625 
308 412 0.0625 
308 464 0.5 
309 289 0.015625 
309 290 0.015625 
309 345 0.0625 
310 284 0.0625 
310 280 0.015625 
310 293 0.0625 
310 333 0.015625 
310 353 0.015625 
311 299 0.0625 
311 356 0.015625 
311 369 0.0625 
311 370 0.0625 
311 384 0.0625 
312 307 0.015625 
312 327 0.0625 
313 296 0.015625 
313 340 0.0625 
313 404 0.015625 
314 281 0.0625 
315 307 0.5 
316 293 0.5 
316 341 0.5 
316 398 0.5 
316 427 0.0625 
316 454 0.5 
317 263 0.5 
317 275 0.015625 
317 299 0.0625 
317 322 0.015625 
317 323 0.5 
317 326 0.0625 
317 346 0.5 
317 425 0.5 
318 267 0.015625 
318 423 0.015625 
319 283 0.0625 
319 387 0.0625 
319 397 0.0625 
320 293 0.0625 
320 399 0.0625 
320 434 0.5 
321 265 0.0625 
322 317 0.015625 
322 326 0.0625 
322 425 0.0625 
323 317 0.5 
323 275 0.015625 
323 350 0.015625 
323 363 0.015625 
323 433 0.015625 
323 436 0.015625 
324 294 0.0625 
324 416 0.015625 
324 457 0.0625 
325 286 0.5 
325 382 0.015625 
325 401 0.015625 
325 455 0.0625 
326 317 0.015625 
326 322 0.015625 
327 307 0.0625 
327 312 0.0625 
328 282 0.0625 
328 287 0.0625 
328 317 0.015625 
328 305 0.0625 
328 440 0.015625 
329 308 0.5 
329 274 0.5 
329 347 0.015625 
329 352 0.015625 
329 381 0.0625 
330 268 0.5 
330 286 0.015625 
331 301 0.0625 
331 327 0.0625 
331 307 0.5 
332 291 0.0625 
332 339 0.0625 
333 310 0.5 
333 353 0.015625 
334 285 0.015625 
334 280 0.5 
334 284 0.0625 
334 362 0.5 
335 292 0.0625 
335 297 0.0625 
335 396 0.0625 
336 324 0.5 
336 294 0.0625 
336 438 0.015625 
337 285 0.015625 
338 273 0.0625 
338 426 0.5 
339 287 0.5 
339 332 0.5 
339 291 0.015625 
339 282 0.5 
339 349 0.015625 
339 411 0.5 
339 419 0.015625 
340 313 0.5 
340 296 0.5 
340 344 0.0625 
340 376 0.0625 
340 388 0.0625 
341 316 0.015625 
341 427 0.5 
341 451 0.5 
342 282 0.015625 
342 305 0.015625 
343 299 0.015625 
343 359 0.0625 
343 385 0.5 
343 432 0.0625 
344 340 0.5 
345 309 0.015625 
346 322 0.5 
346 326 0.015625 
346 317 0.015625 
346 358 0.015625 
347 270 0.5 
347 292 0.0625 
347 329 0.0625 
347 367 0.015625 
347 431 0.0625 
348 267 0.5 
349 339 0.015625 
349 411 0.5 
349 419 0.015625 
350 323 0.0625 
351 292 0.0625 
351 391 0.0625 
352 329 0.0625 
352 374 0.0625 
352 381 0.0625 
353 333 0.5 
353 310 0.015625 
353 406 0.015625 
354 283 0.0625 
355 283 0.015625 
356 311 0.015625 
356 369 0.5 
356 380 0.5 
357 285 0.015625 
357 401 0.015625 
357 410 0.5 
357 422 0.0625 
357 428 0.0625 
358 346 0.0625 
358 322 0.5 
358 317 0.015625 
359 299 0.0625 
359 343 0.015625 
359 385 0.0625 
360 270 0.5 
361 298 0.0625 
361 270 0.015625 
362 334 0.5 
363 275 0.0625 
363 323 0.5 
363 392 0.0625 
363 442 0.015625 
363 459 0.015625 
364 292 0.0625 
364 297 0.5 
364 391 0.5 
364 446 0.0625 
365 298 0.5 
366 263 0.015625 
367 347 0.0625 
367 431 0.015625 
368 274 0.015625 
368 439 0.0625 
369 311 0.015625 
369 356 0.0625 
369 370 0.015625 
369 384 0.5 
369 415 0.5 
370 311 0.0625 
370 369 0.5 
370 380 0.5 
370 384 0.015625 
371 283 0.0625 
371 365 0.0625 
372 297 0.015625 
372 292 0.015625 
372 446 0.015625 
373 279 0.0625 
374 352 0.5 
374 368 0.015625 
374 329 0.0625 
375 269 0.5 
375 344 0.5 
375 340 0.015625 
375 275 0.5 
375 376 0.0625 
376 340 0.5 
376 344 0.5 
376 375 0.015625 
377 277 0.015625 
377 288 0.015625 
377 395 0.015625 
378 273 0.015625 
378 271 0.015625 
378 263 0.0625 
379 305 0.0625 
379 282 0.5 
380 370 0.5 
380 291 0.015625 
380 356 0.015625 
380 407 0.5 
380 417 0.015625 
380 450 0.0625 
381 329 0.0625 
381 352 0.015625 
382 325 0.0625 
382 286 0.0625 
382 400 0.015625 
383 287 0.5 
384 370 0.0625 
384 369 0.0625 
384 311 0.015625 
385 343 0.5 
385 299 0.5 
385 359 0.0625 
385 432 0.0625 
386 280 0.5 
386 284 0.0625 
386 445 0.5 
387 319 0.015625 
387 384 0.0625 
387 403 0.5 
388 340 0.0625 
388 318 0.015625 
388 283 0.015625 
389 274 0.5 
389 308 0.0625 
389 412 0.015625 
390 274 0.0625 
390 308 0.5 
391 335 0.015625 
391 351 0.0625 
391 364 0.5 
392 363 0.5 
392 442 0.5 
392 459 0.0625 
393 266 0.5 
393 265 0.015625 
393 321 0.5 
393 448 0.5 
394 285 0.0625 
395 377 0.5 
396 335 0.0625 
396 297 0.0625 
396 372 0.5 
397 319 0.015625 
398 316 0.0625 
399 293 0.5 
399 320 0.5 
400 382 0.015625 
400 286 0.5 
400 451 0.015625 
400 455 0.5 
401 285 0.0625 
401 325 0.5 
401 357 0.5 
401 382 0.0625 
401 453 0.0625 
401 460 0.015625 
402 268 0.0625 
402 275 0.015625 
402 341 0.015625 
402 316 0.015625 
403 387 0.015625 
404 340 0.5 
404 313 0.5 
404 296 0.015625 
404 447 0.5 
405 287 0.5 
405 383 0.0625 
406 267 0.0625 
406 353 0.5 
406 301 0.015625 
406 414 0.0625 
406 420 0.5 
407 380 0.5 
407 450 0.5 
408 309 0.0625 
408 345 0.0625 
409 299 0.015625 
409 385 0.5 
410 285 0.015625 
410 357 0.015625 
410 435 0.5 
411 339 0.0625 
411 349 0.0625 
411 419 0.0625 
412 308 0.015625 
412 389 0.015625 
412 274 0.5 
413 266 0.015625 
413 438 0.0625 
414 406 0.015625 
414 420 0.5 
415 311 0.015625 
415 369 0.5 
415 370 0.0625 
416 294 0.0625 
416 324 0.015625 
417 331 0.015625 
417 380 0.5 
417 407 0.5 
417 441 0.015625 
418 263 0.0625 
418 384 0.0625 
418 366 0.0625 
419 411 0.5 
419 339 0.5 
419 349 0.0625 
420 406 0.5 
420 414 0.015625 
421 302 0.015625 
422 357 0.0625 
422 285 0.015625 
422 456 0.5 
423 267 0.015625 
423 284 0.0625 
423 318 0.015625 
423 437 0.0625 
424 301 0.0625 
425 317 0.0625 
425 326 0.5 
425 358 0.5 
425 322 0.5 
425 446 0.015625 
426 338 0.0625 
426 273 0.0625 
426 314 0.5 
426 444 0.015625 
427 341 0.015625 
427 316 0.0625 
427 451 0.0625 
427 454 0.0625 
428 357 0.5 
428 285 0.5 
428 394 0.5 
429 289 0.015625 
429 290 0.5 
430 263 0.5 
431 367 0.015625 
431 347 0.0625 
432 343 0.015625 
432 385 0.0625 
432 299 0.0625 
433 323 0.0625 
433 436 0.0625 
434 293 0.5 
434 320 0.015625 
435 279 0.5 
435 410 0.0625 
435 394 0.5 
435 357 0.5 
436 433 0.0625 
436 323 0.0625 
437 423 0.0625 
438 266 0.0625 
438 413 0.5 
438 336 0.015625 
438 448 0.5 
439 368 0.015625 
440 328 0.5 
441 417 0.5 
442 363 0.5 
442 392 0.0625 
443 267 0.5 
444 426 0.0625 
445 280 0.015625 
445 284 0.015625 
445 386 0.015625 
446 372 0.0625 
446 425 0.5 
446 364 0.5 
446 391 0.015625 
446 292 0.5 
447 404 0.015625 
447 385 0.5 
447 283 0.015625 
448 438 0.5 
448 393 0.015625 
449 294 0.5 
449 324 0.0625 
449 265 0.015625 
449 416 0.0625 
450 407 0.0625 
450 380 0.0625 
451 400 0.0625 
451 382 0.5 
451 427 0.5 
451 341 0.5 
451 286 0.015625 
452 275 0.0625 
453 401 0.0625 
453 460 0.5 
454 341 0.015625 
454 316 0.0625 
454 427 0.0625 
455 382 0.0625 
455 400 0.5 
455 325 0.015625 
455 286 0.5 
456 284 0.015625 
456 285 0.0625 
456 334 0.015625 
456 280 0.5 
456 422 0.015625 
457 324 0.015625 
457 294 0.5 
458 301 0.0625 
458 424 0.5 
459 392 0.015625 
459 363 0.0625 
459 442 0.0625 
460 453 0.5 
460 401 0.5 
461 436 0.5 
461 308 0.015625 
461 19 0.015625 
461 299 0.015625 
461 148 0.0625 
461 462 0.015625 
461 463 0.015625 
462 461 0.0625 
463 461 0.015625 
464 15 0.5 
464 390 0.5 
464 308 0.015625 
464 248 0.5 
464 274 0.5 
464 465 0.0625 
464 467 0.015625 
464 471 0.5 
464 473 0.015625 
465 464 0.0625 
465 466 0.015625 
465 468 0.5 
465 470 0.5 
465 471 0.0625 
465 474 0.0625 
465 476 0.0625 
465 477 0.0625 
466 465 0.0625 
467 464 0.0625 
467 469 0.5 
467 472 0.0625 
467 478 0.015625 
468 465 0.0625 
468 466 0.015625 
469 467 0.5 
469 464 0.0625 
470 465 0.5 
470 474 0.015625 
471 470 0.015625 
471 464 0.0625 
471 465 0.5 
471 475 0.0625 
472 467 0.5 
473 464 0.0625 
473 469 0.5 
474 470 0.015625 
474 465 0.5 
474 477 0.5 
475 471 0.015625 
476 465 0.5 
476 470 0.5 
476 481 0.0625 
477 465 0.015625 
477 470 0.015625 
477 474 0.0625 
478 467 0.0625 
479 347 0.0625 
479 63 0.0625 
479 47 0.015625 
479 3 0.0625 
479 40 0.5 
479 480 0.0625 
480 479 0.015625 
481 476 0.015625 
481 40 0.0625 
481 15 0.015625 
481 268 0.5 
481 174 0.0625 
481 482 0.015625 
481 483 0.0625 
482 481 0.0625 
482 484 0.0625 
482 487 0.5 
483 481 0.5 
484 482 0.015625 
485 481 0.5 
485 486 0.5 
485 489 0.5 
485 491 0.015625 
486 485 0.015625 
486 488 0.015625 
487 482 0.5 
487 490 0.5 
488 485 0.0625 
488 486 0.5 
488 491 0.5 
489 485 0.5 
489 486 0.5 
489 491 0.0625 
490 487 0.015625 
491 489 0.015625 
491 488 0.5 
491 485 0.0625 
492 103 0.5 
492 123 0.0625 
492 281 0.015625 
492 278 0.015625 
492 426 0.015625 
492 493 0.5 
492 495 0.0625 
493 492 0.015625 
493 494 0.5 
493 498 0.0625 
494 493 0.5 
494 499 0.0625 
495 492 0.0625 
495 494 0.5 
495 496 0.5 
496 495 0.0625 
496 497 0.5 
497 496 0.0625 
498 493 0.015625 
499 494 0.5 
