500
0 1 0.5 
1 0 0.125 
1 3 0.015625 
1 12 0.5 
2 1 0.125 
2 0 0.125 
2 4 0.015625 
2 5 0.015625 
3 1 0.015625 
4 2 0.125 
4 5 0.015625 
5 4 0.125 
5 2 0.5 
5 6 0.015625 
6 5 0.5 
6 7 0.125 
6 8 0.5 
6 10 0.125 
7 6 0.125 
7 9 0.5 
8 6 0.125 
9 7 0.5 
10 6 0.015625 
10 11 0.5 
11 10 0.5 
12 1 0.015625 
12 3 0.015625 
12 13 0.5 
12 20 0.125 
12 27 0.125 
13 12 0.125 
13 14 0.015625 
13 59 0.015625 
13 64 0.5 
13 87 0.5 
13 178 0.125 
13 218 0.125 
14 13 0.125 
14 15 0.5 
14 17 0.5 
14 18 0.015625 
14 24 0.5 
14 88 0.015625 
14 200 0.125 
15 14 0.5 
15 16 0.5 
15 19 0.125 
15 26 0.125 
15 31 0.5 
15 56 0.125 
15 95 0.015625 
16 15 0.125 
16 21 0.125 
16 31 0.125 
16 47 0.015625 
16 56 0.015625 
17 14 0.015625 
17 24 0.125 
17 44 0.125 
17 88 0.015625 
17 200 0.015625 
18 14 0.015625 
18 17 0.015625 
18 23 0.5 
18 117 0.015625 
19 15 0.125 
19 42 0.125 
19 132 0.015625 
19 137 0.015625 
20 12 0.015625 
20 36 0.5 
20 66 0.5 
20 162 0.125 
20 164 0.125 
20 179 0.015625 
20 183 0.5 
20 186 0.015625 
21 16 0.125 
21 22 0.015625 
21 34 0.015625 
21 96 0.5 
21 163 0.5 
22 21 0.125 
22 81 0.015625 
22 94 0.125 
22 118 0.015625 
22 163 0.015625 
23 18 0.5 
23 21 0.5 
23 28 0.015625 
23 35 0.125 
23 37 0.125 
23 40 0.015625 
23 52 0.5 
23 60 0.015625 
23 67 0.5 
23 72 0.015625 
23 105 0.125 
23 133 0.5 
23 147 0.015625 
23 167 0.125 
24 17 0.5 
24 14 0.5 
24 25 0.5 
24 32 0.5 
24 39 0.5 
24 74 0.015625 
24 86 0.5 
24 177 0.015625 
25 24 0.125 
25 65 0.5 
25 119 0.015625 
26 15 0.125 
26 23 0.015625 
26 29 0.125 
26 33 0.5 
26 43 0.125 
26 44 0.125 
26 45 0.5 
26 50 0.5 
26 109 0.5 
26 148 0.015625 
26 154 0.5 
26 222 0.5 
26 223 0.015625 
27 12 0.5 
27 30 0.125 
27 85 0.5 
28 23 0.015625 
28 156 0.5 
29 26 0.125 
29 33 0.125 
29 45 0.015625 
29 50 0.015625 
29 117 0.5 
29 148 0.125 
30 27 0.125 
30 85 0.125 
30 172 0.125 
31 16 0.015625 
31 15 0.015625 
31 18 0.125 
31 97 0.015625 
31 144 0.125 
32 24 0.5 
32 74 0.5 
32 143 0.5 
33 26 0.015625 
33 29 0.015625 
33 109 0.015625 
34 21 0.5 
34 38 0.5 
34 57 0.5 
34 182 0.5 
35 23 0.015625 
35 40 0.015625 
35 60 0.5 
35 67 0.5 
35 114 0.015625 
36 20 0.015625 
36 41 0.125 
36 114 0.5 
36 221 0.5 
37 23 0.5 
37 46 0.125 
37 48 0.125 
37 52 0.125 
37 57 0.125 
37 68 0.125 
37 214 0.015625 
38 34 0.015625 
38 76 0.5 
38 122 0.5 
38 157 0.125 
38 220 0.125 
39 32 0.015625 
39 24 0.5 
39 74 0.125 
40 35 0.125 
40 23 0.5 
40 52 0.5 
40 133 0.015625 
41 36 0.125 
41 20 0.125 
41 77 0.015625 
41 92 0.125 
41 131 0.125 
41 139 0.015625 
41 165 0.015625 
41 191 0.5 
41 492 0.125 
42 19 0.125 
42 144 0.125 
42 161 0.5 
43 33 0.5 
43 26 0.015625 
43 46 0.125 
43 47 0.5 
43 62 0.125 
43 70 0.125 
43 99 0.015625 
43 102 0.125 
43 103 0.125 
43 116 0.125 
43 135 0.125 
43 158 0.5 
44 17 0.015625 
44 29 0.015625 
44 26 0.5 
44 33 0.5 
44 108 0.5 
44 193 0.125 
44 206 0.015625 
45 26 0.015625 
45 28 0.015625 
45 29 0.015625 
45 33 0.015625 
45 63 0.015625 
45 89 0.125 
45 110 0.015625 
45 205 0.125 
46 37 0.125 
46 18 0.125 
46 43 0.125 
46 47 0.5 
46 53 0.125 
46 84 0.5 
46 129 0.015625 
46 216 0.015625 
47 16 0.5 
47 43 0.5 
47 46 0.5 
47 49 0.5 
47 51 0.015625 
47 91 0.015625 
47 142 0.5 
47 175 0.015625 
48 37 0.125 
48 68 0.015625 
48 71 0.125 
48 214 0.5 
49 47 0.5 
49 54 0.5 
49 79 0.125 
49 146 0.5 
49 150 0.125 
49 198 0.125 
49 256 0.125 
50 33 0.125 
50 26 0.015625 
50 29 0.015625 
51 47 0.125 
51 16 0.5 
51 82 0.125 
51 150 0.5 
52 40 0.5 
52 37 0.125 
52 23 0.015625 
52 48 0.125 
52 170 0.5 
53 46 0.5 
54 49 0.125 
55 49 0.015625 
55 54 0.125 
55 58 0.125 
55 79 0.015625 
55 91 0.5 
55 98 0.015625 
55 207 0.5 
56 15 0.125 
56 16 0.5 
56 83 0.5 
56 197 0.015625 
57 38 0.125 
57 34 0.125 
57 37 0.125 
57 69 0.015625 
57 85 0.125 
57 124 0.125 
58 55 0.5 
58 79 0.5 
58 96 0.125 
58 98 0.015625 
58 207 0.5 
59 13 0.125 
59 14 0.125 
59 112 0.125 
59 195 0.125 
59 201 0.125 
59 217 0.5 
60 23 0.015625 
60 35 0.5 
61 43 0.015625 
61 125 0.015625 
61 135 0.125 
61 158 0.125 
62 43 0.015625 
62 116 0.125 
63 45 0.5 
63 89 0.125 
63 170 0.015625 
64 58 0.5 
64 13 0.125 
64 47 0.015625 
64 79 0.5 
64 91 0.125 
64 169 0.5 
64 178 0.015625 
65 13 0.5 
65 25 0.015625 
65 75 0.5 
65 93 0.015625 
66 12 0.015625 
66 22 0.015625 
66 20 0.015625 
66 80 0.125 
66 81 0.125 
66 90 0.125 
66 163 0.125 
66 168 0.5 
66 176 0.125 
67 35 0.015625 
67 23 0.015625 
67 40 0.125 
67 114 0.125 
68 37 0.125 
68 48 0.5 
68 71 0.125 
69 57 0.125 
70 43 0.015625 
70 37 0.5 
70 107 0.5 
70 156 0.125 
71 68 0.015625 
71 37 0.5 
71 48 0.015625 
71 73 0.5 
71 78 0.125 
71 189 0.125 
71 196 0.5 
71 209 0.015625 
71 461 0.5 
72 23 0.015625 
72 35 0.015625 
72 113 0.125 
73 18 0.125 
73 71 0.125 
73 25 0.125 
73 100 0.015625 
73 138 0.015625 
73 151 0.5 
74 24 0.5 
74 39 0.5 
74 32 0.125 
74 106 0.015625 
74 121 0.015625 
74 143 0.5 
74 177 0.125 
75 65 0.015625 
76 38 0.5 
76 34 0.5 
76 94 0.125 
76 96 0.015625 
76 104 0.125 
76 115 0.5 
76 145 0.5 
76 155 0.125 
76 202 0.5 
76 220 0.125 
76 492 0.5 
77 41 0.125 
78 71 0.125 
78 141 0.125 
78 189 0.125 
78 196 0.015625 
78 209 0.5 
79 64 0.015625 
79 49 0.125 
79 58 0.5 
79 55 0.5 
79 87 0.015625 
79 144 0.5 
80 20 0.015625 
80 36 0.125 
80 66 0.5 
80 90 0.125 
81 22 0.5 
81 66 0.125 
81 123 0.015625 
81 215 0.015625 
82 51 0.125 
82 21 0.015625 
82 94 0.125 
82 156 0.5 
83 56 0.015625 
84 46 0.015625 
84 53 0.5 
84 129 0.5 
84 216 0.125 
85 30 0.015625 
85 57 0.5 
85 27 0.5 
85 90 0.125 
86 24 0.5 
86 39 0.5 
86 32 0.015625 
86 93 0.015625 
86 127 0.5 
86 149 0.5 
86 153 0.015625 
86 159 0.5 
86 212 0.5 
87 55 0.5 
87 13 0.125 
87 79 0.125 
87 59 0.125 
87 169 0.5 
87 204 0.015625 
88 17 0.015625 
88 59 0.5 
88 14 0.5 
88 152 0.015625 
88 188 0.015625 
89 45 0.5 
89 63 0.015625 
90 80 0.015625 
90 66 0.125 
90 85 0.5 
91 47 0.5 
91 55 0.015625 
91 64 0.015625 
92 41 0.015625 
92 165 0.5 
93 65 0.125 
93 86 0.5 
93 42 0.5 
93 88 0.5 
93 127 0.125 
93 134 0.5 
93 160 0.125 
93 184 0.015625 
93 223 0.5 
94 22 0.5 
94 82 0.125 
94 76 0.015625 
94 111 0.015625 
94 163 0.015625 
95 15 0.125 
95 97 0.015625 
95 197 0.125 
95 204 0.5 
96 58 0.125 
96 21 0.015625 
96 76 0.5 
96 136 0.125 
96 181 0.5 
96 210 0.015625 
96 464 0.125 
97 95 0.5 
97 31 0.015625 
97 65 0.5 
98 55 0.015625 
98 58 0.5 
99 43 0.015625 
99 62 0.125 
99 61 0.5 
99 102 0.5 
99 103 0.125 
99 158 0.015625 
100 73 0.125 
100 256 0.5 
101 47 0.125 
102 43 0.125 
102 99 0.5 
102 125 0.5 
103 43 0.125 
103 99 0.125 
103 61 0.015625 
104 76 0.5 
105 23 0.015625 
105 60 0.125 
106 24 0.015625 
106 74 0.015625 
106 32 0.5 
106 121 0.125 
106 143 0.015625 
107 70 0.015625 
108 44 0.5 
108 206 0.125 
109 33 0.5 
109 26 0.125 
109 222 0.015625 
110 45 0.015625 
110 63 0.125 
111 94 0.015625 
112 59 0.5 
112 166 0.5 
112 195 0.5 
112 201 0.5 
112 217 0.125 
113 72 0.5 
113 120 0.5 
113 124 0.5 
113 174 0.015625 
114 36 0.015625 
114 23 0.5 
114 35 0.015625 
114 67 0.015625 
114 126 0.015625 
114 128 0.015625 
114 191 0.5 
115 76 0.015625 
116 43 0.5 
116 99 0.125 
116 62 0.125 
116 103 0.125 
117 18 0.5 
117 29 0.015625 
117 26 0.5 
117 33 0.5 
117 130 0.015625 
117 256 0.015625 
118 22 0.5 
119 25 0.125 
120 113 0.5 
120 174 0.125 
121 74 0.5 
121 106 0.5 
121 13 0.125 
122 34 0.015625 
122 38 0.5 
123 81 0.015625 
123 66 0.5 
124 113 0.125 
124 120 0.125 
124 57 0.5 
124 140 0.5 
125 61 0.125 
125 99 0.015625 
125 116 0.125 
125 102 0.5 
126 114 0.015625 
126 128 0.5 
126 191 0.125 
127 93 0.125 
127 86 0.015625 
128 114 0.5 
128 126 0.125 
129 46 0.5 
129 84 0.5 
129 216 0.5 
130 117 0.125 
131 20 0.5 
131 41 0.125 
131 123 0.125 
131 171 0.125 
132 19 0.125 
132 137 0.5 
133 60 0.5 
133 23 0.015625 
133 35 0.015625 
133 67 0.125 
133 40 0.015625 
134 93 0.015625 
135 103 0.125 
135 99 0.5 
135 61 0.5 
135 43 0.125 
135 149 0.015625 
135 185 0.015625 
135 194 0.125 
135 219 0.125 
136 96 0.015625 
136 181 0.015625 
137 19 0.5 
137 132 0.015625 
138 73 0.015625 
138 100 0.125 
139 41 0.5 
140 124 0.125 
141 71 0.5 
141 78 0.015625 
141 77 0.015625 
141 113 0.125 
142 47 0.5 
143 24 0.5 
143 106 0.015625 
143 32 0.5 
143 74 0.015625 
144 31 0.125 
144 79 0.125 
144 42 0.015625 
145 76 0.5 
145 115 0.5 
145 104 0.125 
146 49 0.015625 
146 54 0.5 
147 133 0.015625 
147 23 0.015625 
147 40 0.5 
147 263 0.015625 
148 26 0.5 
148 33 0.015625 
148 29 0.5 
149 135 0.125 
149 25 0.5 
149 86 0.015625 
149 46 0.015625 
150 51 0.015625 
150 146 0.125 
150 54 0.015625 
150 96 0.125 
150 49 0.5 
150 192 0.5 
151 138 0.125 
151 73 0.125 
151 100 0.5 
152 88 0.015625 
153 86 0.5 
154 26 0.5 
154 135 0.125 
155 76 0.5 
155 115 0.015625 
155 202 0.125 
156 82 0.5 
156 51 0.015625 
156 28 0.125 
156 70 0.125 
157 34 0.5 
157 122 0.5 
157 38 0.5 
157 180 0.5 
157 203 0.015625 
157 213 0.5 
157 256 0.125 
158 43 0.015625 
158 61 0.125 
158 99 0.125 
158 62 0.125 
159 86 0.125 
160 93 0.5 
160 88 0.015625 
160 24 0.5 
160 173 0.015625 
161 42 0.015625 
161 190 0.5 
162 20 0.5 
163 21 0.015625 
163 22 0.5 
163 94 0.015625 
163 66 0.5 
164 20 0.015625 
165 41 0.125 
165 92 0.125 
166 112 0.015625 
166 59 0.015625 
167 23 0.015625 
167 133 0.015625 
167 464 0.5 
168 66 0.015625 
169 13 0.015625 
169 64 0.125 
169 87 0.5 
170 150 0.5 
170 63 0.125 
170 52 0.5 
170 40 0.015625 
171 131 0.5 
172 27 0.125 
172 30 0.015625 
173 160 0.5 
174 113 0.015625 
174 124 0.5 
174 120 0.015625 
175 47 0.015625 
176 66 0.5 
176 168 0.015625 
177 74 0.015625 
177 24 0.125 
177 106 0.015625 
178 13 0.015625 
178 64 0.015625 
178 199 0.5 
179 20 0.015625 
179 162 0.5 
179 183 0.5 
180 157 0.015625 
181 96 0.125 
181 136 0.015625 
182 34 0.015625 
182 122 0.125 
182 38 0.015625 
182 94 0.125 
182 203 0.015625 
182 492 0.015625 
183 179 0.125 
183 20 0.015625 
183 162 0.5 
183 186 0.5 
184 93 0.125 
185 135 0.015625 
186 20 0.125 
186 183 0.125 
186 162 0.5 
187 81 0.125 
188 88 0.125 
189 71 0.5 
189 78 0.125 
189 196 0.015625 
190 161 0.5 
190 137 0.5 
190 93 0.015625 
190 65 0.125 
190 75 0.015625 
191 41 0.125 
191 126 0.015625 
191 68 0.125 
191 114 0.5 
191 211 0.125 
192 150 0.015625 
193 44 0.5 
194 185 0.5 
194 135 0.125 
195 59 0.015625 
195 178 0.5 
195 79 0.015625 
195 112 0.125 
196 78 0.5 
196 189 0.5 
196 71 0.015625 
197 95 0.015625 
197 56 0.5 
198 49 0.125 
198 54 0.015625 
199 178 0.5 
200 14 0.5 
200 17 0.125 
201 59 0.5 
201 112 0.015625 
201 217 0.5 
202 76 0.015625 
202 155 0.125 
203 157 0.015625 
203 21 0.015625 
203 182 0.015625 
204 95 0.125 
204 87 0.125 
205 45 0.5 
205 63 0.5 
206 44 0.015625 
206 108 0.5 
207 58 0.5 
207 55 0.5 
208 131 0.015625 
209 71 0.5 
209 78 0.5 
210 96 0.125 
211 191 0.5 
212 86 0.5 
212 159 0.015625 
212 481 0.125 
213 157 0.125 
213 180 0.015625 
214 48 0.5 
214 37 0.015625 
215 81 0.5 
216 129 0.125 
216 46 0.5 
216 84 0.5 
217 59 0.015625 
217 112 0.015625 
217 201 0.5 
218 13 0.015625 
219 135 0.125 
220 122 0.5 
220 38 0.015625 
220 34 0.125 
220 76 0.015625 
221 36 0.125 
222 109 0.5 
222 29 0.5 
222 26 0.125 
223 26 0.015625 
223 47 0.5 
223 58 0.5 
223 93 0.015625 
223 146 0.015625 
223 224 0.015625 
223 225 0.5 
224 223 0.5 
224 231 0.125 
224 233 0.125 
224 237 0.5 
225 223 0.5 
225 227 0.5 
225 228 0.015625 
225 230 0.015625 
225 232 0.015625 
226 225 0.5 
226 232 0.015625 
226 236 0.015625 
227 225 0.5 
227 229 0.015625 
228 225 0.5 
229 227 0.125 
229 235 0.5 
230 225 0.125 
230 228 0.5 
231 224 0.125 
231 234 0.5 
232 225 0.015625 
232 226 0.125 
233 224 0.125 
234 231 0.5 
235 229 0.125 
236 226 0.5 
237 224 0.125 
238 29 0.125 
238 194 0.125 
238 70 0.125 
238 103 0.5 
238 33 0.5 
238 239 0.125 
238 240 0.5 
238 242 0.125 
238 247 0.015625 
238 254 0.125 
238 261 0.015625 
239 238 0.015625 
239 241 0.125 
239 244 0.015625 
239 246 0.125 
239 251 0.5 
240 238 0.125 
240 247 0.015625 
240 248 0.015625 
240 255 0.5 
241 239 0.125 
241 245 0.125 
242 238 0.015625 
242 243 0.125 
242 250 0.015625 
243 242 0.125 
244 239 0.015625 
244 249 0.125 
245 241 0.015625 
246 239 0.125 
247 240 0.125 
247 238 0.015625 
248 240 0.125 
248 238 0.015625 
249 244 0.015625 
249 252 0.5 
250 242 0.015625 
251 239 0.015625 
251 243 0.015625 
252 249 0.125 
252 253 0.5 
253 252 0.015625 
254 238 0.5 
255 240 0.125 
256 49 0.015625 
256 5 0.125 
256 157 0.5 
256 100 0.5 
256 117 0.125 
256 257 0.5 
256 258 0.125 
257 256 0.5 
257 260 0.5 
258 256 0.125 
258 259 0.5 
258 260 0.5 
259 258 0.5 
260 258 0.5 
260 257 0.125 
261 109 0.015625 
261 37 0.125 
261 231 0.125 
261 238 0.015625 
261 46 0.125 
261 262 0.125 
262 261 0.125 
263 46 0.015625 
263 40 0.125 
263 48 0.5 
263 225 0.5 
263 147 0.125 
263 266 0.5 
263 267 0.5 
263 268 0.015625 
263 275 0.5 
263 276 0.125 
263 281 0.5 
263 287 0.5 
263 289 0.015625 
263 294 0.5 
263 307 0.125 
263 350 0.125 
263 372 0.015625 
264 263 0.5 
264 265 0.5 
264 280 0.5 
264 290 0.015625 
264 291 0.125 
264 304 0.125 
264 306 0.5 
264 315 0.015625 
264 316 0.125 
264 321 0.015625 
264 410 0.125 
265 264 0.5 
265 290 0.125 
265 344 0.125 
265 388 0.015625 
266 263 0.5 
266 271 0.015625 
266 285 0.5 
266 286 0.5 
266 332 0.125 
266 342 0.125 
266 367 0.125 
266 423 0.125 
266 425 0.015625 
267 263 0.015625 
267 270 0.125 
267 272 0.125 
267 443 0.125 
268 265 0.125 
268 263 0.125 
268 269 0.015625 
268 272 0.5 
268 274 0.125 
268 288 0.015625 
268 334 0.125 
268 365 0.015625 
268 428 0.125 
269 268 0.5 
269 270 0.125 
269 286 0.5 
269 379 0.5 
269 448 0.5 
269 460 0.125 
270 269 0.5 
270 267 0.015625 
270 295 0.015625 
271 266 0.015625 
271 278 0.015625 
271 286 0.015625 
271 326 0.015625 
271 332 0.125 
271 367 0.015625 
271 423 0.5 
271 425 0.5 
272 267 0.015625 
272 268 0.125 
272 273 0.015625 
272 297 0.5 
272 340 0.5 
272 353 0.125 
272 464 0.015625 
273 272 0.015625 
273 274 0.125 
273 297 0.125 
273 309 0.5 
273 335 0.5 
273 433 0.125 
274 273 0.5 
274 268 0.015625 
274 284 0.125 
274 334 0.5 
274 403 0.015625 
275 263 0.5 
275 265 0.5 
275 277 0.015625 
275 299 0.125 
275 356 0.015625 
275 380 0.015625 
275 406 0.125 
276 263 0.125 
276 285 0.125 
276 294 0.5 
276 347 0.5 
276 387 0.125 
277 275 0.015625 
277 270 0.5 
277 301 0.5 
277 313 0.015625 
277 358 0.5 
277 395 0.015625 
278 271 0.125 
278 266 0.015625 
278 286 0.125 
278 289 0.125 
278 332 0.5 
278 461 0.015625 
279 273 0.5 
279 272 0.015625 
279 282 0.015625 
279 283 0.125 
279 361 0.015625 
279 362 0.015625 
279 420 0.015625 
280 264 0.5 
280 316 0.015625 
280 396 0.125 
280 417 0.5 
280 444 0.015625 
281 263 0.015625 
281 354 0.125 
282 279 0.125 
282 284 0.5 
282 292 0.5 
282 310 0.125 
282 360 0.125 
283 279 0.125 
283 311 0.5 
283 335 0.5 
283 430 0.125 
284 267 0.015625 
284 274 0.5 
284 282 0.125 
284 302 0.125 
284 319 0.5 
284 481 0.015625 
285 271 0.015625 
285 276 0.015625 
285 266 0.015625 
285 387 0.5 
285 421 0.5 
285 440 0.125 
285 444 0.015625 
286 266 0.015625 
286 269 0.125 
286 271 0.015625 
286 278 0.125 
287 263 0.5 
287 305 0.015625 
287 318 0.015625 
287 337 0.5 
287 377 0.015625 
287 380 0.125 
288 268 0.015625 
288 273 0.125 
288 327 0.015625 
288 359 0.5 
288 371 0.015625 
288 386 0.015625 
288 389 0.5 
288 431 0.125 
288 436 0.125 
289 263 0.015625 
289 278 0.125 
289 293 0.015625 
289 299 0.125 
289 345 0.015625 
289 380 0.015625 
289 397 0.5 
289 424 0.015625 
290 265 0.5 
290 264 0.015625 
290 365 0.5 
290 459 0.5 
291 264 0.125 
291 378 0.015625 
291 429 0.015625 
292 282 0.125 
292 328 0.5 
292 329 0.5 
292 404 0.125 
293 289 0.015625 
293 323 0.5 
293 394 0.5 
293 442 0.125 
294 276 0.5 
294 263 0.5 
294 290 0.5 
294 265 0.015625 
294 300 0.5 
294 325 0.015625 
294 375 0.5 
294 406 0.5 
295 270 0.5 
296 265 0.125 
296 288 0.125 
296 269 0.5 
296 338 0.125 
296 384 0.125 
297 273 0.015625 
297 272 0.015625 
297 335 0.5 
298 267 0.015625 
299 275 0.015625 
299 289 0.125 
299 307 0.5 
299 346 0.5 
299 382 0.015625 
300 294 0.5 
300 355 0.015625 
301 277 0.5 
301 308 0.5 
301 311 0.125 
302 284 0.125 
302 303 0.125 
302 333 0.5 
303 302 0.5 
303 312 0.125 
304 265 0.125 
304 264 0.015625 
305 287 0.015625 
305 318 0.015625 
305 337 0.125 
306 264 0.125 
306 321 0.015625 
306 324 0.015625 
306 336 0.5 
306 402 0.5 
306 417 0.015625 
307 263 0.125 
307 299 0.125 
307 350 0.015625 
307 351 0.015625 
307 401 0.015625 
307 450 0.5 
308 301 0.015625 
308 413 0.015625 
309 273 0.125 
309 297 0.5 
309 335 0.125 
309 433 0.125 
310 282 0.015625 
310 314 0.125 
311 283 0.5 
311 301 0.125 
312 303 0.5 
312 314 0.5 
312 381 0.5 
313 277 0.125 
313 358 0.125 
314 282 0.125 
314 310 0.5 
314 312 0.5 
314 330 0.015625 
314 432 0.5 
315 264 0.015625 
316 280 0.5 
316 264 0.125 
316 317 0.015625 
316 321 0.125 
316 322 0.015625 
317 316 0.5 
317 352 0.5 
318 287 0.125 
318 305 0.015625 
318 343 0.5 
319 284 0.5 
319 320 0.015625 
319 326 0.015625 
319 349 0.5 
319 370 0.125 
319 446 0.5 
319 481 0.5 
320 319 0.125 
320 326 0.5 
320 370 0.125 
320 446 0.015625 
321 306 0.015625 
321 264 0.125 
321 316 0.015625 
321 322 0.5 
321 339 0.125 
322 316 0.015625 
322 318 0.015625 
322 321 0.5 
322 366 0.015625 
323 293 0.5 
323 394 0.125 
323 442 0.125 
323 452 0.015625 
324 304 0.125 
324 306 0.5 
324 364 0.015625 
325 267 0.015625 
325 294 0.5 
326 271 0.015625 
326 266 0.015625 
326 319 0.015625 
326 320 0.125 
326 398 0.015625 
327 288 0.015625 
328 292 0.5 
328 329 0.015625 
328 404 0.5 
329 328 0.125 
329 292 0.125 
329 348 0.125 
329 362 0.015625 
329 369 0.125 
329 404 0.015625 
330 314 0.125 
330 311 0.5 
330 451 0.5 
331 291 0.125 
331 318 0.5 
331 393 0.125 
331 458 0.125 
332 271 0.015625 
332 266 0.125 
332 278 0.015625 
332 342 0.5 
333 302 0.125 
333 399 0.125 
334 274 0.015625 
334 268 0.015625 
334 341 0.5 
334 392 0.015625 
334 422 0.015625 
335 309 0.5 
335 273 0.5 
335 297 0.125 
335 283 0.5 
335 376 0.5 
335 427 0.5 
336 324 0.015625 
336 306 0.125 
336 363 0.125 
336 438 0.5 
337 287 0.125 
337 305 0.125 
338 296 0.5 
338 384 0.5 
339 321 0.125 
340 273 0.015625 
340 297 0.015625 
340 272 0.5 
340 353 0.125 
340 456 0.125 
341 334 0.015625 
341 392 0.5 
342 266 0.5 
342 332 0.125 
342 263 0.5 
342 412 0.015625 
342 415 0.5 
342 418 0.5 
342 454 0.125 
343 318 0.125 
343 357 0.125 
344 265 0.5 
344 388 0.125 
345 289 0.125 
345 397 0.015625 
346 299 0.015625 
346 293 0.015625 
346 307 0.5 
346 408 0.5 
347 276 0.5 
347 447 0.5 
348 329 0.5 
348 292 0.125 
348 351 0.125 
348 362 0.5 
348 400 0.5 
349 319 0.015625 
349 405 0.125 
350 263 0.015625 
350 293 0.125 
350 307 0.015625 
350 385 0.5 
350 418 0.125 
350 435 0.015625 
350 453 0.125 
351 307 0.125 
351 348 0.125 
352 317 0.015625 
353 272 0.125 
353 296 0.015625 
353 340 0.015625 
353 273 0.015625 
353 368 0.5 
353 379 0.5 
353 391 0.125 
353 456 0.5 
354 281 0.015625 
355 300 0.015625 
355 325 0.5 
355 346 0.015625 
355 277 0.125 
355 419 0.5 
356 275 0.015625 
357 318 0.5 
357 343 0.015625 
358 313 0.5 
358 277 0.5 
358 373 0.5 
358 447 0.125 
359 288 0.125 
359 371 0.015625 
359 389 0.125 
359 431 0.5 
359 436 0.125 
360 282 0.5 
360 310 0.5 
360 409 0.125 
361 279 0.5 
362 329 0.5 
362 279 0.5 
362 330 0.015625 
362 348 0.5 
363 336 0.015625 
364 324 0.125 
364 336 0.015625 
365 290 0.015625 
365 268 0.125 
365 414 0.125 
365 439 0.015625 
366 322 0.5 
366 393 0.5 
367 266 0.125 
367 271 0.5 
367 332 0.015625 
368 353 0.5 
368 391 0.5 
368 456 0.125 
369 329 0.5 
369 292 0.125 
370 319 0.125 
370 320 0.125 
370 446 0.125 
371 359 0.125 
371 288 0.5 
371 389 0.015625 
372 263 0.015625 
372 411 0.015625 
373 276 0.5 
373 358 0.5 
373 374 0.125 
373 406 0.5 
373 407 0.125 
374 373 0.015625 
375 294 0.015625 
376 335 0.5 
377 287 0.5 
377 342 0.125 
377 383 0.5 
377 457 0.125 
378 291 0.125 
379 269 0.015625 
379 353 0.015625 
379 268 0.015625 
379 437 0.015625 
379 441 0.015625 
380 289 0.015625 
380 275 0.125 
380 287 0.015625 
381 312 0.5 
381 419 0.5 
382 299 0.5 
383 377 0.015625 
383 457 0.015625 
384 296 0.125 
384 338 0.125 
384 455 0.5 
385 350 0.125 
385 349 0.5 
385 351 0.5 
385 390 0.125 
386 288 0.5 
386 445 0.5 
387 276 0.125 
387 285 0.015625 
387 422 0.015625 
387 426 0.015625 
388 344 0.5 
388 265 0.125 
388 296 0.015625 
389 359 0.015625 
389 386 0.5 
389 288 0.125 
389 371 0.5 
390 385 0.5 
391 353 0.125 
391 368 0.015625 
392 334 0.015625 
392 341 0.5 
393 366 0.5 
393 331 0.015625 
393 318 0.015625 
394 293 0.5 
394 323 0.125 
395 277 0.5 
395 373 0.125 
395 413 0.5 
396 280 0.015625 
397 289 0.015625 
397 345 0.5 
397 424 0.5 
398 326 0.015625 
399 333 0.015625 
399 302 0.015625 
400 348 0.015625 
401 307 0.015625 
402 306 0.125 
403 274 0.125 
404 329 0.5 
404 292 0.125 
404 328 0.015625 
405 349 0.5 
406 373 0.015625 
406 294 0.5 
406 275 0.5 
407 373 0.125 
408 346 0.5 
409 310 0.5 
409 282 0.5 
409 360 0.5 
410 264 0.5 
410 365 0.5 
410 416 0.125 
411 372 0.5 
411 263 0.125 
412 342 0.125 
412 454 0.5 
413 311 0.015625 
413 308 0.5 
413 395 0.125 
413 392 0.5 
414 365 0.125 
414 439 0.125 
415 342 0.125 
416 304 0.5 
416 410 0.125 
417 280 0.015625 
417 374 0.015625 
417 331 0.125 
417 321 0.125 
417 306 0.015625 
418 349 0.015625 
418 342 0.125 
418 350 0.125 
418 449 0.015625 
419 381 0.125 
419 355 0.5 
420 279 0.125 
421 266 0.5 
421 285 0.5 
421 334 0.125 
422 421 0.015625 
422 387 0.5 
422 334 0.5 
423 367 0.5 
423 266 0.125 
423 377 0.5 
423 271 0.015625 
423 434 0.015625 
424 397 0.5 
424 289 0.015625 
424 461 0.125 
425 271 0.015625 
425 266 0.015625 
425 332 0.125 
426 387 0.015625 
427 335 0.125 
428 268 0.125 
429 291 0.125 
430 283 0.125 
431 288 0.125 
431 359 0.5 
432 314 0.015625 
433 273 0.5 
433 272 0.015625 
433 309 0.5 
434 423 0.015625 
435 350 0.015625 
435 453 0.015625 
436 288 0.015625 
436 359 0.125 
436 386 0.125 
436 389 0.125 
436 371 0.015625 
437 379 0.5 
437 441 0.125 
438 336 0.125 
439 414 0.015625 
439 365 0.015625 
440 285 0.5 
441 379 0.5 
441 437 0.125 
442 293 0.5 
442 323 0.5 
442 394 0.5 
442 452 0.5 
443 267 0.5 
443 298 0.015625 
443 419 0.015625 
444 285 0.015625 
444 280 0.125 
445 288 0.015625 
445 386 0.125 
445 389 0.015625 
446 319 0.015625 
446 320 0.015625 
446 370 0.5 
447 285 0.125 
447 347 0.5 
447 440 0.015625 
447 358 0.015625 
448 269 0.5 
448 460 0.5 
449 418 0.5 
450 307 0.5 
451 330 0.015625 
452 442 0.5 
452 323 0.125 
452 394 0.015625 
452 293 0.015625 
453 350 0.125 
453 435 0.125 
454 342 0.125 
454 412 0.015625 
455 388 0.125 
455 270 0.125 
455 296 0.125 
455 327 0.125 
455 384 0.125 
456 353 0.015625 
456 368 0.125 
456 340 0.015625 
457 377 0.5 
457 383 0.125 
458 331 0.125 
459 290 0.015625 
459 479 0.5 
460 269 0.125 
460 448 0.125 
461 421 0.5 
461 278 0.015625 
461 15 0.5 
461 71 0.125 
461 424 0.5 
461 462 0.015625 
461 463 0.015625 
462 461 0.125 
462 463 0.5 
463 461 0.5 
463 462 0.125 
464 34 0.015625 
464 96 0.015625 
464 338 0.125 
464 167 0.5 
464 272 0.5 
464 466 0.125 
464 467 0.125 
464 468 0.125 
464 469 0.015625 
464 470 0.125 
464 476 0.015625 
465 464 0.125 
466 464 0.015625 
466 471 0.125 
466 475 0.015625 
467 464 0.125 
467 473 0.015625 
468 464 0.5 
468 469 0.125 
468 477 0.125 
469 468 0.125 
469 464 0.015625 
469 472 0.125 
469 474 0.015625 
470 464 0.015625 
470 476 0.125 
471 465 0.125 
471 466 0.5 
471 475 0.015625 
472 469 0.125 
472 478 0.125 
473 467 0.015625 
474 469 0.015625 
475 466 0.5 
475 471 0.5 
475 464 0.125 
476 464 0.015625 
476 470 0.125 
477 468 0.5 
478 472 0.125 
478 476 0.125 
479 305 0.5 
479 230 0.5 
479 459 0.015625 
479 22 0.125 
479 439 0.5 
479 480 0.125 
480 479 0.015625 
481 319 0.5 
481 212 0.125 
481 112 0.5 
481 284 0.5 
481 482 0.125 
481 489 0.015625 
482 481 0.125 
482 483 0.5 
482 484 0.015625 
482 485 0.015625 
482 490 0.125 
483 482 0.125 
483 488 0.5 
484 482 0.125 
484 490 0.125 
485 482 0.125 
485 486 0.5 
486 485 0.125 
486 482 0.015625 
487 483 0.125 
488 485 0.5 
488 483 0.125 
489 481 0.015625 
490 482 0.5 
490 484 0.015625 
490 491 0.125 
491 490 0.015625 
492 41 0.5 
492 182 0.125 
492 76 0.5 
492 68 0.5 
492 493 0.5 
492 498 0.125 
493 492 0.5 
493 494 0.015625 
493 497 0.015625 
494 493 0.5 
494 492 0.125 
494 496 0.5 
494 498 0.125 
495 493 0.125 
496 494 0.015625 
497 495 0.5 
497 493 0.5 
497 494 0.125 
497 499 0.125 
498 492 0.5 
498 494 0.125 
498 496 0.015625 
499 497 0.125 
