500
0 1 0.125 
0 5 0.5 
1 0 0.25 
1 2 0.125 
1 5 0.25 
2 1 0.5 
2 4 0.25 
3 2 0.25 
3 12 0.5 
4 2 0.125 
4 12 0.25 
5 0 0.125 
5 1 0.125 
5 6 0.25 
5 8 0.25 
5 9 0.125 
5 10 0.5 
5 11 0.125 
6 5 0.5 
6 7 0.25 
6 12 0.5 
7 6 0.125 
8 5 0.5 
9 5 0.5 
10 5 0.25 
10 11 0.5 
11 5 0.5 
11 10 0.25 
12 6 0.5 
12 3 0.125 
12 4 0.125 
12 13 0.5 
12 16 0.5 
12 19 0.5 
12 23 0.125 
12 35 0.25 
12 60 0.5 
12 78 0.125 
12 87 0.5 
12 211 0.25 
13 12 0.5 
13 14 0.125 
13 15 0.5 
13 18 0.25 
13 21 0.5 
13 27 0.125 
13 47 0.25 
13 76 0.125 
13 101 0.5 
14 13 0.25 
14 17 0.5 
14 18 0.125 
14 26 0.25 
14 32 0.25 
14 36 0.5 
14 41 0.25 
14 45 0.25 
14 49 0.5 
14 72 0.5 
14 75 0.125 
14 169 0.25 
14 492 0.125 
15 13 0.25 
15 22 0.5 
15 44 0.25 
15 76 0.25 
15 101 0.125 
16 12 0.125 
17 14 0.125 
17 70 0.25 
17 80 0.25 
17 138 0.125 
17 142 0.25 
17 160 0.125 
18 14 0.5 
18 13 0.125 
18 24 0.125 
18 28 0.125 
18 37 0.25 
18 50 0.5 
18 57 0.5 
18 61 0.5 
18 62 0.5 
18 68 0.5 
18 135 0.125 
19 12 0.125 
19 20 0.125 
19 136 0.5 
20 19 0.125 
20 98 0.125 
20 106 0.25 
20 118 0.25 
20 263 0.125 
21 13 0.25 
21 30 0.125 
21 39 0.25 
21 46 0.25 
21 47 0.5 
22 15 0.25 
22 101 0.125 
23 12 0.5 
23 33 0.125 
23 51 0.125 
23 71 0.5 
23 77 0.125 
23 87 0.125 
23 124 0.125 
24 18 0.5 
24 29 0.125 
24 34 0.5 
24 86 0.5 
24 133 0.25 
24 147 0.25 
25 17 0.5 
25 26 0.5 
25 31 0.5 
25 40 0.25 
25 150 0.5 
25 203 0.25 
26 25 0.125 
26 14 0.125 
26 42 0.25 
26 84 0.5 
26 145 0.125 
26 171 0.5 
26 191 0.5 
26 207 0.5 
26 223 0.125 
27 13 0.5 
27 52 0.5 
27 104 0.5 
27 136 0.25 
27 166 0.25 
28 18 0.125 
28 89 0.25 
28 107 0.25 
28 130 0.125 
28 204 0.125 
29 24 0.5 
29 149 0.125 
30 21 0.125 
30 17 0.5 
30 18 0.25 
30 38 0.5 
30 48 0.125 
30 62 0.5 
30 66 0.5 
30 67 0.25 
30 79 0.5 
30 128 0.25 
30 152 0.5 
30 173 0.25 
30 188 0.125 
31 25 0.125 
31 40 0.5 
31 221 0.25 
32 14 0.125 
32 37 0.125 
32 43 0.125 
32 54 0.25 
32 81 0.125 
32 94 0.25 
32 97 0.5 
32 125 0.25 
33 23 0.5 
33 60 0.5 
33 77 0.25 
34 29 0.125 
34 24 0.5 
34 38 0.25 
34 119 0.25 
35 12 0.25 
35 16 0.25 
35 58 0.125 
35 112 0.5 
35 163 0.125 
35 184 0.125 
36 14 0.5 
36 43 0.125 
36 52 0.5 
36 91 0.5 
36 103 0.125 
36 127 0.25 
37 32 0.25 
37 18 0.125 
37 54 0.25 
37 68 0.125 
37 93 0.25 
37 100 0.125 
37 114 0.5 
37 189 0.5 
38 34 0.5 
38 30 0.5 
39 21 0.5 
39 48 0.125 
39 61 0.5 
39 73 0.25 
40 25 0.25 
40 31 0.5 
40 131 0.25 
40 150 0.125 
40 203 0.125 
40 221 0.125 
41 14 0.25 
42 26 0.5 
42 44 0.25 
42 84 0.5 
42 145 0.25 
42 171 0.25 
42 207 0.25 
43 36 0.25 
43 32 0.25 
43 129 0.25 
44 42 0.125 
44 15 0.5 
44 22 0.125 
44 62 0.25 
44 63 0.125 
45 14 0.25 
45 49 0.5 
45 89 0.5 
45 169 0.125 
46 21 0.25 
46 110 0.125 
46 222 0.25 
47 21 0.125 
47 13 0.125 
47 156 0.5 
48 30 0.5 
48 39 0.5 
48 21 0.25 
48 37 0.5 
48 170 0.5 
48 209 0.5 
49 14 0.5 
49 45 0.25 
49 41 0.5 
49 171 0.5 
50 18 0.5 
50 34 0.25 
50 108 0.25 
51 23 0.25 
51 113 0.5 
51 124 0.25 
52 27 0.25 
52 14 0.125 
52 36 0.25 
52 53 0.5 
52 55 0.5 
52 59 0.25 
52 83 0.5 
52 199 0.5 
53 52 0.5 
53 122 0.25 
53 158 0.125 
54 37 0.125 
54 32 0.5 
54 69 0.125 
54 74 0.5 
54 85 0.25 
54 109 0.25 
54 140 0.25 
54 220 0.5 
55 52 0.125 
55 157 0.125 
56 13 0.25 
56 21 0.5 
57 32 0.25 
57 18 0.5 
57 93 0.125 
57 196 0.25 
58 35 0.5 
58 112 0.5 
59 52 0.125 
59 65 0.5 
59 111 0.5 
59 139 0.125 
60 12 0.5 
60 51 0.5 
60 33 0.125 
60 112 0.125 
61 18 0.5 
61 39 0.5 
61 57 0.5 
61 73 0.5 
61 95 0.125 
61 167 0.125 
61 192 0.5 
61 195 0.125 
62 18 0.25 
62 44 0.25 
62 30 0.125 
62 82 0.25 
62 116 0.125 
62 178 0.25 
62 479 0.125 
63 44 0.25 
63 64 0.125 
64 63 0.125 
64 88 0.25 
65 59 0.125 
65 111 0.25 
65 182 0.25 
66 30 0.25 
66 67 0.125 
66 128 0.25 
66 152 0.25 
66 173 0.5 
67 30 0.125 
67 64 0.125 
67 66 0.5 
68 18 0.5 
68 37 0.5 
68 120 0.5 
68 137 0.125 
69 54 0.5 
69 74 0.25 
69 109 0.125 
69 193 0.25 
69 220 0.5 
70 17 0.5 
70 117 0.5 
70 142 0.5 
70 160 0.125 
71 33 0.5 
71 23 0.125 
71 51 0.125 
71 161 0.125 
72 14 0.5 
72 49 0.25 
72 171 0.25 
73 39 0.125 
73 61 0.5 
73 167 0.5 
73 206 0.125 
74 69 0.5 
74 54 0.5 
74 140 0.5 
74 220 0.5 
75 25 0.5 
75 14 0.5 
75 40 0.25 
75 190 0.5 
75 201 0.125 
76 13 0.5 
76 15 0.25 
76 156 0.125 
77 33 0.125 
77 23 0.5 
78 12 0.125 
78 16 0.25 
78 121 0.5 
79 13 0.5 
79 30 0.25 
79 66 0.125 
79 90 0.125 
80 17 0.125 
80 138 0.125 
80 218 0.5 
81 32 0.125 
81 125 0.5 
82 62 0.25 
83 52 0.5 
84 42 0.25 
84 26 0.125 
84 145 0.5 
85 74 0.125 
85 54 0.5 
85 129 0.5 
86 24 0.5 
86 102 0.125 
87 23 0.5 
87 12 0.125 
87 51 0.125 
87 98 0.25 
87 118 0.125 
87 132 0.25 
87 175 0.5 
88 64 0.25 
88 63 0.25 
88 146 0.5 
88 179 0.25 
88 198 0.25 
89 14 0.5 
89 28 0.125 
89 45 0.125 
89 93 0.125 
89 126 0.5 
89 183 0.25 
89 197 0.125 
89 216 0.125 
90 79 0.25 
91 36 0.125 
92 62 0.25 
92 64 0.5 
92 44 0.25 
93 57 0.25 
93 37 0.25 
93 17 0.125 
93 89 0.25 
94 32 0.5 
95 61 0.5 
95 15 0.25 
95 187 0.25 
96 55 0.125 
96 53 0.125 
96 144 0.5 
96 151 0.125 
97 32 0.5 
98 87 0.5 
98 20 0.125 
99 49 0.5 
99 72 0.125 
99 41 0.125 
99 45 0.125 
100 37 0.125 
100 114 0.25 
101 13 0.125 
101 15 0.5 
101 22 0.125 
101 154 0.5 
101 155 0.5 
102 86 0.5 
102 115 0.25 
102 133 0.125 
103 36 0.25 
103 127 0.5 
104 27 0.125 
104 76 0.125 
105 47 0.5 
105 156 0.125 
106 53 0.125 
106 20 0.25 
106 19 0.25 
106 158 0.5 
106 174 0.25 
106 185 0.125 
107 28 0.5 
108 50 0.5 
108 172 0.125 
109 74 0.5 
109 69 0.25 
109 54 0.5 
109 85 0.125 
109 129 0.125 
110 46 0.5 
110 180 0.25 
111 59 0.5 
111 65 0.125 
111 139 0.125 
111 256 0.25 
112 60 0.125 
112 12 0.25 
112 58 0.125 
112 35 0.25 
112 113 0.125 
113 51 0.5 
113 112 0.125 
113 23 0.125 
113 131 0.5 
114 37 0.5 
114 100 0.125 
114 189 0.125 
115 102 0.125 
115 130 0.25 
116 62 0.5 
116 119 0.125 
117 17 0.125 
117 36 0.25 
117 70 0.25 
117 184 0.125 
118 87 0.125 
118 20 0.125 
118 141 0.5 
118 159 0.25 
118 163 0.125 
118 202 0.125 
119 116 0.5 
119 34 0.5 
119 479 0.25 
120 68 0.25 
121 98 0.125 
121 78 0.5 
121 118 0.25 
122 53 0.25 
122 158 0.5 
123 88 0.25 
123 146 0.25 
123 179 0.25 
124 23 0.125 
124 51 0.25 
124 219 0.125 
125 32 0.125 
125 81 0.5 
125 129 0.5 
126 89 0.25 
126 216 0.25 
127 36 0.125 
127 103 0.25 
128 30 0.125 
128 66 0.25 
129 85 0.125 
129 43 0.5 
129 109 0.25 
129 125 0.125 
129 163 0.5 
129 164 0.125 
129 194 0.5 
129 205 0.5 
129 256 0.5 
130 115 0.125 
130 28 0.25 
130 145 0.5 
130 162 0.25 
130 186 0.25 
131 40 0.125 
131 113 0.5 
131 25 0.125 
131 91 0.5 
131 134 0.25 
132 87 0.5 
132 122 0.125 
132 106 0.125 
132 53 0.125 
132 121 0.25 
132 185 0.5 
133 102 0.125 
133 28 0.5 
133 24 0.5 
133 148 0.125 
134 131 0.5 
135 18 0.25 
135 143 0.25 
135 168 0.25 
136 19 0.5 
136 78 0.25 
136 27 0.5 
136 121 0.125 
137 68 0.5 
137 120 0.5 
137 153 0.25 
137 165 0.25 
138 17 0.25 
138 80 0.25 
139 59 0.5 
139 111 0.25 
140 54 0.5 
140 74 0.25 
141 118 0.25 
141 163 0.5 
142 70 0.125 
142 17 0.5 
143 135 0.125 
143 181 0.5 
144 96 0.5 
144 151 0.25 
145 42 0.25 
145 84 0.5 
145 26 0.25 
145 130 0.5 
146 123 0.125 
146 88 0.25 
146 179 0.25 
146 198 0.5 
147 24 0.25 
148 133 0.25 
149 29 0.5 
149 200 0.5 
150 25 0.5 
150 40 0.5 
151 78 0.5 
151 35 0.5 
151 112 0.25 
151 96 0.125 
151 144 0.5 
152 30 0.25 
152 66 0.125 
152 128 0.125 
153 137 0.25 
154 101 0.5 
154 155 0.5 
155 101 0.5 
155 154 0.25 
156 105 0.125 
156 76 0.25 
156 47 0.25 
156 176 0.25 
157 55 0.25 
158 53 0.125 
158 106 0.25 
158 122 0.125 
159 118 0.25 
159 141 0.5 
159 163 0.125 
159 177 0.25 
159 202 0.125 
160 17 0.125 
160 70 0.5 
161 78 0.125 
161 71 0.25 
162 130 0.5 
163 118 0.25 
163 35 0.25 
163 129 0.125 
163 141 0.5 
163 159 0.25 
164 129 0.5 
165 137 0.125 
166 27 0.5 
167 73 0.5 
167 29 0.25 
167 61 0.25 
167 195 0.25 
167 208 0.5 
168 135 0.25 
168 143 0.5 
168 181 0.5 
168 479 0.125 
169 14 0.25 
169 45 0.5 
169 49 0.125 
170 48 0.5 
170 172 0.25 
170 209 0.125 
170 464 0.5 
171 49 0.25 
171 72 0.125 
171 42 0.125 
171 130 0.5 
171 26 0.125 
172 108 0.5 
172 170 0.5 
173 30 0.125 
173 128 0.5 
173 66 0.125 
174 132 0.5 
174 106 0.5 
174 53 0.5 
175 87 0.125 
176 156 0.125 
176 104 0.5 
177 141 0.125 
177 118 0.5 
177 159 0.25 
178 62 0.125 
178 82 0.5 
178 188 0.25 
179 146 0.125 
179 123 0.25 
179 88 0.5 
179 199 0.125 
180 110 0.5 
180 197 0.125 
181 135 0.25 
181 168 0.25 
181 143 0.5 
182 65 0.25 
182 139 0.25 
182 52 0.25 
182 111 0.5 
183 89 0.25 
183 126 0.5 
183 216 0.25 
183 256 0.25 
184 117 0.25 
184 35 0.125 
184 87 0.5 
184 113 0.125 
184 214 0.25 
184 261 0.25 
185 132 0.5 
185 106 0.5 
185 217 0.5 
186 130 0.5 
186 162 0.125 
187 95 0.5 
188 62 0.5 
188 82 0.25 
188 178 0.5 
188 30 0.125 
189 37 0.25 
189 114 0.25 
190 75 0.25 
191 84 0.5 
191 42 0.5 
191 26 0.5 
192 61 0.125 
193 69 0.125 
193 54 0.25 
193 140 0.25 
194 129 0.125 
194 164 0.125 
195 167 0.5 
195 61 0.125 
195 135 0.125 
196 57 0.5 
197 180 0.25 
197 89 0.125 
197 210 0.125 
198 146 0.5 
198 88 0.125 
198 123 0.5 
199 52 0.125 
199 13 0.5 
199 179 0.125 
200 149 0.125 
200 145 0.5 
201 75 0.25 
201 190 0.5 
202 159 0.125 
202 141 0.125 
202 118 0.25 
203 25 0.25 
203 40 0.25 
204 107 0.5 
204 28 0.25 
205 129 0.5 
206 95 0.125 
206 29 0.25 
206 73 0.5 
207 26 0.5 
207 42 0.25 
207 84 0.25 
207 223 0.5 
208 167 0.125 
209 170 0.5 
209 89 0.5 
209 48 0.25 
209 215 0.125 
210 197 0.5 
211 12 0.25 
212 91 0.125 
213 32 0.125 
213 81 0.5 
213 97 0.25 
214 184 0.25 
215 209 0.125 
216 126 0.25 
216 183 0.25 
216 89 0.25 
217 185 0.125 
218 80 0.125 
218 70 0.5 
218 17 0.5 
219 23 0.125 
219 124 0.5 
219 263 0.125 
220 54 0.25 
220 74 0.25 
220 109 0.125 
220 69 0.125 
221 40 0.25 
221 31 0.125 
221 150 0.5 
222 46 0.5 
223 137 0.125 
223 114 0.125 
223 207 0.25 
223 37 0.5 
223 26 0.25 
223 224 0.5 
223 225 0.25 
223 227 0.125 
223 228 0.125 
223 464 0.5 
224 223 0.25 
224 226 0.125 
224 237 0.125 
225 223 0.125 
225 230 0.25 
226 224 0.5 
227 223 0.25 
227 225 0.5 
227 231 0.125 
227 232 0.5 
227 234 0.5 
227 236 0.125 
228 223 0.25 
228 229 0.5 
229 228 0.5 
230 225 0.25 
230 235 0.125 
231 230 0.25 
231 227 0.5 
231 235 0.5 
232 227 0.125 
232 236 0.125 
233 227 0.125 
233 234 0.5 
233 236 0.125 
234 233 0.25 
234 227 0.125 
235 230 0.25 
235 231 0.5 
236 233 0.5 
236 227 0.25 
236 232 0.125 
237 224 0.125 
238 225 0.5 
238 95 0.125 
238 5 0.25 
238 15 0.25 
238 130 0.25 
238 239 0.125 
238 240 0.125 
238 250 0.5 
239 238 0.25 
239 240 0.25 
239 246 0.125 
239 248 0.25 
239 254 0.125 
240 239 0.25 
240 238 0.125 
240 241 0.5 
240 243 0.5 
240 244 0.25 
240 247 0.125 
240 253 0.5 
241 240 0.125 
241 242 0.25 
241 255 0.5 
242 241 0.25 
242 245 0.25 
243 240 0.5 
243 249 0.125 
244 240 0.5 
245 242 0.5 
246 239 0.125 
246 251 0.5 
247 241 0.5 
247 240 0.25 
248 239 0.25 
249 243 0.25 
250 238 0.5 
250 252 0.25 
251 246 0.125 
252 250 0.25 
252 251 0.25 
253 240 0.5 
254 239 0.5 
254 261 0.125 
255 241 0.125 
256 129 0.5 
256 183 0.5 
256 218 0.125 
256 111 0.5 
256 163 0.125 
256 257 0.5 
256 258 0.5 
256 259 0.5 
256 260 0.25 
257 256 0.5 
257 259 0.5 
258 256 0.25 
259 257 0.125 
259 256 0.25 
260 256 0.25 
260 258 0.5 
261 12 0.5 
261 184 0.25 
261 112 0.25 
261 254 0.5 
261 174 0.5 
261 262 0.25 
262 261 0.125 
263 118 0.125 
263 20 0.5 
263 219 0.25 
263 60 0.5 
263 163 0.5 
263 264 0.25 
263 267 0.25 
263 277 0.125 
263 286 0.125 
263 309 0.25 
263 319 0.5 
263 336 0.125 
263 350 0.125 
263 380 0.5 
263 400 0.5 
263 418 0.125 
264 263 0.125 
264 265 0.5 
264 268 0.25 
264 270 0.25 
264 275 0.25 
264 283 0.5 
264 290 0.5 
264 304 0.25 
264 313 0.5 
264 333 0.25 
264 377 0.5 
264 442 0.5 
265 264 0.5 
265 266 0.5 
265 293 0.25 
265 294 0.5 
265 328 0.125 
265 434 0.25 
266 265 0.125 
266 269 0.125 
266 294 0.25 
266 421 0.125 
267 263 0.25 
267 278 0.5 
267 373 0.25 
267 448 0.5 
268 264 0.125 
268 302 0.125 
268 307 0.5 
268 338 0.25 
269 266 0.5 
269 268 0.125 
269 274 0.125 
269 284 0.125 
269 310 0.5 
269 317 0.25 
269 326 0.5 
269 327 0.125 
269 344 0.5 
269 357 0.125 
269 365 0.125 
269 369 0.25 
269 371 0.125 
269 376 0.125 
269 446 0.5 
269 452 0.5 
270 264 0.25 
270 271 0.5 
270 272 0.25 
270 273 0.25 
270 295 0.125 
270 333 0.5 
270 335 0.25 
270 337 0.5 
270 414 0.5 
271 270 0.125 
271 272 0.125 
271 279 0.125 
271 285 0.25 
271 300 0.125 
271 324 0.125 
272 271 0.5 
272 270 0.25 
272 308 0.25 
272 396 0.125 
272 413 0.5 
272 445 0.125 
273 270 0.25 
273 337 0.5 
274 269 0.5 
274 296 0.25 
274 318 0.125 
274 319 0.25 
274 343 0.125 
274 459 0.125 
275 264 0.25 
275 287 0.5 
275 303 0.5 
275 435 0.25 
275 438 0.5 
276 269 0.5 
276 280 0.25 
276 282 0.125 
276 301 0.125 
276 346 0.5 
276 362 0.125 
276 364 0.5 
276 376 0.5 
276 439 0.125 
277 263 0.5 
277 352 0.125 
277 411 0.5 
278 267 0.25 
278 288 0.25 
278 319 0.125 
278 347 0.125 
278 361 0.125 
278 403 0.5 
279 271 0.5 
280 276 0.125 
280 370 0.125 
280 388 0.125 
281 264 0.125 
281 275 0.25 
281 298 0.25 
281 333 0.125 
281 432 0.125 
282 276 0.25 
282 285 0.125 
282 289 0.5 
282 292 0.125 
282 299 0.5 
282 316 0.125 
282 342 0.5 
283 264 0.5 
283 341 0.125 
284 269 0.5 
284 306 0.25 
284 317 0.125 
284 322 0.25 
284 371 0.5 
284 388 0.25 
284 452 0.125 
285 271 0.125 
285 282 0.25 
285 291 0.5 
285 305 0.125 
285 419 0.25 
285 423 0.25 
285 431 0.25 
285 461 0.5 
286 263 0.5 
286 319 0.125 
286 350 0.5 
286 400 0.125 
286 418 0.125 
287 275 0.5 
288 278 0.25 
288 347 0.25 
288 403 0.5 
289 282 0.125 
289 393 0.125 
289 408 0.125 
290 264 0.125 
291 285 0.25 
291 339 0.5 
291 383 0.125 
291 409 0.125 
291 447 0.5 
292 282 0.125 
292 285 0.25 
292 332 0.125 
292 393 0.125 
292 415 0.25 
293 265 0.125 
293 315 0.125 
293 372 0.125 
293 374 0.25 
293 382 0.125 
294 291 0.25 
294 266 0.5 
294 265 0.25 
295 293 0.5 
295 273 0.25 
295 270 0.125 
295 297 0.125 
295 341 0.125 
295 450 0.5 
296 274 0.25 
296 318 0.25 
296 329 0.125 
296 340 0.5 
296 361 0.125 
296 443 0.125 
297 295 0.5 
297 450 0.5 
298 281 0.125 
298 283 0.5 
298 300 0.125 
298 323 0.25 
298 356 0.125 
299 291 0.5 
299 282 0.5 
299 325 0.25 
299 368 0.5 
299 406 0.25 
299 408 0.125 
299 420 0.125 
300 298 0.25 
300 272 0.25 
300 271 0.25 
300 395 0.25 
301 276 0.25 
301 312 0.5 
302 268 0.5 
302 307 0.5 
302 334 0.125 
302 417 0.5 
303 275 0.5 
303 271 0.5 
303 397 0.5 
304 264 0.25 
304 298 0.125 
304 375 0.125 
305 285 0.5 
305 410 0.5 
306 269 0.125 
306 284 0.25 
306 310 0.25 
306 331 0.25 
306 357 0.125 
306 387 0.5 
306 398 0.125 
307 268 0.5 
307 302 0.25 
307 338 0.5 
307 357 0.125 
308 272 0.5 
308 313 0.25 
308 337 0.5 
309 263 0.25 
309 366 0.25 
310 269 0.125 
310 306 0.125 
310 311 0.5 
310 345 0.25 
310 349 0.125 
310 379 0.125 
310 385 0.25 
310 404 0.25 
310 453 0.25 
311 310 0.125 
312 269 0.25 
312 301 0.5 
312 276 0.125 
312 314 0.5 
312 320 0.125 
312 321 0.25 
312 436 0.125 
312 457 0.25 
313 264 0.125 
313 268 0.5 
313 308 0.25 
313 270 0.5 
314 312 0.25 
314 351 0.125 
314 457 0.5 
315 293 0.25 
315 372 0.5 
315 414 0.125 
316 282 0.5 
317 269 0.125 
317 284 0.5 
317 326 0.5 
317 365 0.125 
317 389 0.25 
317 394 0.25 
317 452 0.5 
317 460 0.5 
318 288 0.5 
318 296 0.125 
318 274 0.25 
318 412 0.125 
318 416 0.5 
319 278 0.5 
319 274 0.125 
319 286 0.125 
319 263 0.5 
320 314 0.125 
320 303 0.5 
320 312 0.125 
320 354 0.25 
321 314 0.5 
321 312 0.125 
321 327 0.5 
321 436 0.5 
322 284 0.5 
322 291 0.25 
322 299 0.25 
322 306 0.5 
322 332 0.5 
322 345 0.125 
322 374 0.25 
323 298 0.5 
324 271 0.5 
324 381 0.125 
324 424 0.25 
325 299 0.125 
326 269 0.125 
326 317 0.5 
326 344 0.125 
326 369 0.125 
326 389 0.5 
327 312 0.25 
327 326 0.25 
327 321 0.5 
327 269 0.125 
327 330 0.5 
327 425 0.25 
327 444 0.5 
327 460 0.25 
328 265 0.5 
328 434 0.5 
329 296 0.25 
329 443 0.5 
330 327 0.25 
331 269 0.5 
331 306 0.125 
331 351 0.125 
331 363 0.125 
331 367 0.5 
332 322 0.25 
332 292 0.5 
332 348 0.5 
332 378 0.125 
332 426 0.5 
332 456 0.125 
333 270 0.125 
333 281 0.5 
333 264 0.5 
333 341 0.25 
333 359 0.125 
333 386 0.125 
334 302 0.25 
334 268 0.125 
334 307 0.125 
334 351 0.125 
335 270 0.125 
335 355 0.25 
336 263 0.5 
337 308 0.5 
337 270 0.25 
337 273 0.125 
338 268 0.125 
338 307 0.5 
339 291 0.125 
339 383 0.5 
339 409 0.125 
339 447 0.25 
340 296 0.5 
341 295 0.5 
341 333 0.5 
341 283 0.25 
342 282 0.125 
343 274 0.125 
343 276 0.5 
343 309 0.5 
344 269 0.25 
344 326 0.25 
344 369 0.125 
344 452 0.125 
345 318 0.125 
345 322 0.125 
345 310 0.5 
345 349 0.125 
345 401 0.125 
346 276 0.25 
346 362 0.25 
346 364 0.5 
346 439 0.5 
347 278 0.25 
347 288 0.25 
347 448 0.125 
348 332 0.5 
348 426 0.125 
349 282 0.5 
349 310 0.25 
349 345 0.25 
350 263 0.25 
350 274 0.5 
350 286 0.25 
350 361 0.5 
350 366 0.125 
350 433 0.25 
350 449 0.25 
351 312 0.25 
351 331 0.25 
351 334 0.125 
351 314 0.25 
351 360 0.5 
351 441 0.25 
352 277 0.125 
353 331 0.25 
353 363 0.125 
353 367 0.25 
354 320 0.25 
355 335 0.5 
356 298 0.5 
357 268 0.125 
357 307 0.25 
357 306 0.125 
357 269 0.5 
358 281 0.25 
358 432 0.5 
359 333 0.25 
359 341 0.5 
360 351 0.25 
360 441 0.25 
361 296 0.25 
361 350 0.5 
361 278 0.5 
361 340 0.125 
361 440 0.125 
361 449 0.125 
362 276 0.5 
362 346 0.125 
362 439 0.5 
363 331 0.125 
363 353 0.125 
363 367 0.125 
364 276 0.5 
364 346 0.5 
364 362 0.25 
364 370 0.125 
364 388 0.125 
364 439 0.125 
365 269 0.25 
365 317 0.125 
366 350 0.5 
366 309 0.25 
366 449 0.5 
367 353 0.125 
367 363 0.125 
367 331 0.25 
367 422 0.25 
368 299 0.125 
368 406 0.125 
369 326 0.125 
369 269 0.5 
369 344 0.5 
369 371 0.25 
369 389 0.125 
370 280 0.25 
370 364 0.125 
370 349 0.5 
371 369 0.125 
371 317 0.25 
371 284 0.125 
371 269 0.125 
371 391 0.25 
372 315 0.5 
372 293 0.25 
372 382 0.125 
373 267 0.125 
374 322 0.125 
374 293 0.125 
375 304 0.5 
376 365 0.5 
376 276 0.125 
376 269 0.125 
376 369 0.25 
376 390 0.125 
376 399 0.5 
376 430 0.125 
376 437 0.125 
377 264 0.5 
378 332 0.5 
378 322 0.5 
378 348 0.125 
378 392 0.125 
378 393 0.25 
378 408 0.125 
379 310 0.125 
380 263 0.125 
380 286 0.125 
380 400 0.5 
381 324 0.5 
381 424 0.125 
382 293 0.5 
382 372 0.5 
383 291 0.125 
383 339 0.25 
383 265 0.5 
383 384 0.25 
383 427 0.25 
383 455 0.125 
384 383 0.25 
385 310 0.5 
385 404 0.25 
386 333 0.25 
386 423 0.5 
387 306 0.125 
388 280 0.25 
388 284 0.25 
388 276 0.125 
388 292 0.125 
388 364 0.5 
389 317 0.25 
389 326 0.25 
389 369 0.25 
389 391 0.5 
390 376 0.5 
390 399 0.125 
390 492 0.125 
391 317 0.5 
391 284 0.5 
391 389 0.5 
391 344 0.125 
391 371 0.25 
391 446 0.125 
391 452 0.5 
392 378 0.125 
392 416 0.25 
393 292 0.5 
393 378 0.125 
393 289 0.125 
393 405 0.5 
394 389 0.25 
394 365 0.25 
394 284 0.25 
394 391 0.5 
394 317 0.125 
394 446 0.125 
395 300 0.125 
396 272 0.5 
396 402 0.125 
396 445 0.25 
397 303 0.5 
398 306 0.25 
399 376 0.125 
399 390 0.125 
399 437 0.125 
399 451 0.25 
400 286 0.25 
400 263 0.5 
400 380 0.125 
401 345 0.25 
401 294 0.5 
401 339 0.5 
402 396 0.25 
402 272 0.25 
402 435 0.25 
402 445 0.5 
403 278 0.125 
403 288 0.5 
403 407 0.25 
404 310 0.25 
404 385 0.25 
405 393 0.25 
406 299 0.25 
406 368 0.25 
406 408 0.125 
407 403 0.25 
407 429 0.25 
408 299 0.5 
408 406 0.5 
408 289 0.25 
408 378 0.25 
409 374 0.25 
409 291 0.125 
409 339 0.25 
409 295 0.5 
409 415 0.125 
409 438 0.125 
409 454 0.125 
410 285 0.125 
410 305 0.125 
410 419 0.25 
411 277 0.125 
412 318 0.5 
413 272 0.25 
413 396 0.125 
413 445 0.125 
414 270 0.5 
414 315 0.125 
414 372 0.125 
415 292 0.5 
415 285 0.5 
415 409 0.125 
416 280 0.5 
416 378 0.125 
416 318 0.5 
416 388 0.5 
416 392 0.25 
416 428 0.25 
417 302 0.5 
417 268 0.125 
418 286 0.5 
418 263 0.125 
419 285 0.5 
419 410 0.5 
419 305 0.5 
420 299 0.5 
420 406 0.25 
420 455 0.25 
421 266 0.25 
422 353 0.25 
422 363 0.5 
422 367 0.125 
422 331 0.125 
423 285 0.5 
423 359 0.125 
423 386 0.125 
423 271 0.125 
424 381 0.125 
424 324 0.25 
425 327 0.5 
425 330 0.5 
425 442 0.125 
425 444 0.25 
426 348 0.125 
426 332 0.125 
426 456 0.5 
427 383 0.5 
427 384 0.25 
427 455 0.25 
428 416 0.125 
429 407 0.25 
430 376 0.5 
430 399 0.125 
430 390 0.125 
430 451 0.125 
431 410 0.25 
431 305 0.125 
431 285 0.25 
432 281 0.25 
432 358 0.25 
433 350 0.125 
434 265 0.125 
434 328 0.25 
435 275 0.25 
435 272 0.5 
435 402 0.125 
435 396 0.125 
436 312 0.25 
436 321 0.125 
437 399 0.25 
437 390 0.125 
437 376 0.25 
437 430 0.125 
437 451 0.25 
438 275 0.5 
438 341 0.5 
438 409 0.125 
438 266 0.125 
439 276 0.25 
439 364 0.25 
439 362 0.5 
439 346 0.5 
440 336 0.125 
440 361 0.25 
440 263 0.5 
441 360 0.5 
441 351 0.25 
442 327 0.5 
442 290 0.5 
442 425 0.125 
442 264 0.125 
442 275 0.5 
443 296 0.25 
443 329 0.5 
443 340 0.125 
444 327 0.125 
444 425 0.5 
445 413 0.125 
445 402 0.5 
445 272 0.25 
445 396 0.125 
446 317 0.5 
446 394 0.25 
446 391 0.25 
446 269 0.125 
446 481 0.125 
447 291 0.5 
447 339 0.5 
448 347 0.125 
448 267 0.125 
449 366 0.25 
449 350 0.125 
449 361 0.125 
450 297 0.125 
450 295 0.125 
450 271 0.25 
451 390 0.25 
451 430 0.5 
451 376 0.25 
451 399 0.5 
451 437 0.25 
452 317 0.25 
452 284 0.25 
452 391 0.25 
452 344 0.5 
452 269 0.25 
453 310 0.25 
453 404 0.125 
454 409 0.125 
455 322 0.125 
455 420 0.5 
455 384 0.5 
455 383 0.125 
455 427 0.25 
456 348 0.125 
456 332 0.125 
456 426 0.5 
457 312 0.5 
457 321 0.125 
457 314 0.25 
457 464 0.125 
458 295 0.25 
458 339 0.25 
458 265 0.125 
459 274 0.125 
460 327 0.5 
460 317 0.5 
460 444 0.5 
460 275 0.125 
461 231 0.125 
461 285 0.125 
461 27 0.25 
461 310 0.25 
461 462 0.125 
462 461 0.5 
462 463 0.125 
463 462 0.25 
464 223 0.25 
464 100 0.5 
464 234 0.25 
464 170 0.125 
464 457 0.25 
464 465 0.5 
464 466 0.125 
464 471 0.25 
464 474 0.5 
465 464 0.5 
465 467 0.25 
465 476 0.5 
465 477 0.25 
466 464 0.5 
466 468 0.5 
466 470 0.5 
466 475 0.25 
467 465 0.25 
467 469 0.25 
467 472 0.125 
467 474 0.125 
467 478 0.25 
468 466 0.125 
469 467 0.125 
469 472 0.25 
470 466 0.25 
471 468 0.25 
471 464 0.5 
471 472 0.5 
471 473 0.125 
471 492 0.25 
472 471 0.5 
472 467 0.5 
472 469 0.125 
472 476 0.5 
473 471 0.25 
474 464 0.25 
474 467 0.125 
474 477 0.25 
475 466 0.25 
476 472 0.25 
476 465 0.25 
477 471 0.5 
477 465 0.5 
477 474 0.5 
477 492 0.125 
478 467 0.25 
479 119 0.5 
479 168 0.5 
479 38 0.125 
479 62 0.25 
479 34 0.5 
479 480 0.25 
480 479 0.25 
481 141 0.125 
481 343 0.25 
481 87 0.125 
481 404 0.5 
481 446 0.125 
481 482 0.125 
481 485 0.125 
481 489 0.25 
482 481 0.125 
482 483 0.5 
482 484 0.25 
482 487 0.5 
483 482 0.5 
484 482 0.5 
484 488 0.125 
485 481 0.25 
485 486 0.5 
486 485 0.5 
487 482 0.125 
488 484 0.125 
488 491 0.25 
489 481 0.5 
490 481 0.125 
490 489 0.25 
491 488 0.25 
492 14 0.125 
492 390 0.25 
492 357 0.5 
492 471 0.5 
492 477 0.25 
492 493 0.25 
492 494 0.25 
492 495 0.125 
492 497 0.125 
492 499 0.125 
493 492 0.125 
493 496 0.5 
493 499 0.5 
494 492 0.125 
494 498 0.25 
495 492 0.125 
495 498 0.5 
496 493 0.25 
497 492 0.125 
498 495 0.5 
498 492 0.125 
498 494 0.5 
499 492 0.25 
499 493 0.125 
