500
0 1 0.25 
0 2 0.0625 
0 12 0.25 
0 256 0.25 
1 0 0.25 
1 3 0.015625 
1 4 0.0625 
1 5 0.0625 
1 12 0.015625 
2 0 0.0625 
2 1 0.015625 
2 5 0.015625 
3 1 0.25 
3 12 0.0625 
4 1 0.25 
5 2 0.0625 
5 1 0.25 
5 6 0.015625 
5 10 0.015625 
5 12 0.015625 
6 5 0.25 
6 7 0.25 
6 11 0.015625 
7 6 0.015625 
7 8 0.25 
7 9 0.0625 
7 263 0.015625 
8 7 0.015625 
9 7 0.25 
10 5 0.25 
11 6 0.015625 
11 261 0.0625 
12 5 0.25 
12 3 0.015625 
12 1 0.25 
12 0 0.25 
12 13 0.0625 
12 14 0.015625 
12 15 0.0625 
12 16 0.015625 
12 17 0.25 
12 18 0.25 
12 19 0.015625 
12 20 0.25 
12 21 0.015625 
12 22 0.015625 
12 25 0.015625 
12 27 0.0625 
12 31 0.25 
12 51 0.0625 
12 108 0.25 
12 157 0.25 
12 185 0.0625 
12 256 0.015625 
12 481 0.25 
13 12 0.0625 
13 32 0.0625 
13 84 0.0625 
13 87 0.015625 
13 165 0.015625 
13 263 0.0625 
14 12 0.25 
14 24 0.0625 
14 29 0.25 
14 35 0.25 
14 36 0.015625 
14 55 0.25 
14 162 0.25 
14 175 0.25 
14 196 0.25 
14 197 0.015625 
14 221 0.0625 
15 12 0.0625 
15 176 0.015625 
15 185 0.0625 
16 12 0.015625 
16 126 0.0625 
17 12 0.0625 
17 30 0.0625 
17 31 0.015625 
17 48 0.25 
17 52 0.25 
17 57 0.25 
17 88 0.015625 
18 12 0.015625 
18 31 0.25 
18 64 0.015625 
18 108 0.0625 
18 185 0.25 
19 12 0.25 
19 25 0.015625 
19 26 0.015625 
19 27 0.015625 
19 108 0.015625 
20 12 0.015625 
20 18 0.0625 
20 29 0.015625 
20 33 0.25 
20 34 0.015625 
20 38 0.0625 
20 43 0.0625 
20 44 0.25 
20 53 0.015625 
20 66 0.0625 
20 89 0.0625 
20 173 0.0625 
20 188 0.25 
20 481 0.015625 
20 492 0.015625 
21 15 0.015625 
21 18 0.0625 
21 12 0.25 
21 62 0.0625 
21 85 0.0625 
21 86 0.015625 
21 217 0.0625 
22 12 0.015625 
22 23 0.015625 
22 42 0.0625 
22 45 0.0625 
22 212 0.015625 
23 22 0.25 
23 59 0.015625 
23 172 0.0625 
23 177 0.015625 
23 184 0.25 
23 214 0.25 
24 14 0.25 
24 36 0.25 
24 40 0.015625 
24 57 0.25 
24 72 0.015625 
24 125 0.0625 
24 481 0.25 
25 12 0.0625 
25 19 0.25 
25 18 0.015625 
25 26 0.25 
25 176 0.015625 
26 25 0.015625 
26 21 0.25 
26 19 0.0625 
26 18 0.015625 
26 92 0.015625 
26 106 0.0625 
26 144 0.015625 
27 12 0.25 
27 19 0.25 
27 50 0.25 
27 57 0.25 
27 78 0.015625 
27 125 0.0625 
28 13 0.015625 
28 70 0.015625 
28 79 0.015625 
28 83 0.25 
28 95 0.0625 
28 194 0.25 
29 14 0.25 
29 20 0.015625 
29 32 0.25 
29 37 0.015625 
29 39 0.015625 
29 40 0.015625 
29 54 0.015625 
29 109 0.25 
29 118 0.25 
29 129 0.25 
29 135 0.25 
29 464 0.0625 
30 17 0.015625 
30 14 0.25 
30 46 0.0625 
30 56 0.015625 
30 68 0.015625 
30 146 0.25 
30 159 0.0625 
31 18 0.015625 
31 12 0.25 
31 17 0.25 
31 57 0.25 
31 73 0.25 
31 139 0.015625 
31 171 0.25 
31 198 0.0625 
32 13 0.015625 
32 29 0.25 
33 20 0.25 
33 63 0.015625 
33 107 0.0625 
33 188 0.0625 
34 33 0.0625 
34 20 0.0625 
34 29 0.015625 
34 49 0.25 
34 53 0.015625 
34 143 0.0625 
35 14 0.0625 
35 41 0.0625 
35 71 0.015625 
35 102 0.25 
35 145 0.015625 
35 152 0.25 
35 167 0.0625 
35 261 0.0625 
36 29 0.0625 
36 14 0.0625 
36 24 0.015625 
36 37 0.015625 
36 54 0.0625 
36 76 0.25 
36 82 0.25 
36 91 0.0625 
36 134 0.25 
36 140 0.25 
36 151 0.25 
36 155 0.0625 
36 166 0.0625 
36 223 0.0625 
37 29 0.0625 
37 36 0.015625 
37 117 0.015625 
38 12 0.015625 
38 30 0.25 
38 20 0.0625 
38 31 0.0625 
38 47 0.25 
38 74 0.015625 
38 113 0.25 
38 123 0.0625 
38 199 0.25 
39 29 0.015625 
39 81 0.0625 
39 93 0.015625 
39 118 0.25 
39 156 0.25 
40 29 0.25 
40 24 0.0625 
40 50 0.25 
41 35 0.0625 
41 102 0.015625 
41 167 0.015625 
42 22 0.015625 
43 20 0.015625 
43 33 0.25 
43 44 0.0625 
44 20 0.25 
44 43 0.015625 
44 24 0.25 
44 85 0.0625 
44 90 0.25 
44 153 0.25 
45 22 0.25 
46 30 0.0625 
46 164 0.015625 
47 38 0.0625 
48 17 0.0625 
48 42 0.25 
48 51 0.015625 
49 34 0.015625 
50 40 0.0625 
50 37 0.015625 
50 27 0.015625 
50 24 0.25 
50 58 0.25 
50 80 0.0625 
51 12 0.015625 
51 48 0.25 
51 115 0.015625 
51 158 0.015625 
51 168 0.0625 
51 238 0.0625 
52 17 0.015625 
52 75 0.015625 
53 20 0.015625 
53 34 0.015625 
53 43 0.0625 
53 60 0.25 
53 87 0.25 
54 29 0.0625 
54 37 0.0625 
54 36 0.0625 
54 65 0.25 
54 67 0.015625 
54 97 0.0625 
54 103 0.0625 
54 116 0.015625 
54 160 0.015625 
55 14 0.015625 
56 30 0.25 
56 36 0.015625 
56 112 0.25 
56 141 0.015625 
56 210 0.25 
57 24 0.0625 
57 31 0.015625 
57 17 0.25 
57 27 0.25 
57 61 0.015625 
57 69 0.0625 
57 122 0.25 
57 144 0.25 
57 215 0.0625 
58 50 0.0625 
58 93 0.0625 
58 137 0.0625 
59 23 0.25 
59 96 0.015625 
59 101 0.0625 
59 105 0.015625 
59 110 0.0625 
59 128 0.015625 
60 53 0.25 
60 479 0.0625 
61 57 0.015625 
61 27 0.015625 
61 191 0.015625 
61 222 0.015625 
62 23 0.015625 
62 21 0.015625 
62 148 0.0625 
62 179 0.25 
63 53 0.25 
63 33 0.0625 
63 38 0.015625 
63 70 0.0625 
64 52 0.015625 
64 12 0.25 
64 18 0.25 
64 42 0.25 
64 204 0.0625 
65 54 0.25 
65 97 0.0625 
65 103 0.0625 
66 20 0.0625 
66 33 0.0625 
66 89 0.015625 
66 261 0.0625 
67 51 0.0625 
67 54 0.015625 
67 65 0.25 
67 85 0.0625 
67 98 0.0625 
67 193 0.015625 
67 223 0.015625 
68 30 0.0625 
68 146 0.25 
69 57 0.015625 
69 144 0.0625 
70 63 0.0625 
70 28 0.015625 
70 60 0.25 
70 83 0.015625 
70 114 0.015625 
71 35 0.015625 
71 41 0.0625 
71 102 0.0625 
71 218 0.015625 
72 24 0.015625 
73 31 0.015625 
73 75 0.015625 
73 139 0.25 
73 171 0.015625 
74 38 0.015625 
74 161 0.0625 
74 190 0.0625 
74 199 0.015625 
75 31 0.0625 
75 52 0.015625 
75 73 0.015625 
75 94 0.25 
75 203 0.0625 
76 36 0.015625 
77 28 0.25 
78 27 0.25 
78 58 0.25 
78 50 0.015625 
78 106 0.25 
78 195 0.25 
79 28 0.015625 
80 24 0.0625 
80 58 0.0625 
80 50 0.0625 
80 99 0.25 
80 104 0.25 
80 133 0.25 
81 79 0.0625 
81 39 0.0625 
81 95 0.25 
82 36 0.0625 
82 151 0.015625 
83 70 0.015625 
83 28 0.25 
83 114 0.015625 
84 13 0.015625 
84 120 0.0625 
84 156 0.015625 
85 44 0.015625 
85 21 0.015625 
85 35 0.0625 
85 67 0.0625 
86 71 0.015625 
86 21 0.25 
86 12 0.0625 
86 119 0.0625 
86 138 0.015625 
86 180 0.0625 
87 13 0.0625 
87 53 0.015625 
87 143 0.25 
88 17 0.015625 
89 66 0.25 
89 33 0.25 
89 20 0.015625 
89 107 0.25 
89 173 0.015625 
90 44 0.015625 
90 132 0.0625 
91 36 0.25 
92 26 0.25 
93 58 0.0625 
93 39 0.25 
93 24 0.015625 
93 84 0.25 
93 211 0.25 
94 75 0.25 
95 81 0.0625 
95 28 0.015625 
96 59 0.25 
96 130 0.015625 
96 178 0.015625 
97 54 0.0625 
97 65 0.015625 
97 103 0.25 
97 116 0.015625 
97 160 0.25 
98 67 0.25 
98 127 0.015625 
99 80 0.0625 
99 104 0.015625 
100 19 0.0625 
100 18 0.25 
100 25 0.25 
100 157 0.25 
100 176 0.25 
101 59 0.0625 
101 105 0.015625 
101 110 0.015625 
101 128 0.015625 
102 35 0.015625 
102 41 0.25 
102 71 0.25 
102 201 0.0625 
102 218 0.25 
103 65 0.0625 
103 54 0.25 
103 97 0.015625 
104 99 0.0625 
104 93 0.25 
104 80 0.25 
105 59 0.25 
105 101 0.25 
105 110 0.25 
105 147 0.015625 
105 150 0.0625 
106 78 0.0625 
106 26 0.25 
106 142 0.015625 
107 89 0.015625 
107 33 0.0625 
107 54 0.25 
107 43 0.0625 
107 210 0.015625 
108 12 0.25 
108 19 0.25 
108 18 0.0625 
108 157 0.015625 
109 29 0.0625 
110 105 0.0625 
110 59 0.25 
110 22 0.0625 
110 101 0.015625 
110 111 0.015625 
110 183 0.0625 
110 192 0.0625 
110 202 0.25 
111 110 0.0625 
111 183 0.0625 
111 256 0.0625 
112 56 0.015625 
112 141 0.015625 
112 200 0.0625 
112 210 0.015625 
113 38 0.25 
114 79 0.015625 
114 83 0.0625 
114 70 0.015625 
115 51 0.25 
115 124 0.25 
115 158 0.015625 
115 238 0.0625 
116 65 0.015625 
116 97 0.0625 
116 54 0.25 
116 129 0.015625 
117 37 0.25 
118 39 0.0625 
118 29 0.0625 
118 136 0.015625 
118 149 0.0625 
119 86 0.25 
120 84 0.25 
121 61 0.25 
122 57 0.25 
123 38 0.015625 
124 115 0.0625 
124 96 0.0625 
124 205 0.015625 
125 58 0.0625 
125 40 0.25 
125 27 0.25 
125 24 0.0625 
125 191 0.25 
126 16 0.0625 
127 98 0.0625 
128 59 0.015625 
128 101 0.25 
128 26 0.015625 
128 105 0.0625 
128 169 0.25 
128 170 0.0625 
128 206 0.25 
129 29 0.25 
129 116 0.25 
129 464 0.25 
130 96 0.0625 
130 178 0.0625 
131 30 0.015625 
132 90 0.25 
133 78 0.25 
133 80 0.0625 
133 99 0.015625 
133 186 0.0625 
134 36 0.015625 
134 151 0.0625 
134 166 0.0625 
135 29 0.0625 
135 140 0.25 
136 118 0.0625 
136 149 0.25 
136 263 0.015625 
137 58 0.0625 
137 50 0.015625 
138 86 0.25 
139 31 0.25 
139 73 0.0625 
139 171 0.015625 
139 198 0.015625 
139 200 0.25 
140 118 0.25 
140 135 0.0625 
140 36 0.0625 
140 37 0.25 
140 187 0.25 
141 112 0.25 
141 56 0.015625 
142 106 0.015625 
142 128 0.0625 
142 163 0.0625 
143 34 0.25 
143 87 0.25 
143 154 0.015625 
144 122 0.0625 
144 57 0.25 
144 26 0.25 
144 69 0.015625 
145 102 0.015625 
145 35 0.015625 
145 218 0.015625 
146 30 0.015625 
146 68 0.015625 
146 159 0.0625 
147 101 0.0625 
147 59 0.25 
147 105 0.0625 
148 62 0.015625 
149 118 0.015625 
149 39 0.0625 
149 136 0.0625 
149 208 0.25 
150 59 0.0625 
150 105 0.25 
150 101 0.25 
151 82 0.015625 
151 134 0.015625 
151 36 0.25 
152 35 0.25 
152 41 0.015625 
152 145 0.25 
152 167 0.25 
153 44 0.0625 
154 143 0.0625 
154 84 0.0625 
155 36 0.25 
155 134 0.015625 
156 84 0.25 
156 39 0.015625 
157 18 0.0625 
157 12 0.015625 
157 108 0.015625 
157 100 0.015625 
157 174 0.0625 
157 182 0.25 
157 189 0.015625 
158 96 0.015625 
158 51 0.25 
158 115 0.0625 
158 168 0.015625 
158 172 0.0625 
159 146 0.0625 
159 30 0.25 
159 131 0.0625 
159 479 0.015625 
160 97 0.25 
160 54 0.25 
161 38 0.015625 
161 74 0.0625 
161 113 0.0625 
161 190 0.25 
162 14 0.0625 
163 142 0.0625 
163 172 0.015625 
164 46 0.0625 
165 13 0.015625 
166 36 0.25 
166 151 0.015625 
166 134 0.0625 
167 102 0.0625 
167 152 0.25 
167 41 0.0625 
167 35 0.0625 
168 51 0.015625 
168 158 0.0625 
168 216 0.015625 
168 219 0.0625 
169 128 0.0625 
170 128 0.0625 
171 73 0.015625 
171 139 0.25 
171 31 0.0625 
171 200 0.015625 
172 23 0.0625 
172 158 0.0625 
172 163 0.015625 
172 142 0.0625 
173 20 0.25 
173 89 0.25 
174 157 0.25 
175 14 0.0625 
175 221 0.015625 
176 12 0.0625 
176 25 0.015625 
176 100 0.0625 
176 15 0.25 
177 23 0.015625 
177 184 0.25 
178 96 0.0625 
178 130 0.25 
179 148 0.0625 
179 62 0.015625 
180 86 0.015625 
180 138 0.25 
181 129 0.0625 
182 157 0.25 
183 110 0.0625 
183 111 0.015625 
184 23 0.0625 
184 177 0.015625 
185 18 0.25 
185 15 0.015625 
185 12 0.25 
186 133 0.0625 
187 104 0.0625 
187 140 0.015625 
187 90 0.015625 
188 20 0.015625 
188 33 0.25 
188 173 0.015625 
189 157 0.015625 
190 38 0.0625 
190 74 0.015625 
190 161 0.015625 
190 199 0.0625 
191 61 0.25 
191 125 0.015625 
192 183 0.0625 
192 110 0.015625 
192 111 0.015625 
192 202 0.0625 
193 67 0.25 
194 28 0.015625 
195 78 0.25 
196 14 0.25 
196 55 0.0625 
196 197 0.0625 
197 14 0.25 
197 196 0.25 
198 139 0.25 
198 31 0.015625 
199 74 0.015625 
199 38 0.25 
199 190 0.25 
200 139 0.015625 
200 98 0.25 
200 112 0.0625 
200 171 0.0625 
201 33 0.015625 
201 102 0.015625 
201 34 0.0625 
201 89 0.25 
201 20 0.25 
201 213 0.015625 
202 110 0.25 
202 192 0.25 
203 75 0.0625 
203 94 0.015625 
204 64 0.25 
205 155 0.25 
205 124 0.25 
205 220 0.25 
206 128 0.25 
207 22 0.25 
207 183 0.015625 
207 75 0.0625 
207 42 0.25 
208 149 0.015625 
209 48 0.25 
209 155 0.25 
209 127 0.0625 
210 56 0.25 
210 112 0.25 
210 107 0.25 
211 93 0.015625 
212 22 0.015625 
212 45 0.015625 
213 201 0.0625 
214 23 0.015625 
214 184 0.0625 
215 69 0.0625 
215 57 0.015625 
216 168 0.25 
217 21 0.25 
218 145 0.015625 
218 102 0.25 
218 71 0.25 
218 104 0.015625 
219 168 0.25 
220 205 0.015625 
221 197 0.25 
221 14 0.25 
221 175 0.0625 
222 61 0.015625 
223 125 0.0625 
223 31 0.0625 
223 69 0.0625 
223 36 0.015625 
223 67 0.25 
223 224 0.015625 
223 225 0.25 
224 223 0.25 
224 226 0.015625 
224 234 0.015625 
224 461 0.25 
225 223 0.25 
225 227 0.25 
225 228 0.25 
225 229 0.25 
225 233 0.015625 
225 236 0.0625 
226 224 0.25 
227 225 0.0625 
227 230 0.015625 
228 225 0.0625 
228 229 0.015625 
228 233 0.0625 
228 235 0.015625 
228 236 0.0625 
229 225 0.015625 
229 228 0.0625 
229 231 0.25 
229 235 0.0625 
229 236 0.25 
230 227 0.25 
230 232 0.25 
231 225 0.25 
231 229 0.0625 
231 228 0.25 
232 230 0.25 
232 225 0.015625 
233 225 0.0625 
233 229 0.25 
233 228 0.015625 
233 235 0.0625 
234 224 0.0625 
234 237 0.25 
235 233 0.25 
235 228 0.0625 
235 229 0.015625 
235 464 0.25 
236 229 0.015625 
236 228 0.015625 
236 225 0.25 
237 234 0.25 
238 2 0.25 
238 51 0.0625 
238 115 0.015625 
238 178 0.015625 
238 142 0.0625 
238 239 0.25 
238 243 0.25 
238 244 0.25 
239 238 0.0625 
239 240 0.015625 
239 241 0.25 
239 246 0.015625 
240 239 0.015625 
240 242 0.015625 
240 251 0.25 
240 255 0.015625 
241 239 0.0625 
241 246 0.015625 
242 240 0.015625 
242 245 0.015625 
242 250 0.015625 
243 238 0.0625 
243 244 0.25 
243 248 0.25 
243 254 0.0625 
244 238 0.25 
244 243 0.25 
244 249 0.0625 
245 242 0.0625 
246 239 0.0625 
246 241 0.0625 
246 247 0.25 
247 246 0.25 
247 240 0.0625 
247 255 0.25 
248 243 0.015625 
249 244 0.0625 
249 253 0.015625 
250 242 0.015625 
251 240 0.25 
251 252 0.0625 
252 251 0.0625 
253 249 0.015625 
254 248 0.25 
254 243 0.0625 
255 247 0.0625 
255 240 0.0625 
256 12 0.25 
256 0 0.015625 
256 111 0.25 
256 257 0.015625 
256 259 0.0625 
257 256 0.25 
257 258 0.0625 
257 259 0.0625 
257 260 0.0625 
258 257 0.25 
259 256 0.015625 
259 257 0.25 
260 257 0.0625 
260 258 0.0625 
261 171 0.015625 
261 11 0.015625 
261 35 0.015625 
261 66 0.0625 
261 198 0.015625 
261 262 0.25 
262 261 0.015625 
263 136 0.015625 
263 7 0.0625 
263 13 0.0625 
263 84 0.015625 
263 264 0.0625 
263 267 0.25 
263 279 0.015625 
263 293 0.015625 
263 366 0.0625 
264 263 0.0625 
264 265 0.0625 
264 266 0.015625 
264 268 0.015625 
264 269 0.015625 
264 270 0.0625 
264 272 0.0625 
264 273 0.015625 
264 288 0.015625 
264 332 0.25 
265 264 0.25 
265 271 0.25 
265 276 0.0625 
265 297 0.0625 
265 307 0.015625 
265 309 0.015625 
265 321 0.015625 
265 349 0.015625 
265 445 0.015625 
266 264 0.25 
266 268 0.015625 
266 272 0.0625 
266 275 0.25 
266 278 0.015625 
266 283 0.0625 
266 303 0.25 
266 315 0.015625 
266 329 0.015625 
266 343 0.0625 
266 357 0.015625 
266 373 0.25 
266 391 0.25 
266 450 0.0625 
267 263 0.015625 
267 281 0.0625 
267 293 0.25 
267 323 0.015625 
267 337 0.015625 
267 353 0.0625 
267 356 0.015625 
267 369 0.0625 
267 403 0.015625 
267 406 0.015625 
267 413 0.0625 
267 416 0.0625 
267 464 0.0625 
268 266 0.25 
268 264 0.25 
269 264 0.25 
269 266 0.25 
269 277 0.015625 
269 278 0.25 
269 282 0.25 
269 315 0.015625 
270 264 0.0625 
270 311 0.015625 
270 319 0.015625 
270 331 0.25 
270 386 0.25 
270 449 0.0625 
271 265 0.25 
271 274 0.25 
271 299 0.015625 
271 304 0.25 
271 325 0.0625 
271 363 0.25 
271 397 0.015625 
271 460 0.0625 
272 266 0.015625 
272 264 0.25 
272 318 0.0625 
273 270 0.015625 
273 264 0.015625 
273 287 0.25 
273 322 0.015625 
274 271 0.25 
274 296 0.25 
274 299 0.25 
274 304 0.25 
274 363 0.0625 
274 405 0.015625 
274 460 0.015625 
275 266 0.25 
275 280 0.25 
275 312 0.25 
275 355 0.0625 
275 360 0.25 
275 393 0.0625 
275 402 0.015625 
276 265 0.015625 
277 269 0.015625 
277 288 0.0625 
277 316 0.0625 
277 324 0.0625 
277 364 0.015625 
277 378 0.0625 
278 269 0.25 
278 266 0.25 
278 310 0.0625 
278 333 0.25 
278 334 0.015625 
278 347 0.015625 
278 367 0.25 
278 387 0.015625 
279 263 0.0625 
279 283 0.0625 
279 366 0.0625 
279 435 0.0625 
280 275 0.25 
280 284 0.015625 
280 285 0.0625 
280 286 0.25 
280 289 0.015625 
280 320 0.0625 
280 327 0.25 
280 345 0.015625 
280 389 0.015625 
280 418 0.0625 
280 454 0.25 
281 267 0.0625 
281 302 0.25 
281 323 0.25 
281 337 0.0625 
281 403 0.015625 
281 406 0.25 
282 269 0.015625 
282 310 0.015625 
283 275 0.25 
283 268 0.25 
283 266 0.0625 
283 279 0.0625 
283 291 0.25 
283 295 0.0625 
283 308 0.0625 
283 335 0.0625 
283 373 0.0625 
284 280 0.25 
284 298 0.015625 
284 371 0.25 
285 275 0.25 
285 280 0.0625 
285 290 0.25 
285 294 0.25 
285 379 0.25 
285 418 0.25 
285 434 0.015625 
286 280 0.015625 
286 289 0.015625 
287 273 0.25 
287 380 0.0625 
287 457 0.015625 
288 277 0.015625 
288 264 0.015625 
288 269 0.0625 
288 292 0.015625 
288 328 0.0625 
288 370 0.25 
288 400 0.25 
289 280 0.0625 
289 286 0.015625 
289 317 0.25 
289 358 0.0625 
289 380 0.015625 
289 410 0.25 
289 451 0.0625 
290 285 0.0625 
290 344 0.0625 
290 407 0.25 
291 283 0.015625 
291 339 0.015625 
291 373 0.25 
292 288 0.25 
292 340 0.015625 
292 348 0.25 
292 377 0.0625 
292 461 0.0625 
293 263 0.0625 
293 281 0.0625 
293 267 0.25 
293 301 0.0625 
293 337 0.25 
294 285 0.0625 
294 300 0.015625 
294 458 0.0625 
295 275 0.0625 
295 283 0.25 
295 279 0.25 
296 274 0.015625 
296 271 0.25 
296 304 0.0625 
297 265 0.0625 
297 309 0.0625 
297 321 0.25 
297 342 0.015625 
297 349 0.0625 
297 421 0.015625 
297 445 0.015625 
298 284 0.0625 
298 371 0.015625 
299 271 0.0625 
299 274 0.015625 
299 296 0.25 
299 305 0.25 
299 397 0.0625 
299 417 0.015625 
299 447 0.015625 
300 294 0.0625 
300 306 0.015625 
300 359 0.0625 
300 458 0.015625 
301 293 0.015625 
301 326 0.0625 
301 356 0.015625 
302 267 0.015625 
302 281 0.015625 
302 416 0.25 
303 266 0.0625 
303 354 0.0625 
303 357 0.015625 
303 404 0.0625 
304 271 0.25 
304 274 0.25 
304 296 0.25 
304 460 0.0625 
305 299 0.0625 
305 319 0.015625 
305 351 0.0625 
305 409 0.25 
306 300 0.25 
306 359 0.015625 
307 297 0.25 
307 265 0.0625 
308 283 0.0625 
309 297 0.25 
309 307 0.25 
309 265 0.015625 
309 352 0.015625 
309 412 0.0625 
309 430 0.0625 
310 278 0.25 
310 282 0.0625 
311 270 0.25 
311 289 0.25 
311 319 0.25 
311 330 0.25 
311 374 0.015625 
311 395 0.015625 
311 446 0.015625 
312 275 0.0625 
312 292 0.25 
312 313 0.25 
312 314 0.25 
312 346 0.0625 
312 368 0.015625 
312 390 0.0625 
313 312 0.0625 
313 314 0.015625 
313 346 0.015625 
313 390 0.25 
313 443 0.0625 
314 313 0.0625 
314 312 0.0625 
314 307 0.015625 
314 399 0.015625 
314 427 0.015625 
315 269 0.015625 
315 266 0.25 
315 336 0.0625 
315 362 0.015625 
315 365 0.015625 
315 432 0.25 
316 277 0.015625 
316 364 0.25 
316 378 0.0625 
317 289 0.0625 
317 361 0.0625 
317 410 0.25 
318 272 0.25 
318 264 0.015625 
319 311 0.0625 
319 270 0.0625 
319 305 0.015625 
319 331 0.015625 
320 280 0.015625 
320 327 0.015625 
321 265 0.015625 
321 288 0.25 
321 297 0.25 
321 426 0.0625 
322 273 0.25 
322 457 0.015625 
323 267 0.0625 
323 281 0.015625 
323 353 0.25 
323 382 0.25 
324 274 0.25 
324 277 0.25 
324 316 0.0625 
324 381 0.015625 
324 383 0.015625 
324 421 0.015625 
325 271 0.015625 
325 296 0.25 
325 274 0.0625 
325 408 0.25 
325 456 0.0625 
326 315 0.015625 
326 301 0.0625 
327 320 0.0625 
327 280 0.25 
327 385 0.25 
328 288 0.25 
328 341 0.25 
329 266 0.0625 
329 350 0.0625 
329 362 0.015625 
329 411 0.25 
330 311 0.015625 
331 270 0.015625 
331 330 0.015625 
331 319 0.015625 
331 338 0.25 
331 444 0.015625 
332 264 0.25 
333 278 0.0625 
333 334 0.0625 
333 347 0.0625 
333 387 0.015625 
334 333 0.25 
334 278 0.25 
334 347 0.0625 
335 283 0.25 
335 308 0.015625 
335 339 0.25 
336 315 0.25 
336 280 0.25 
336 401 0.25 
337 267 0.0625 
337 293 0.015625 
337 281 0.015625 
337 425 0.25 
337 439 0.015625 
338 331 0.0625 
338 386 0.0625 
339 291 0.0625 
339 335 0.015625 
339 268 0.25 
339 384 0.0625 
339 386 0.0625 
339 423 0.0625 
340 292 0.25 
340 377 0.015625 
341 328 0.0625 
342 297 0.015625 
342 265 0.0625 
343 266 0.25 
343 303 0.0625 
343 372 0.0625 
343 375 0.015625 
344 290 0.0625 
344 323 0.0625 
344 453 0.25 
345 280 0.25 
345 328 0.25 
345 396 0.25 
345 431 0.25 
345 435 0.25 
346 313 0.015625 
346 312 0.0625 
346 368 0.0625 
346 370 0.015625 
346 438 0.0625 
347 334 0.25 
347 333 0.0625 
347 278 0.0625 
347 367 0.25 
347 387 0.0625 
348 291 0.015625 
348 346 0.0625 
348 292 0.0625 
349 297 0.25 
349 265 0.015625 
350 329 0.0625 
350 362 0.0625 
350 411 0.25 
350 440 0.25 
351 305 0.0625 
352 309 0.015625 
353 323 0.0625 
353 267 0.0625 
354 266 0.015625 
354 303 0.25 
354 391 0.0625 
355 275 0.0625 
356 301 0.25 
356 267 0.015625 
356 416 0.25 
356 436 0.015625 
357 266 0.015625 
357 303 0.0625 
357 354 0.015625 
357 391 0.015625 
358 289 0.015625 
359 306 0.0625 
359 300 0.25 
359 353 0.25 
359 436 0.015625 
360 275 0.25 
360 393 0.015625 
361 317 0.25 
361 313 0.015625 
361 284 0.015625 
361 346 0.015625 
361 415 0.0625 
361 459 0.015625 
361 492 0.0625 
362 350 0.015625 
362 329 0.015625 
362 315 0.0625 
362 376 0.0625 
362 442 0.25 
363 271 0.25 
363 274 0.0625 
363 304 0.015625 
363 397 0.25 
363 420 0.0625 
363 460 0.0625 
364 277 0.25 
364 316 0.0625 
365 315 0.25 
365 432 0.015625 
366 279 0.25 
366 263 0.25 
366 394 0.25 
367 278 0.25 
367 347 0.0625 
367 333 0.25 
368 346 0.0625 
368 312 0.015625 
368 313 0.25 
368 370 0.25 
368 443 0.25 
369 267 0.015625 
370 288 0.0625 
370 313 0.015625 
370 298 0.0625 
370 346 0.0625 
370 368 0.015625 
370 452 0.015625 
370 457 0.25 
371 284 0.015625 
371 298 0.0625 
372 343 0.0625 
373 266 0.0625 
373 291 0.25 
373 283 0.015625 
373 374 0.0625 
374 270 0.015625 
374 346 0.0625 
374 311 0.25 
374 373 0.015625 
375 326 0.015625 
375 343 0.0625 
376 362 0.0625 
377 340 0.015625 
377 292 0.015625 
378 365 0.0625 
378 315 0.25 
378 277 0.25 
378 316 0.015625 
378 428 0.015625 
379 275 0.25 
379 345 0.25 
379 295 0.015625 
379 285 0.0625 
379 422 0.0625 
379 433 0.015625 
380 373 0.0625 
380 287 0.0625 
380 289 0.0625 
380 437 0.25 
381 324 0.25 
382 323 0.25 
383 381 0.0625 
383 324 0.0625 
383 481 0.015625 
384 339 0.25 
384 423 0.0625 
385 327 0.0625 
386 270 0.015625 
386 339 0.015625 
386 338 0.015625 
387 278 0.25 
387 333 0.0625 
387 347 0.015625 
387 388 0.25 
387 392 0.0625 
388 387 0.015625 
388 392 0.25 
389 280 0.015625 
390 346 0.015625 
390 368 0.25 
390 313 0.25 
390 312 0.25 
391 354 0.25 
391 303 0.015625 
391 357 0.015625 
391 266 0.015625 
392 387 0.0625 
392 388 0.015625 
393 275 0.015625 
393 360 0.015625 
394 366 0.0625 
395 311 0.0625 
396 345 0.25 
397 363 0.015625 
397 324 0.25 
397 299 0.25 
397 381 0.015625 
397 271 0.015625 
397 429 0.25 
397 448 0.25 
397 455 0.015625 
398 298 0.25 
398 284 0.0625 
398 371 0.0625 
399 314 0.0625 
400 288 0.015625 
401 336 0.0625 
402 360 0.25 
402 275 0.015625 
403 267 0.015625 
403 281 0.015625 
403 359 0.25 
403 436 0.0625 
404 303 0.25 
404 266 0.0625 
405 299 0.015625 
405 274 0.25 
405 304 0.0625 
405 271 0.0625 
406 281 0.015625 
406 267 0.25 
406 353 0.015625 
407 290 0.015625 
407 283 0.015625 
408 325 0.0625 
409 305 0.015625 
409 325 0.015625 
409 419 0.015625 
409 421 0.015625 
410 289 0.0625 
410 317 0.015625 
410 414 0.25 
411 350 0.25 
411 329 0.015625 
412 352 0.25 
412 309 0.0625 
412 430 0.25 
413 302 0.25 
413 281 0.25 
413 267 0.015625 
414 317 0.25 
414 289 0.25 
414 410 0.0625 
415 361 0.25 
415 459 0.015625 
416 267 0.015625 
416 356 0.015625 
416 302 0.0625 
416 281 0.25 
417 299 0.0625 
418 345 0.25 
418 280 0.015625 
418 285 0.0625 
419 409 0.0625 
419 421 0.25 
420 304 0.0625 
420 271 0.25 
420 363 0.015625 
421 419 0.0625 
421 297 0.0625 
421 325 0.0625 
421 409 0.25 
421 324 0.25 
422 379 0.25 
423 384 0.015625 
423 339 0.25 
424 360 0.0625 
424 292 0.015625 
424 402 0.25 
424 355 0.015625 
424 377 0.0625 
424 441 0.25 
425 337 0.25 
426 321 0.015625 
427 314 0.015625 
427 399 0.0625 
428 378 0.25 
429 397 0.25 
429 448 0.25 
429 455 0.25 
430 412 0.015625 
430 309 0.015625 
431 345 0.0625 
432 365 0.25 
432 315 0.0625 
433 379 0.015625 
434 285 0.25 
435 345 0.25 
435 279 0.015625 
435 356 0.25 
435 436 0.25 
436 403 0.015625 
436 359 0.25 
436 356 0.25 
436 435 0.015625 
436 437 0.0625 
437 380 0.0625 
437 436 0.0625 
437 391 0.0625 
438 313 0.25 
438 312 0.015625 
438 346 0.015625 
439 337 0.015625 
439 425 0.015625 
440 391 0.015625 
440 350 0.25 
441 424 0.015625 
442 362 0.25 
442 376 0.25 
443 368 0.25 
443 346 0.0625 
443 313 0.015625 
444 331 0.015625 
445 297 0.25 
445 265 0.015625 
446 330 0.25 
446 311 0.25 
447 299 0.0625 
448 429 0.015625 
448 397 0.015625 
449 270 0.015625 
450 266 0.015625 
451 410 0.25 
451 289 0.0625 
452 370 0.015625 
453 344 0.0625 
454 280 0.015625 
455 397 0.015625 
455 429 0.0625 
455 448 0.25 
456 408 0.0625 
456 325 0.015625 
457 287 0.0625 
457 322 0.015625 
457 370 0.015625 
457 449 0.0625 
458 294 0.0625 
458 300 0.0625 
459 361 0.015625 
459 415 0.015625 
460 363 0.25 
460 271 0.25 
460 420 0.0625 
460 304 0.015625 
460 274 0.015625 
461 271 0.0625 
461 59 0.015625 
461 292 0.015625 
461 309 0.25 
461 224 0.25 
461 462 0.015625 
462 461 0.0625 
462 463 0.25 
463 462 0.015625 
464 267 0.25 
464 118 0.015625 
464 29 0.0625 
464 129 0.015625 
464 235 0.015625 
464 465 0.0625 
464 466 0.015625 
464 467 0.25 
464 468 0.25 
465 464 0.25 
465 469 0.25 
466 464 0.25 
466 472 0.015625 
467 464 0.0625 
467 466 0.25 
468 464 0.015625 
468 470 0.0625 
468 472 0.0625 
468 475 0.015625 
469 465 0.015625 
470 468 0.0625 
470 471 0.015625 
470 472 0.25 
470 475 0.015625 
471 470 0.0625 
471 473 0.25 
472 470 0.25 
472 468 0.015625 
472 466 0.015625 
472 474 0.25 
472 475 0.0625 
473 471 0.015625 
474 472 0.015625 
474 476 0.0625 
474 477 0.25 
474 478 0.25 
475 470 0.25 
475 468 0.0625 
475 472 0.015625 
476 474 0.015625 
477 474 0.25 
478 474 0.015625 
479 60 0.0625 
479 159 0.25 
479 472 0.0625 
479 90 0.0625 
479 20 0.015625 
479 480 0.015625 
480 479 0.015625 
481 33 0.25 
481 12 0.015625 
481 20 0.25 
481 383 0.015625 
481 24 0.25 
481 482 0.25 
481 488 0.25 
482 481 0.25 
482 483 0.015625 
482 490 0.25 
483 482 0.015625 
483 484 0.0625 
483 486 0.0625 
483 488 0.0625 
483 489 0.0625 
484 483 0.015625 
484 485 0.0625 
485 484 0.0625 
486 483 0.25 
486 487 0.0625 
486 488 0.25 
487 486 0.25 
487 488 0.0625 
488 486 0.015625 
488 483 0.25 
488 487 0.0625 
488 481 0.25 
489 483 0.015625 
489 484 0.015625 
490 489 0.015625 
490 482 0.015625 
491 487 0.0625 
491 486 0.0625 
492 33 0.0625 
492 361 0.015625 
492 221 0.015625 
492 20 0.0625 
492 71 0.015625 
492 493 0.0625 
492 494 0.015625 
492 499 0.0625 
493 492 0.25 
493 495 0.0625 
494 492 0.0625 
494 496 0.0625 
495 493 0.015625 
496 494 0.0625 
496 497 0.0625 
496 498 0.0625 
497 496 0.015625 
497 494 0.25 
497 498 0.25 
498 496 0.0625 
498 497 0.25 
499 492 0.25 
