500
0 1 0.015625 
0 2 0.015625 
0 3 0.0625 
0 263 0.015625 
1 0 0.0625 
2 0 0.015625 
3 0 0.0625 
3 4 0.5 
3 5 0.5 
4 3 0.015625 
4 5 0.5 
4 12 0.015625 
5 4 0.0625 
5 3 0.0625 
5 6 0.015625 
5 8 0.0625 
5 9 0.5 
5 10 0.015625 
5 12 0.5 
6 5 0.015625 
6 7 0.0625 
6 12 0.015625 
7 6 0.5 
8 5 0.5 
8 9 0.0625 
8 238 0.5 
9 5 0.0625 
9 8 0.015625 
9 10 0.015625 
9 11 0.5 
9 263 0.5 
10 5 0.0625 
10 9 0.015625 
11 9 0.015625 
12 6 0.015625 
12 4 0.5 
12 5 0.5 
12 13 0.015625 
12 14 0.5 
12 15 0.015625 
12 22 0.015625 
12 23 0.015625 
12 28 0.5 
12 38 0.5 
12 64 0.0625 
12 132 0.5 
12 192 0.5 
12 261 0.5 
13 12 0.015625 
13 16 0.015625 
13 18 0.015625 
13 30 0.0625 
13 45 0.0625 
13 48 0.5 
13 49 0.015625 
13 95 0.0625 
13 175 0.0625 
14 12 0.015625 
14 31 0.015625 
14 61 0.5 
14 214 0.0625 
14 261 0.0625 
15 12 0.015625 
15 89 0.5 
15 91 0.015625 
15 211 0.015625 
16 13 0.015625 
16 17 0.0625 
16 19 0.0625 
16 34 0.0625 
16 57 0.015625 
16 80 0.0625 
16 82 0.015625 
17 16 0.5 
17 41 0.0625 
17 43 0.5 
17 57 0.0625 
18 13 0.0625 
18 21 0.5 
18 24 0.0625 
18 44 0.0625 
18 45 0.015625 
18 65 0.015625 
18 78 0.5 
19 16 0.0625 
19 20 0.015625 
19 25 0.5 
19 100 0.5 
20 19 0.0625 
20 26 0.5 
20 27 0.015625 
20 29 0.015625 
20 60 0.0625 
20 62 0.5 
20 134 0.015625 
20 187 0.015625 
20 191 0.5 
21 18 0.015625 
21 51 0.0625 
21 59 0.015625 
22 12 0.015625 
22 36 0.5 
22 85 0.5 
22 107 0.0625 
22 137 0.015625 
22 198 0.0625 
23 12 0.5 
23 40 0.015625 
23 42 0.5 
23 132 0.015625 
23 184 0.0625 
24 18 0.015625 
24 37 0.5 
24 50 0.0625 
24 55 0.0625 
24 56 0.5 
24 65 0.0625 
24 139 0.5 
24 168 0.015625 
25 19 0.5 
25 35 0.0625 
25 77 0.015625 
26 24 0.0625 
26 20 0.0625 
26 29 0.5 
26 33 0.015625 
26 54 0.0625 
26 62 0.015625 
26 87 0.015625 
26 113 0.0625 
26 140 0.5 
26 188 0.5 
26 205 0.5 
26 479 0.0625 
27 20 0.0625 
27 33 0.5 
27 79 0.5 
27 125 0.015625 
27 138 0.015625 
28 12 0.5 
28 145 0.0625 
28 169 0.0625 
29 20 0.015625 
29 26 0.015625 
29 62 0.015625 
29 81 0.5 
29 98 0.0625 
29 117 0.0625 
29 221 0.0625 
30 13 0.5 
30 41 0.5 
30 54 0.015625 
30 80 0.015625 
30 82 0.015625 
30 94 0.5 
30 121 0.015625 
30 171 0.5 
31 14 0.5 
31 32 0.015625 
32 31 0.015625 
32 14 0.5 
32 214 0.0625 
33 26 0.015625 
33 19 0.015625 
33 27 0.5 
33 20 0.0625 
33 39 0.5 
33 71 0.5 
33 87 0.5 
33 122 0.0625 
34 16 0.015625 
35 25 0.0625 
35 47 0.015625 
35 58 0.015625 
35 73 0.015625 
35 74 0.015625 
35 93 0.015625 
35 99 0.0625 
35 148 0.015625 
35 150 0.5 
35 172 0.015625 
35 213 0.0625 
36 22 0.5 
36 85 0.0625 
36 107 0.5 
36 198 0.5 
37 24 0.0625 
37 75 0.0625 
37 190 0.0625 
37 200 0.0625 
38 12 0.015625 
38 64 0.0625 
39 33 0.0625 
39 173 0.0625 
40 23 0.015625 
40 42 0.5 
41 30 0.015625 
41 17 0.0625 
41 49 0.0625 
41 86 0.015625 
41 114 0.015625 
42 40 0.015625 
42 23 0.015625 
42 52 0.0625 
42 63 0.015625 
43 17 0.5 
43 83 0.015625 
43 124 0.5 
44 18 0.5 
44 46 0.0625 
45 18 0.0625 
45 13 0.015625 
46 44 0.015625 
46 53 0.0625 
46 66 0.015625 
46 180 0.0625 
47 35 0.0625 
47 73 0.5 
47 113 0.0625 
47 116 0.0625 
47 126 0.0625 
47 151 0.5 
47 170 0.5 
47 177 0.0625 
47 207 0.5 
47 216 0.5 
48 13 0.015625 
49 41 0.5 
49 13 0.015625 
49 210 0.5 
50 24 0.0625 
50 37 0.5 
50 75 0.5 
50 190 0.0625 
51 22 0.015625 
51 21 0.0625 
51 52 0.0625 
52 42 0.5 
52 51 0.0625 
52 84 0.0625 
53 46 0.0625 
54 26 0.5 
54 30 0.5 
54 50 0.0625 
55 24 0.0625 
55 20 0.0625 
55 78 0.0625 
55 79 0.0625 
55 92 0.5 
55 110 0.015625 
55 202 0.5 
55 223 0.015625 
56 24 0.5 
56 37 0.5 
56 190 0.0625 
56 200 0.5 
57 16 0.015625 
57 17 0.5 
57 101 0.015625 
57 164 0.015625 
58 35 0.015625 
58 47 0.0625 
58 69 0.0625 
58 70 0.5 
58 79 0.5 
58 201 0.0625 
59 21 0.5 
59 115 0.5 
59 123 0.015625 
59 139 0.015625 
59 155 0.0625 
59 164 0.015625 
60 20 0.0625 
60 191 0.5 
61 14 0.5 
61 31 0.0625 
61 32 0.5 
61 12 0.015625 
62 26 0.0625 
62 29 0.015625 
62 20 0.5 
62 165 0.015625 
62 217 0.5 
63 42 0.5 
64 12 0.5 
64 38 0.015625 
64 89 0.5 
64 218 0.0625 
65 24 0.5 
65 18 0.015625 
65 174 0.015625 
65 193 0.0625 
65 209 0.5 
66 36 0.015625 
66 46 0.5 
66 21 0.5 
66 67 0.0625 
66 68 0.5 
66 96 0.0625 
66 105 0.0625 
66 464 0.015625 
67 66 0.5 
67 68 0.5 
67 96 0.0625 
67 130 0.015625 
68 66 0.0625 
68 67 0.015625 
68 75 0.0625 
68 96 0.5 
69 58 0.5 
69 76 0.5 
69 128 0.5 
69 208 0.5 
70 58 0.015625 
71 33 0.0625 
72 58 0.0625 
72 45 0.015625 
72 33 0.015625 
72 118 0.5 
73 47 0.015625 
73 35 0.015625 
73 77 0.5 
73 112 0.0625 
73 156 0.5 
73 166 0.0625 
73 199 0.0625 
74 35 0.5 
74 55 0.5 
75 24 0.0625 
75 37 0.0625 
75 50 0.0625 
75 29 0.015625 
75 68 0.015625 
75 103 0.015625 
75 104 0.5 
75 119 0.5 
75 129 0.5 
75 149 0.015625 
75 163 0.0625 
75 212 0.5 
75 238 0.5 
76 69 0.0625 
76 108 0.015625 
76 179 0.015625 
77 73 0.5 
77 25 0.0625 
77 88 0.5 
77 144 0.015625 
78 18 0.0625 
78 55 0.0625 
78 109 0.5 
79 55 0.015625 
79 27 0.5 
79 58 0.015625 
79 113 0.015625 
80 30 0.0625 
80 16 0.0625 
80 158 0.5 
81 29 0.015625 
82 30 0.015625 
82 16 0.015625 
82 106 0.015625 
82 157 0.0625 
83 43 0.0625 
83 134 0.015625 
83 189 0.5 
84 52 0.015625 
84 90 0.5 
84 215 0.5 
85 22 0.5 
85 36 0.015625 
85 256 0.0625 
86 41 0.015625 
86 89 0.5 
86 160 0.015625 
87 33 0.5 
87 26 0.015625 
87 141 0.015625 
87 174 0.0625 
88 77 0.0625 
88 71 0.5 
88 97 0.0625 
88 133 0.5 
89 15 0.5 
89 86 0.5 
89 64 0.5 
89 145 0.0625 
90 43 0.0625 
90 84 0.5 
91 15 0.5 
91 12 0.015625 
92 55 0.5 
93 35 0.015625 
94 30 0.0625 
95 13 0.0625 
95 48 0.5 
95 102 0.0625 
95 111 0.015625 
95 159 0.5 
95 179 0.0625 
95 197 0.0625 
96 66 0.0625 
96 67 0.0625 
96 68 0.0625 
96 105 0.0625 
96 154 0.0625 
96 222 0.5 
97 88 0.015625 
97 133 0.015625 
97 143 0.5 
98 29 0.0625 
98 117 0.5 
98 135 0.015625 
98 185 0.015625 
98 221 0.5 
98 238 0.015625 
99 35 0.0625 
99 93 0.0625 
99 148 0.5 
99 150 0.5 
99 178 0.015625 
99 181 0.0625 
99 213 0.0625 
100 34 0.015625 
100 19 0.015625 
101 57 0.015625 
102 95 0.5 
103 75 0.015625 
104 75 0.015625 
104 129 0.015625 
104 139 0.015625 
104 163 0.0625 
105 66 0.0625 
105 96 0.0625 
105 68 0.0625 
106 82 0.015625 
106 203 0.0625 
107 22 0.015625 
107 36 0.5 
107 137 0.0625 
108 76 0.015625 
108 69 0.0625 
108 128 0.015625 
109 78 0.015625 
110 55 0.5 
110 92 0.5 
111 95 0.5 
111 127 0.015625 
112 73 0.015625 
112 199 0.5 
113 79 0.0625 
113 26 0.015625 
113 47 0.0625 
113 131 0.0625 
114 41 0.0625 
115 59 0.0625 
115 123 0.0625 
116 47 0.015625 
117 29 0.5 
117 98 0.5 
117 185 0.0625 
118 72 0.5 
118 19 0.015625 
118 33 0.5 
118 120 0.0625 
118 136 0.0625 
119 75 0.015625 
119 129 0.0625 
119 147 0.0625 
119 149 0.0625 
120 118 0.5 
120 136 0.5 
121 30 0.015625 
122 33 0.5 
122 204 0.5 
123 59 0.015625 
123 115 0.5 
123 155 0.015625 
123 164 0.0625 
124 43 0.015625 
125 27 0.5 
125 138 0.5 
126 47 0.0625 
126 151 0.0625 
126 216 0.5 
127 111 0.5 
128 69 0.5 
128 108 0.5 
128 186 0.5 
129 119 0.015625 
129 75 0.5 
129 104 0.5 
130 105 0.015625 
130 67 0.5 
130 66 0.0625 
130 96 0.5 
130 481 0.0625 
131 113 0.015625 
131 73 0.0625 
131 112 0.0625 
131 74 0.5 
131 153 0.0625 
132 12 0.0625 
132 23 0.015625 
132 137 0.5 
132 195 0.015625 
133 88 0.5 
133 97 0.015625 
134 83 0.015625 
134 16 0.0625 
134 20 0.5 
135 29 0.5 
135 98 0.5 
135 117 0.015625 
135 185 0.5 
136 120 0.5 
136 19 0.0625 
136 118 0.015625 
136 219 0.0625 
137 107 0.0625 
137 132 0.0625 
137 22 0.5 
138 27 0.0625 
138 125 0.0625 
138 142 0.0625 
139 20 0.0625 
139 59 0.0625 
139 24 0.0625 
139 104 0.5 
139 162 0.0625 
139 176 0.5 
140 26 0.5 
140 167 0.0625 
141 87 0.015625 
141 174 0.015625 
141 209 0.015625 
142 116 0.0625 
142 138 0.0625 
142 27 0.0625 
142 183 0.015625 
143 97 0.5 
143 133 0.0625 
144 77 0.015625 
145 89 0.5 
145 28 0.0625 
146 102 0.0625 
146 95 0.0625 
146 127 0.015625 
146 80 0.015625 
146 34 0.0625 
147 119 0.0625 
147 75 0.5 
147 129 0.015625 
147 104 0.015625 
147 223 0.0625 
148 35 0.015625 
148 99 0.0625 
148 178 0.0625 
148 461 0.5 
149 129 0.0625 
149 75 0.5 
149 119 0.5 
149 163 0.015625 
150 99 0.0625 
150 35 0.015625 
150 172 0.015625 
150 181 0.015625 
151 47 0.0625 
151 126 0.5 
151 207 0.015625 
152 26 0.0625 
153 131 0.0625 
153 263 0.0625 
154 96 0.015625 
154 67 0.5 
154 66 0.015625 
154 222 0.0625 
155 59 0.015625 
155 123 0.0625 
155 115 0.015625 
156 73 0.0625 
157 82 0.0625 
157 106 0.0625 
157 203 0.015625 
158 80 0.0625 
159 95 0.5 
160 86 0.0625 
161 107 0.0625 
161 22 0.015625 
162 139 0.0625 
163 75 0.5 
163 149 0.5 
163 103 0.015625 
163 104 0.015625 
163 212 0.015625 
164 59 0.5 
164 123 0.015625 
164 57 0.5 
165 62 0.015625 
165 217 0.0625 
166 73 0.015625 
166 112 0.015625 
167 26 0.0625 
167 140 0.015625 
168 24 0.5 
168 50 0.5 
169 28 0.0625 
170 47 0.015625 
171 30 0.015625 
172 35 0.5 
172 150 0.015625 
172 99 0.5 
172 213 0.0625 
173 39 0.015625 
173 122 0.015625 
173 33 0.5 
173 182 0.5 
174 65 0.5 
174 141 0.0625 
174 87 0.0625 
175 30 0.0625 
175 13 0.015625 
175 119 0.0625 
176 139 0.5 
177 151 0.015625 
177 47 0.5 
177 126 0.0625 
178 99 0.0625 
178 35 0.5 
178 148 0.0625 
178 150 0.5 
178 213 0.0625 
179 95 0.015625 
179 76 0.015625 
179 146 0.015625 
180 46 0.5 
181 35 0.5 
181 99 0.0625 
181 150 0.0625 
182 173 0.5 
183 142 0.015625 
184 23 0.5 
184 40 0.0625 
185 135 0.015625 
185 98 0.015625 
185 117 0.5 
185 29 0.5 
185 221 0.0625 
186 128 0.0625 
187 20 0.0625 
188 26 0.015625 
188 220 0.5 
189 83 0.015625 
190 50 0.015625 
190 37 0.015625 
190 56 0.015625 
191 20 0.015625 
191 60 0.5 
192 12 0.015625 
193 65 0.5 
193 134 0.015625 
194 123 0.5 
194 66 0.0625 
194 135 0.0625 
194 68 0.0625 
194 98 0.0625 
194 206 0.015625 
195 132 0.5 
196 75 0.015625 
196 129 0.015625 
196 147 0.015625 
196 103 0.015625 
197 95 0.5 
198 36 0.5 
198 22 0.015625 
199 73 0.0625 
199 112 0.0625 
199 166 0.0625 
200 56 0.5 
200 24 0.0625 
200 37 0.5 
201 58 0.015625 
202 55 0.0625 
202 92 0.5 
203 157 0.0625 
203 82 0.5 
203 106 0.0625 
203 492 0.0625 
204 122 0.5 
205 26 0.0625 
205 167 0.5 
206 28 0.015625 
206 36 0.0625 
206 194 0.015625 
206 22 0.015625 
207 151 0.5 
207 126 0.015625 
207 47 0.015625 
208 69 0.0625 
209 65 0.015625 
209 141 0.0625 
210 49 0.5 
211 15 0.015625 
212 75 0.015625 
212 163 0.0625 
213 178 0.5 
213 99 0.015625 
213 150 0.0625 
213 35 0.5 
213 172 0.015625 
214 14 0.0625 
214 32 0.0625 
214 31 0.0625 
215 84 0.5 
216 207 0.5 
216 47 0.5 
216 126 0.5 
217 165 0.5 
217 62 0.015625 
218 64 0.0625 
219 136 0.015625 
219 50 0.5 
220 188 0.0625 
221 185 0.015625 
221 29 0.0625 
221 98 0.0625 
221 117 0.015625 
221 135 0.0625 
222 105 0.015625 
222 154 0.015625 
222 67 0.015625 
222 130 0.0625 
222 96 0.5 
223 117 0.015625 
223 55 0.5 
223 147 0.0625 
223 26 0.015625 
223 224 0.015625 
223 225 0.0625 
223 227 0.0625 
223 228 0.5 
223 231 0.5 
223 235 0.0625 
224 223 0.0625 
225 223 0.0625 
225 226 0.5 
225 228 0.015625 
225 230 0.5 
226 225 0.015625 
226 230 0.015625 
226 232 0.5 
226 236 0.015625 
227 223 0.5 
228 223 0.0625 
228 225 0.5 
228 229 0.0625 
228 234 0.5 
228 492 0.015625 
229 228 0.0625 
229 234 0.5 
230 225 0.0625 
230 226 0.0625 
230 233 0.5 
231 223 0.015625 
231 237 0.015625 
232 226 0.5 
232 236 0.5 
233 230 0.5 
233 232 0.0625 
234 229 0.5 
234 228 0.5 
235 223 0.0625 
236 232 0.5 
236 226 0.0625 
237 231 0.0625 
238 157 0.0625 
238 98 0.5 
238 235 0.015625 
238 8 0.0625 
238 75 0.015625 
238 239 0.015625 
238 245 0.015625 
238 250 0.0625 
239 238 0.0625 
239 240 0.5 
239 241 0.5 
239 464 0.015625 
240 239 0.5 
240 242 0.0625 
240 244 0.0625 
240 247 0.0625 
240 249 0.0625 
240 251 0.015625 
240 252 0.0625 
240 254 0.5 
240 255 0.5 
241 239 0.5 
241 240 0.0625 
242 240 0.5 
242 243 0.0625 
242 251 0.0625 
242 253 0.015625 
243 242 0.5 
243 238 0.5 
244 240 0.5 
244 239 0.0625 
244 246 0.0625 
244 248 0.0625 
245 238 0.5 
246 244 0.015625 
247 240 0.5 
247 249 0.0625 
247 255 0.0625 
248 244 0.015625 
249 240 0.0625 
249 247 0.5 
250 245 0.5 
250 238 0.0625 
251 240 0.015625 
251 242 0.0625 
252 240 0.5 
252 255 0.0625 
253 242 0.015625 
254 240 0.5 
255 252 0.5 
255 240 0.015625 
255 247 0.015625 
256 85 0.0625 
256 57 0.0625 
256 4 0.5 
256 3 0.5 
256 36 0.0625 
256 257 0.0625 
256 259 0.0625 
257 256 0.0625 
257 258 0.5 
258 257 0.5 
259 256 0.0625 
259 260 0.015625 
260 259 0.5 
261 14 0.5 
261 31 0.5 
261 12 0.5 
261 262 0.5 
262 261 0.015625 
263 0 0.015625 
263 223 0.015625 
263 153 0.015625 
263 9 0.015625 
263 24 0.015625 
263 264 0.015625 
263 265 0.015625 
263 266 0.015625 
263 270 0.015625 
263 277 0.015625 
263 280 0.0625 
263 290 0.0625 
263 300 0.0625 
263 308 0.5 
263 311 0.015625 
263 339 0.0625 
263 365 0.5 
263 404 0.5 
263 431 0.015625 
264 263 0.015625 
264 266 0.015625 
264 268 0.5 
264 295 0.5 
264 306 0.015625 
264 378 0.0625 
264 425 0.0625 
265 263 0.0625 
265 267 0.0625 
265 272 0.0625 
265 280 0.015625 
265 301 0.0625 
265 310 0.5 
265 314 0.015625 
266 263 0.015625 
266 265 0.015625 
266 264 0.5 
266 269 0.015625 
266 275 0.5 
266 281 0.5 
266 282 0.015625 
266 287 0.0625 
266 296 0.0625 
266 326 0.0625 
266 349 0.015625 
266 371 0.015625 
266 402 0.5 
266 449 0.015625 
266 455 0.5 
266 457 0.5 
267 263 0.0625 
267 265 0.015625 
267 274 0.0625 
267 373 0.5 
268 264 0.015625 
268 295 0.5 
269 266 0.5 
269 273 0.5 
269 282 0.5 
269 307 0.015625 
269 346 0.5 
269 371 0.0625 
270 263 0.0625 
270 271 0.0625 
270 279 0.5 
270 285 0.0625 
270 286 0.015625 
270 291 0.5 
270 362 0.5 
270 419 0.0625 
270 446 0.015625 
271 270 0.015625 
271 272 0.015625 
271 293 0.5 
271 320 0.5 
271 324 0.0625 
271 341 0.0625 
271 427 0.5 
272 265 0.015625 
272 271 0.015625 
272 283 0.015625 
272 343 0.5 
273 269 0.5 
273 299 0.0625 
273 327 0.5 
273 330 0.5 
273 338 0.5 
273 340 0.015625 
273 389 0.0625 
274 267 0.0625 
274 270 0.5 
274 284 0.5 
274 311 0.0625 
274 328 0.0625 
275 266 0.5 
275 276 0.5 
275 278 0.015625 
275 296 0.015625 
275 302 0.015625 
275 361 0.015625 
275 386 0.015625 
275 387 0.0625 
275 408 0.015625 
276 275 0.015625 
276 278 0.0625 
276 361 0.0625 
276 386 0.5 
276 387 0.015625 
276 408 0.5 
276 423 0.0625 
277 266 0.5 
277 263 0.0625 
277 282 0.015625 
277 300 0.5 
277 380 0.015625 
278 275 0.015625 
278 276 0.015625 
278 298 0.015625 
278 305 0.5 
278 348 0.015625 
278 397 0.0625 
279 270 0.015625 
279 419 0.015625 
280 263 0.0625 
280 265 0.015625 
280 288 0.015625 
280 337 0.015625 
280 350 0.015625 
280 355 0.015625 
280 388 0.5 
280 407 0.5 
280 454 0.015625 
281 269 0.015625 
281 278 0.5 
281 266 0.5 
281 275 0.015625 
281 319 0.0625 
281 390 0.5 
282 277 0.5 
282 269 0.5 
282 266 0.0625 
282 297 0.015625 
283 272 0.0625 
283 303 0.5 
283 334 0.5 
283 363 0.015625 
283 373 0.5 
284 274 0.0625 
285 270 0.015625 
285 286 0.015625 
285 291 0.5 
285 303 0.015625 
285 316 0.5 
285 322 0.015625 
285 335 0.015625 
285 384 0.015625 
285 385 0.0625 
285 400 0.015625 
285 440 0.5 
286 285 0.015625 
286 283 0.5 
286 270 0.015625 
286 329 0.0625 
286 418 0.015625 
287 266 0.0625 
287 289 0.5 
287 304 0.5 
287 354 0.5 
287 402 0.5 
288 280 0.5 
288 292 0.5 
288 337 0.5 
288 350 0.015625 
288 353 0.015625 
288 454 0.0625 
289 274 0.015625 
289 287 0.015625 
289 270 0.5 
289 263 0.0625 
289 317 0.015625 
289 359 0.015625 
289 403 0.0625 
289 413 0.015625 
290 263 0.015625 
291 270 0.5 
291 285 0.5 
291 313 0.015625 
291 317 0.0625 
291 321 0.015625 
291 336 0.0625 
291 381 0.015625 
291 422 0.0625 
292 288 0.015625 
292 280 0.0625 
292 294 0.015625 
292 301 0.015625 
292 307 0.015625 
292 367 0.5 
292 406 0.015625 
292 449 0.0625 
293 271 0.5 
293 341 0.015625 
293 418 0.0625 
294 292 0.5 
294 406 0.5 
295 264 0.0625 
295 268 0.0625 
295 378 0.015625 
295 425 0.0625 
296 266 0.015625 
296 275 0.5 
296 386 0.5 
296 415 0.0625 
297 282 0.0625 
298 278 0.0625 
298 305 0.5 
298 338 0.015625 
299 273 0.5 
299 282 0.5 
299 309 0.0625 
299 327 0.0625 
299 366 0.0625 
300 263 0.5 
300 277 0.0625 
300 292 0.0625 
300 308 0.5 
300 315 0.015625 
301 265 0.0625 
301 292 0.0625 
301 325 0.015625 
301 363 0.0625 
301 398 0.015625 
301 399 0.015625 
301 492 0.0625 
302 275 0.5 
302 396 0.5 
303 285 0.0625 
303 283 0.5 
303 272 0.0625 
303 413 0.5 
304 287 0.015625 
304 289 0.015625 
304 386 0.5 
304 447 0.015625 
305 278 0.5 
305 298 0.0625 
306 264 0.5 
306 295 0.5 
306 312 0.5 
306 363 0.5 
306 378 0.5 
307 269 0.015625 
307 292 0.0625 
307 282 0.5 
307 340 0.0625 
307 344 0.5 
307 364 0.5 
307 367 0.5 
307 379 0.5 
307 392 0.5 
308 263 0.5 
308 290 0.015625 
308 300 0.015625 
308 372 0.0625 
309 299 0.5 
309 323 0.0625 
309 332 0.015625 
309 345 0.015625 
309 424 0.015625 
309 426 0.0625 
310 265 0.0625 
310 314 0.0625 
310 438 0.5 
311 263 0.015625 
311 274 0.0625 
311 377 0.015625 
311 425 0.5 
312 306 0.0625 
312 358 0.015625 
312 378 0.5 
313 291 0.015625 
313 321 0.5 
313 336 0.5 
313 422 0.015625 
313 445 0.015625 
314 265 0.5 
314 310 0.0625 
314 301 0.5 
314 443 0.5 
315 300 0.0625 
316 285 0.5 
317 289 0.015625 
317 291 0.0625 
317 318 0.0625 
317 333 0.5 
317 342 0.015625 
317 347 0.5 
317 394 0.0625 
317 412 0.015625 
318 317 0.0625 
318 442 0.0625 
319 281 0.0625 
319 390 0.5 
319 397 0.0625 
320 271 0.5 
321 291 0.015625 
321 313 0.0625 
321 381 0.015625 
322 285 0.5 
323 309 0.5 
323 351 0.015625 
323 356 0.5 
323 452 0.0625 
324 271 0.0625 
324 341 0.5 
325 301 0.5 
326 266 0.0625 
326 457 0.0625 
327 299 0.5 
327 273 0.5 
327 269 0.015625 
327 371 0.0625 
328 289 0.0625 
328 274 0.5 
328 263 0.015625 
328 459 0.5 
329 286 0.0625 
330 327 0.015625 
330 273 0.015625 
330 356 0.0625 
330 368 0.0625 
330 375 0.5 
330 389 0.5 
331 269 0.0625 
332 309 0.015625 
333 317 0.5 
333 342 0.0625 
333 347 0.5 
333 394 0.015625 
334 283 0.015625 
335 285 0.5 
335 384 0.0625 
336 291 0.5 
336 313 0.0625 
336 357 0.0625 
336 421 0.015625 
336 430 0.015625 
337 280 0.0625 
337 288 0.5 
337 314 0.0625 
337 338 0.5 
337 364 0.0625 
337 370 0.015625 
338 273 0.0625 
338 337 0.015625 
338 307 0.015625 
338 298 0.5 
338 432 0.0625 
339 263 0.0625 
339 431 0.5 
340 273 0.0625 
340 307 0.0625 
340 364 0.0625 
341 293 0.5 
341 324 0.015625 
341 271 0.0625 
342 317 0.0625 
342 333 0.0625 
342 347 0.015625 
342 394 0.0625 
343 272 0.015625 
344 307 0.015625 
345 309 0.5 
345 352 0.0625 
345 374 0.5 
345 414 0.5 
345 444 0.0625 
346 269 0.0625 
347 317 0.015625 
347 333 0.015625 
347 342 0.0625 
348 278 0.015625 
348 305 0.5 
348 298 0.015625 
349 266 0.0625 
349 455 0.0625 
349 457 0.015625 
350 280 0.015625 
350 288 0.5 
350 382 0.015625 
350 407 0.015625 
350 454 0.5 
351 323 0.0625 
352 345 0.0625 
352 374 0.015625 
352 444 0.015625 
353 288 0.015625 
353 280 0.5 
353 355 0.015625 
353 365 0.5 
353 407 0.0625 
353 454 0.5 
354 287 0.015625 
355 280 0.0625 
355 353 0.015625 
355 379 0.0625 
356 330 0.015625 
356 323 0.0625 
356 376 0.5 
356 414 0.5 
357 336 0.5 
357 421 0.0625 
357 430 0.015625 
358 312 0.015625 
358 306 0.5 
358 295 0.5 
358 451 0.0625 
359 289 0.5 
359 302 0.015625 
359 360 0.0625 
360 359 0.0625 
360 302 0.0625 
360 442 0.0625 
361 276 0.015625 
361 275 0.015625 
361 387 0.5 
361 393 0.0625 
362 270 0.0625 
363 283 0.5 
363 301 0.0625 
363 306 0.0625 
364 337 0.0625 
364 340 0.5 
364 307 0.0625 
364 439 0.5 
365 353 0.015625 
365 280 0.5 
365 263 0.0625 
365 435 0.5 
366 299 0.0625 
367 307 0.0625 
367 337 0.5 
367 292 0.5 
367 383 0.0625 
367 395 0.0625 
367 436 0.5 
367 460 0.015625 
368 330 0.5 
369 299 0.5 
369 296 0.015625 
369 351 0.5 
369 401 0.5 
370 337 0.5 
371 266 0.015625 
371 269 0.0625 
371 327 0.015625 
371 433 0.015625 
372 308 0.5 
372 267 0.015625 
372 265 0.0625 
372 264 0.5 
373 267 0.5 
373 283 0.5 
374 345 0.5 
374 352 0.015625 
374 414 0.015625 
375 330 0.5 
375 356 0.0625 
376 356 0.015625 
376 351 0.0625 
377 311 0.015625 
378 295 0.015625 
378 264 0.0625 
378 306 0.0625 
378 312 0.015625 
378 455 0.0625 
379 355 0.015625 
379 307 0.5 
379 292 0.5 
380 277 0.5 
380 365 0.0625 
380 450 0.5 
381 321 0.0625 
381 291 0.0625 
381 428 0.5 
381 445 0.5 
382 350 0.5 
382 288 0.5 
383 367 0.5 
383 395 0.5 
383 405 0.0625 
383 460 0.0625 
384 316 0.015625 
384 285 0.5 
384 335 0.5 
384 385 0.0625 
384 400 0.5 
384 440 0.5 
385 285 0.015625 
385 384 0.5 
385 400 0.015625 
385 413 0.0625 
386 296 0.015625 
386 275 0.015625 
386 276 0.0625 
386 304 0.015625 
386 411 0.0625 
387 275 0.0625 
387 361 0.015625 
387 276 0.5 
387 393 0.0625 
387 423 0.015625 
388 353 0.015625 
388 280 0.015625 
388 382 0.5 
389 273 0.5 
389 330 0.5 
390 281 0.015625 
390 319 0.5 
390 397 0.5 
391 301 0.0625 
391 334 0.0625 
391 283 0.015625 
391 409 0.0625 
391 410 0.015625 
391 429 0.015625 
392 307 0.0625 
393 275 0.0625 
393 361 0.0625 
393 276 0.0625 
393 387 0.015625 
394 333 0.015625 
394 317 0.5 
394 342 0.0625 
394 412 0.015625 
395 367 0.5 
395 383 0.5 
395 436 0.015625 
396 302 0.015625 
397 390 0.5 
397 278 0.015625 
397 319 0.0625 
397 417 0.015625 
398 301 0.015625 
398 399 0.015625 
399 301 0.0625 
399 398 0.015625 
400 285 0.0625 
400 384 0.0625 
400 385 0.5 
401 377 0.015625 
401 369 0.015625 
402 397 0.0625 
402 287 0.5 
402 266 0.5 
402 396 0.015625 
403 289 0.0625 
404 263 0.015625 
405 383 0.015625 
405 395 0.5 
405 367 0.5 
406 292 0.0625 
406 294 0.0625 
406 449 0.0625 
407 280 0.0625 
407 350 0.5 
407 353 0.0625 
408 275 0.0625 
408 276 0.5 
408 453 0.0625 
409 391 0.015625 
409 410 0.015625 
409 429 0.5 
410 409 0.5 
410 391 0.5 
410 416 0.5 
410 429 0.0625 
411 386 0.0625 
411 349 0.5 
411 326 0.0625 
411 420 0.5 
412 317 0.5 
412 342 0.5 
412 394 0.5 
413 311 0.015625 
413 385 0.0625 
413 328 0.0625 
413 289 0.0625 
413 303 0.0625 
413 458 0.0625 
414 356 0.0625 
414 389 0.0625 
414 345 0.0625 
414 374 0.015625 
414 330 0.015625 
415 296 0.0625 
415 433 0.5 
416 391 0.5 
416 409 0.0625 
416 410 0.0625 
416 479 0.015625 
417 397 0.5 
418 286 0.0625 
418 293 0.0625 
418 441 0.015625 
419 279 0.5 
419 270 0.5 
420 411 0.0625 
421 336 0.0625 
421 357 0.0625 
422 313 0.5 
422 291 0.015625 
422 321 0.015625 
423 275 0.015625 
423 387 0.5 
423 276 0.0625 
424 309 0.5 
424 414 0.015625 
424 330 0.015625 
424 448 0.5 
425 268 0.0625 
425 311 0.0625 
425 295 0.0625 
425 264 0.0625 
426 309 0.015625 
427 271 0.5 
428 422 0.0625 
428 313 0.5 
428 291 0.0625 
428 381 0.0625 
429 410 0.5 
429 391 0.015625 
429 409 0.5 
430 336 0.015625 
430 357 0.0625 
431 263 0.015625 
431 339 0.5 
432 338 0.5 
433 371 0.015625 
433 420 0.0625 
433 411 0.0625 
433 415 0.015625 
433 296 0.015625 
434 307 0.5 
435 365 0.015625 
436 367 0.015625 
436 395 0.015625 
437 270 0.5 
437 339 0.015625 
437 263 0.015625 
438 265 0.015625 
438 310 0.5 
439 364 0.0625 
440 384 0.0625 
440 285 0.5 
441 418 0.5 
442 360 0.0625 
442 318 0.015625 
443 314 0.5 
444 352 0.015625 
444 340 0.015625 
444 374 0.0625 
444 345 0.5 
445 313 0.0625 
445 381 0.5 
445 321 0.0625 
446 419 0.015625 
446 270 0.5 
447 304 0.015625 
448 424 0.0625 
449 349 0.5 
449 406 0.015625 
449 292 0.015625 
449 266 0.015625 
450 380 0.015625 
451 358 0.0625 
452 351 0.5 
452 323 0.0625 
453 423 0.5 
453 276 0.015625 
453 408 0.5 
454 288 0.015625 
454 350 0.5 
454 353 0.5 
454 280 0.0625 
455 349 0.015625 
455 378 0.0625 
455 266 0.015625 
456 402 0.5 
457 266 0.0625 
457 326 0.015625 
457 349 0.015625 
458 413 0.5 
459 328 0.0625 
460 405 0.015625 
460 395 0.5 
460 367 0.5 
460 383 0.5 
461 272 0.015625 
461 324 0.5 
461 223 0.5 
461 285 0.5 
461 148 0.5 
461 462 0.5 
462 461 0.0625 
462 463 0.0625 
463 462 0.015625 
464 66 0.0625 
464 24 0.0625 
464 50 0.5 
464 137 0.0625 
464 239 0.0625 
464 465 0.0625 
464 470 0.5 
464 471 0.0625 
464 475 0.015625 
465 464 0.5 
465 466 0.015625 
465 467 0.5 
465 476 0.0625 
466 465 0.015625 
466 468 0.015625 
466 469 0.5 
466 473 0.015625 
467 465 0.5 
468 466 0.015625 
469 466 0.015625 
469 474 0.0625 
470 464 0.015625 
470 478 0.0625 
471 464 0.0625 
471 470 0.0625 
471 472 0.0625 
472 471 0.5 
473 466 0.015625 
474 469 0.015625 
474 477 0.5 
475 464 0.0625 
476 465 0.015625 
477 474 0.0625 
478 470 0.5 
479 301 0.015625 
479 228 0.5 
479 416 0.015625 
479 26 0.5 
479 280 0.015625 
479 480 0.0625 
480 479 0.0625 
481 379 0.0625 
481 263 0.0625 
481 130 0.015625 
481 280 0.0625 
481 66 0.015625 
481 482 0.015625 
481 483 0.5 
481 484 0.5 
481 485 0.015625 
481 487 0.0625 
481 488 0.5 
482 481 0.5 
482 485 0.5 
482 486 0.0625 
482 489 0.015625 
483 481 0.5 
484 481 0.015625 
484 487 0.5 
485 482 0.015625 
485 481 0.0625 
485 483 0.0625 
485 489 0.015625 
485 491 0.0625 
486 481 0.0625 
486 482 0.015625 
487 484 0.0625 
487 481 0.0625 
487 490 0.5 
488 481 0.5 
489 481 0.0625 
489 482 0.015625 
489 485 0.015625 
490 487 0.0625 
491 485 0.0625 
492 301 0.5 
492 228 0.0625 
492 203 0.015625 
492 185 0.5 
492 494 0.0625 
492 496 0.0625 
492 497 0.015625 
492 498 0.5 
493 492 0.5 
494 492 0.0625 
494 495 0.5 
495 494 0.015625 
496 492 0.015625 
497 492 0.015625 
497 498 0.0625 
497 499 0.5 
498 492 0.5 
498 493 0.0625 
498 497 0.0625 
499 497 0.5 
499 495 0.0625 
