500
0 1 0.13109361235157468 
0 2 0.3605531949319236 
0 3 0.21696966476868118 
0 263 0.9858122427679271 
1 0 0.3223323775520103 
2 0 0.17780897780954008 
3 0 0.23673285583258663 
3 4 0.4237401690918067 
3 5 0.0875912268643173 
4 3 0.7176276149857718 
4 5 0.735377564941104 
4 12 0.37011688523951913 
5 4 0.13650547817773717 
5 3 0.41121220630375477 
5 6 0.29125678936730537 
5 8 0.09399381957807273 
5 9 0.8094393575937446 
5 10 0.48966093515436904 
5 12 0.630623345024594 
6 5 0.36344477306193723 
6 7 0.7746076232826633 
6 12 0.4730552372375618 
7 6 0.7697112269768446 
8 5 0.8283768803721979 
8 9 0.5756272136357755 
8 238 0.8199308620227385 
9 5 0.3612488434319101 
9 8 0.38864767554612734 
9 10 0.32504724647289274 
9 11 0.5230789496791503 
9 263 0.4246156119796176 
10 5 0.019006152213635774 
10 9 0.3998884333293291 
11 9 0.7588171236312129 
12 6 0.6500255265585139 
12 4 0.5286447769884176 
12 5 0.8612062607668625 
12 13 0.09133971401987961 
12 14 0.23926793096276966 
12 15 0.4311167566830183 
12 22 0.34544360569759636 
12 23 0.6139583840500236 
12 28 0.18201631359965054 
12 38 0.5751568559898106 
12 64 0.7511844236711829 
12 132 0.49147362543659356 
12 192 0.6949819132211343 
12 261 0.09992394393509008 
13 12 0.18252292919075808 
13 16 0.20444405630427975 
13 18 0.12359153735453132 
13 30 0.029152693792161122 
13 45 0.9035161036636378 
13 48 0.3816724809401483 
13 49 0.29533004182365663 
13 95 0.39864503915301375 
13 175 0.6188889094406864 
14 12 0.4538980756009443 
14 31 0.8240811651756033 
14 61 0.7118363163353112 
14 214 0.8037101524688687 
14 261 0.9493895633224886 
15 12 0.8518933397876046 
15 89 0.6374832454581044 
15 91 0.9846143961262367 
15 211 0.6153585281797054 
16 13 0.21203099530560576 
16 17 0.9182650883268678 
16 19 0.20851493908640306 
16 34 0.8737671147568615 
16 57 0.36326240415333877 
16 80 0.34407921423395926 
16 82 0.9387616785058079 
17 16 0.11433678460948427 
17 41 0.7703436383775898 
17 43 0.9733811051904576 
17 57 0.908969117145352 
18 13 0.7108347380221122 
18 21 0.9631858709291611 
18 24 0.20288490679797166 
18 44 0.17179436886012223 
18 45 0.8066991439017925 
18 65 0.18542073116147506 
18 78 0.4158577183702188 
19 16 0.7321799181778936 
19 20 0.4919454790882656 
19 25 0.02044563190324533 
19 100 0.6140228437049535 
20 19 0.8548912124475705 
20 26 0.6485437799164316 
20 27 0.9963810647335837 
20 29 0.029232691434128655 
20 60 0.40970059062624153 
20 62 0.9035823692489584 
20 134 0.7508635684682802 
20 187 0.04193649966653479 
20 191 0.8206159235296425 
21 18 0.7405669582988909 
21 51 0.4136901912711336 
21 59 0.1690951051270272 
22 12 0.34437820740476455 
22 36 0.18312425984447422 
22 85 0.41798262714601897 
22 107 0.2480531189841857 
22 137 0.2561013157896087 
22 198 0.60061909845293 
23 12 0.189017736601357 
23 40 0.05012305778361792 
23 42 0.2845543979197217 
23 132 0.47815546325095093 
23 184 0.9992593601947447 
24 18 0.5038359636154289 
24 37 0.31934461262510094 
24 50 0.318867451157518 
24 55 0.4090784525695561 
24 56 0.6502815628443355 
24 65 0.8395339452913182 
24 139 0.4528651210863658 
24 168 0.00462633646627264 
25 19 0.631377540250014 
25 35 0.24163368861500834 
25 77 0.5546046239250009 
26 24 0.7942038037694151 
26 20 0.8003176356715459 
26 29 0.18823735791788276 
26 33 0.9726007578559234 
26 54 0.3109759389683485 
26 62 0.01781973973598827 
26 87 0.7069983194153137 
26 113 0.6222118044972951 
26 140 0.7430652534978128 
26 188 0.6276484537085935 
26 205 0.1973180863654599 
26 479 0.2090241989402596 
27 20 0.1433848264931309 
27 33 0.7957080576839884 
27 79 0.16105984043165122 
27 125 0.9344735095784628 
27 138 0.7086291586063281 
28 12 0.07257644010836806 
28 145 0.20444329232659209 
28 169 0.38503765996982364 
29 20 0.9393929431088087 
29 26 0.24891859456368415 
29 62 0.9490451016564786 
29 81 0.6971894331834516 
29 98 0.028473959826281536 
29 117 0.1523968822645032 
29 221 0.6631040403062575 
30 13 0.6161167007811297 
30 41 0.0857954094871951 
30 54 0.8547806864860887 
30 80 0.5686633350289276 
30 82 0.11801268222659556 
30 94 0.06735284700400046 
30 121 0.12238858697446398 
30 171 0.6367307261096741 
31 14 0.6567281546915575 
31 32 0.1936500264999007 
32 31 0.3309617530835498 
32 14 0.8347825653506291 
32 214 0.8170471715263256 
33 26 0.4273380941204087 
33 19 0.6154165567129932 
33 27 0.6805017482784087 
33 20 0.36187533031578867 
33 39 0.854095903811423 
33 71 0.4132090856948195 
33 87 0.40188966755074074 
33 122 0.372780059140421 
34 16 0.976016038146575 
35 25 0.8935618628272549 
35 47 0.6867743488138637 
35 58 0.5054979459280827 
35 73 0.5036825627806222 
35 74 0.652198077849859 
35 93 0.06239095507586656 
35 99 0.6266719005444564 
35 148 0.32909639028099247 
35 150 0.34957587814047264 
35 172 0.02175013676381954 
35 213 0.2570014553985396 
36 22 0.5758286585229625 
36 85 0.8486640147097457 
36 107 0.9415543826715078 
36 198 0.18443807862427775 
37 24 0.4121804824015354 
37 75 0.514698234843765 
37 190 0.9531368696232974 
37 200 0.9417510480709489 
38 12 0.05029412736582617 
38 64 0.19427141613512644 
39 33 0.6028940419930386 
39 173 0.3000766003967532 
40 23 0.8674503305909026 
40 42 0.7386021396970451 
41 30 0.5392776233020012 
41 17 0.5340434978310342 
41 49 0.7080882240772114 
41 86 0.6591670166813101 
41 114 0.439431724801268 
42 40 0.6477109034645805 
42 23 0.25626265093063716 
42 52 0.22844027650694354 
42 63 0.06207675707154914 
43 17 0.5281190118979556 
43 83 0.4756866971893631 
43 124 0.7102519939466583 
44 18 0.7761368577089953 
44 46 0.3501887457862036 
45 18 0.4086264961355336 
45 13 0.7529243337557806 
46 44 0.46421340559837077 
46 53 0.9425666380076583 
46 66 0.9030139645511993 
46 180 0.4312900417925134 
47 35 0.6712615213506996 
47 73 0.4323574720567863 
47 113 0.22932699572399373 
47 116 0.6273372194560316 
47 126 0.9120574361221234 
47 151 0.2919394223039763 
47 170 0.984551855148937 
47 177 0.23655647167358762 
47 207 0.7505159442113275 
47 216 0.024438487311210677 
48 13 0.2156330088570403 
49 41 0.9599909055967377 
49 13 0.5116512497412332 
49 210 0.8683487722640258 
50 24 0.11514926641753698 
50 37 0.2199986360539612 
50 75 0.10765964562694719 
50 190 0.8189813853402573 
51 22 0.9888507218917649 
51 21 0.14336024809256764 
51 52 0.7893163776563336 
52 42 0.3718964119689486 
52 51 0.4597055540339927 
52 84 0.9062423472871931 
53 46 0.31696456813553453 
54 26 0.5021059248266445 
54 30 0.9670187850927626 
54 50 0.48707296674117195 
55 24 0.8729479412223242 
55 20 0.7895282984919879 
55 78 0.10153380715496008 
55 79 0.9539982275136588 
55 92 0.07369198090545392 
55 110 0.8399393373517322 
55 202 0.7961385712249901 
55 223 0.7832819785927179 
56 24 0.18500215443575907 
56 37 0.5038362096082485 
56 190 0.18675425175440719 
56 200 0.036616360603374476 
57 16 0.6075682016905034 
57 17 0.32733309742715144 
57 101 0.9283562439923713 
57 164 0.6269105713435156 
58 35 0.3542103648456829 
58 47 0.5332458032195778 
58 69 0.9047955973051908 
58 70 0.5845548337266582 
58 79 0.35450077086105314 
58 201 0.6108400132471941 
59 21 0.7283371294899273 
59 115 0.2941760730076356 
59 123 0.42513590666825773 
59 139 0.11778242929943394 
59 155 0.5636859543500784 
59 164 0.9248608132526301 
60 20 0.3222323895177054 
60 191 0.4293178323155087 
61 14 0.8686177205618537 
61 31 0.19709052885124279 
61 32 0.3547662072267005 
61 12 0.8993575644088123 
62 26 0.7543849314518138 
62 29 0.27353443221576623 
62 20 0.9111451513346006 
62 165 0.9561308630784062 
62 217 0.687112574181717 
63 42 0.7559227803239392 
64 12 0.09454846217989954 
64 38 0.10415306808528113 
64 89 0.4604348578919494 
64 218 0.5548314330818687 
65 24 0.5756198159581762 
65 18 0.18331436154949377 
65 174 0.8983668783268538 
65 193 0.5712184904945334 
65 209 0.9517299435138206 
66 36 0.6657818467319851 
66 46 0.9241243859052658 
66 21 0.985950031416986 
66 67 0.5107596080694281 
66 68 0.8294504426054564 
66 96 0.8949423121234165 
66 105 0.7930168144567848 
66 464 0.46162778619534384 
67 66 0.9554698987705017 
67 68 0.965444098892269 
67 96 0.3722368020011977 
67 130 0.8885430364465966 
68 66 0.6325372855576199 
68 67 0.7223080301865054 
68 75 0.32802565965564323 
68 96 0.1744179154090335 
69 58 0.2220408248803699 
69 76 0.44337732294770016 
69 128 0.4416647684760986 
69 208 0.5287838437700535 
70 58 0.8859401950376541 
71 33 0.45548064594413995 
72 58 0.6940048790883289 
72 45 0.6744291249047502 
72 33 0.050256470351156324 
72 118 0.5865070931781313 
73 47 0.6749933300946179 
73 35 0.21142801669394318 
73 77 0.313199594055096 
73 112 0.8068813831006779 
73 156 0.7626403532893955 
73 166 0.31705923294364025 
73 199 0.6222237502914157 
74 35 0.04580058864096803 
74 55 0.48891963022403817 
75 24 0.6668919165969339 
75 37 0.6958503263191768 
75 50 0.8130373362367584 
75 29 0.021340317335526438 
75 68 0.27657478976917504 
75 103 0.6811570950290746 
75 104 0.7142752616916894 
75 119 0.05379923701018807 
75 129 0.4242452532717178 
75 149 0.22726348762849724 
75 163 0.4212626953841808 
75 212 0.945115437072993 
75 238 0.007992583047435553 
76 69 0.7764062066758703 
76 108 0.33430866415715954 
76 179 0.24409573999781053 
77 73 0.3718084927199786 
77 25 0.32877060916471357 
77 88 0.5680132569772541 
77 144 0.641509907379868 
78 18 0.2597688658105237 
78 55 0.33848757963678133 
78 109 0.06910450844261173 
79 55 0.8937430797896752 
79 27 0.6401716370518151 
79 58 0.27462517889692817 
79 113 0.8484812556954757 
80 30 0.3401452609187773 
80 16 0.676412661817901 
80 158 0.7953982499739012 
81 29 0.1645378487818966 
82 30 0.5143464281437261 
82 16 0.568397838535428 
82 106 0.6990466576866485 
82 157 0.25972875665297845 
83 43 0.9753079464309605 
83 134 0.20257978260271126 
83 189 0.4660389579913192 
84 52 0.11420135743045978 
84 90 0.5808756253261859 
84 215 0.7954023899405391 
85 22 0.16839823548863386 
85 36 0.27442483304848697 
85 256 0.5730268533640941 
86 41 0.8045994157411265 
86 89 0.31971233734198945 
86 160 0.15812584050569067 
87 33 0.9946944699508927 
87 26 0.9339627095983165 
87 141 0.8219001206256642 
87 174 0.8189956420520446 
88 77 0.9877390241620514 
88 71 0.45517093385186325 
88 97 0.8641124621176532 
88 133 0.34563790343252265 
89 15 0.7013588522412948 
89 86 0.40030233958571104 
89 64 0.6823532941948195 
89 145 0.41944615211987646 
90 43 0.8468142882811496 
90 84 0.2294166495552339 
91 15 0.1820455816322959 
91 12 0.5105708491718158 
92 55 0.2118395637777838 
93 35 0.11527753961066989 
94 30 0.6728268645093612 
95 13 0.9289074619538322 
95 48 0.8978425779807349 
95 102 0.12077536242932707 
95 111 0.16804797052827825 
95 159 0.5680391190014114 
95 179 0.8087253995365628 
95 197 0.41998699579699716 
96 66 0.29639600227050034 
96 67 0.09391874107094378 
96 68 0.9857340129175377 
96 105 0.10998851352683525 
96 154 0.9267394554418836 
96 222 0.2245457254285591 
97 88 0.8595608812874626 
97 133 0.32503316493156953 
97 143 0.40492921956132755 
98 29 0.04477845700416372 
98 117 0.048355464291477857 
98 135 0.17076564475456835 
98 185 0.47177656454340344 
98 221 0.778911734561573 
98 238 0.6383167026662223 
99 35 0.7461181356246951 
99 93 0.541883797168375 
99 148 0.4341322457171952 
99 150 0.6027244169311485 
99 178 0.7383686890895851 
99 181 0.9565455441464169 
99 213 0.8057980027240547 
100 34 0.7315534983413358 
100 19 0.5385743958690098 
101 57 0.6586727841990473 
102 95 0.9359948658085105 
103 75 0.7738942313365973 
104 75 0.4466528751764427 
104 129 0.3884783466051578 
104 139 0.13614704026736102 
104 163 0.6964181276504409 
105 66 0.8348760460917087 
105 96 0.24189560997678838 
105 68 0.6939862738462628 
106 82 0.757942616072131 
106 203 0.9205934411126744 
107 22 0.9773122520953986 
107 36 0.28360755816820327 
107 137 0.17841787229776096 
108 76 0.6342622822703862 
108 69 0.36811696171038144 
108 128 0.9665805839155611 
109 78 0.8897965720244141 
110 55 0.8034870664943415 
110 92 0.8553662792079949 
111 95 0.9266521641938027 
111 127 0.8357546641330539 
112 73 0.2550612354722227 
112 199 0.14421616879091137 
113 79 0.8620713494421777 
113 26 0.6755296778251474 
113 47 0.6162105537902849 
113 131 0.6425311851173935 
114 41 0.9900323670266112 
115 59 0.5726400188901577 
115 123 0.9104673534978899 
116 47 0.155714129609829 
117 29 0.15056945410741795 
117 98 0.09910314397692166 
117 185 0.8248405364497968 
118 72 0.6720694510455304 
118 19 0.6222095633657264 
118 33 0.8152734206227322 
118 120 0.3986681817695076 
118 136 0.0456018313167279 
119 75 0.32584135010602777 
119 129 0.0013744558544080965 
119 147 0.07949228498517869 
119 149 0.9134469763051813 
120 118 0.618261980032639 
120 136 0.7982703253526154 
121 30 0.7287528008691929 
122 33 0.5708658540278869 
122 204 0.04535583169172097 
123 59 0.10313706583818594 
123 115 0.3440335613330806 
123 155 0.8233931059119447 
123 164 0.11838981804325155 
124 43 0.7857547310804451 
125 27 0.016612687095621137 
125 138 0.8027686712670015 
126 47 0.7308769342484608 
126 151 0.4085475869419912 
126 216 0.20384272238206436 
127 111 0.935946163547785 
128 69 0.7476637677556061 
128 108 0.73956489023769 
128 186 0.691387204710373 
129 119 0.5462039432819594 
129 75 0.03091794778821566 
129 104 0.3485585100352896 
130 105 0.012125503705881502 
130 67 0.15306929105421585 
130 66 0.8065744120122101 
130 96 0.45755691067538107 
130 481 0.9817228529784824 
131 113 0.1018585129998586 
131 73 0.5848014368435435 
131 112 0.7136806768177527 
131 74 0.066496200925515 
131 153 0.4586677876670665 
132 12 0.4947333494800309 
132 23 0.5999741193108145 
132 137 0.13060030684041357 
132 195 0.5368879266849674 
133 88 0.4924916484743652 
133 97 0.07630153885046786 
134 83 0.7613552701168147 
134 16 0.9734492061932891 
134 20 0.6195428396640615 
135 29 0.9117309573276131 
135 98 0.2385600952275595 
135 117 0.5812565172944932 
135 185 0.5342796662676238 
136 120 0.3828219773668138 
136 19 0.22780921845491886 
136 118 0.7083285727774715 
136 219 0.548270610308619 
137 107 0.6179020353410634 
137 132 0.2956574811815651 
137 22 0.02087687372834024 
138 27 0.5176127273983538 
138 125 0.49103952156853004 
138 142 0.7305035151109517 
139 20 0.38067109511669484 
139 59 0.8416614339676705 
139 24 0.48146513809948177 
139 104 0.4296057145047145 
139 162 0.9324391434154005 
139 176 0.9991093008491867 
140 26 0.2543081315324015 
140 167 0.2310952881429954 
141 87 0.3602622295872636 
141 174 0.8600812904187957 
141 209 0.7057400758174961 
142 116 0.03563854364790742 
142 138 0.7058214829759063 
142 27 0.3036415361543393 
142 183 0.20496490533174783 
143 97 0.15597017032943616 
143 133 0.5527841311408492 
144 77 0.23619499676151723 
145 89 0.32373599020014754 
145 28 0.8531363197257277 
146 102 0.2229966304779022 
146 95 0.3024286004983189 
146 127 0.6911128374393773 
146 80 0.857706465752201 
146 34 0.5196938682630223 
147 119 0.6972530037172111 
147 75 0.5296085565608443 
147 129 0.5191866741881401 
147 104 0.6800039613112523 
147 223 0.27087553312597246 
148 35 0.33176438308468903 
148 99 0.6262406426795039 
148 178 0.18374077391201293 
148 461 0.4288512900721577 
149 129 0.34588193928067135 
149 75 0.45307920627763276 
149 119 0.7538861189038484 
149 163 0.21620811822060892 
150 99 0.8992357985187761 
150 35 0.50285340516482 
150 172 0.8757846459551588 
150 181 0.17287703717819702 
151 47 0.058209827179540596 
151 126 0.38881656129861764 
151 207 0.9954881441122855 
152 26 0.9010793294987142 
153 131 0.6512385059314795 
153 263 0.1604463534892535 
154 96 0.6870603376662555 
154 67 0.10395664750494427 
154 66 0.23471151704731585 
154 222 0.10222820761536411 
155 59 0.4566408845744573 
155 123 0.24273665742060813 
155 115 0.9175794570692278 
156 73 0.45735912807178536 
157 82 0.8796563347297303 
157 106 0.017567099302313705 
157 203 0.3454911442951867 
158 80 0.8994339785167488 
159 95 0.02847724648500627 
160 86 0.24665451960240525 
161 107 0.09064200578654635 
161 22 0.6695931219515399 
162 139 0.7979257624313216 
163 75 0.20512191880496988 
163 149 0.3827481303602741 
163 103 0.6721560614222325 
163 104 0.13726882422403242 
163 212 0.33960449240642443 
164 59 0.4924692876219655 
164 123 0.714534608348265 
164 57 0.48417504740251693 
165 62 0.6034959652999801 
165 217 0.15871796268439864 
166 73 0.9319315769975447 
166 112 0.4895881582572764 
167 26 0.9241441968860024 
167 140 0.40274800589448234 
168 24 0.666303703131579 
168 50 0.984661936412249 
169 28 0.4457240866800447 
170 47 0.3646597583554251 
171 30 0.7846398218012979 
172 35 0.045949559832345166 
172 150 0.056997694742800475 
172 99 0.9286722935505455 
172 213 0.056012257525624554 
173 39 0.0016876418637711277 
173 122 0.1318282600859807 
173 33 0.12005370498912604 
173 182 0.05537608688451978 
174 65 0.07206582715739707 
174 141 0.8662473064823312 
174 87 0.890955847642698 
175 30 0.6799094859736052 
175 13 0.5423099689553599 
175 119 0.24267805204976867 
176 139 0.85188330505401 
177 151 0.05053570088904835 
177 47 0.260142666318932 
177 126 0.38546043705475386 
178 99 0.6420318990151463 
178 35 0.7165193733138338 
178 148 0.02220456601078802 
178 150 0.8992772917218488 
178 213 0.14730047352562214 
179 95 0.30139146201945943 
179 76 0.8768320628696691 
179 146 0.8638165395130214 
180 46 0.789393665879332 
181 35 0.4534108947693154 
181 99 0.5640799545975124 
181 150 0.9259809970989157 
182 173 0.9169108416094739 
183 142 0.7834497975624842 
184 23 0.44378085341705353 
184 40 0.6043554603938882 
185 135 0.10908964163613577 
185 98 0.5637851066533534 
185 117 0.9742831441281181 
185 29 0.9352507879852828 
185 221 0.14255193926945942 
186 128 0.3887474029787221 
187 20 0.790129825464959 
188 26 0.7430346298911583 
188 220 0.56781049915139 
189 83 0.5980702950535637 
190 50 0.7576785154255279 
190 37 0.7796215800528429 
190 56 0.16499021972353967 
191 20 0.9588738436977353 
191 60 0.19602970550828835 
192 12 0.2789043120124003 
193 65 0.3013195897814014 
193 134 0.32801105036964096 
194 123 0.578586212459701 
194 66 0.4132359142614629 
194 135 0.7241471822865712 
194 68 0.7820265511580442 
194 98 0.3022521229929551 
194 206 0.9383642934457123 
195 132 0.019326070455305433 
196 75 0.6173558239931732 
196 129 0.3739875707156638 
196 147 0.6224373306599675 
196 103 0.9535853933028846 
197 95 0.95094024690652 
198 36 0.8351440278601541 
198 22 0.010518270897180604 
199 73 0.30477937429898994 
199 112 0.2030422433431167 
199 166 0.7377719053560392 
200 56 0.769748279165635 
200 24 0.9658213329753712 
200 37 0.25303935093568963 
201 58 0.050691319843576554 
202 55 0.4106066850028882 
202 92 0.8906522782588436 
203 157 0.543938644101463 
203 82 0.27352330744335973 
203 106 0.351742600858863 
203 492 0.8256313590016217 
204 122 0.8832463334665895 
205 26 0.039824324768057306 
205 167 0.15195076702993537 
206 28 0.7985834701817207 
206 36 0.9277676051640693 
206 194 0.241095939583707 
206 22 0.8087057650250381 
207 151 0.987763011748484 
207 126 0.24453104595411257 
207 47 0.5159981688418865 
208 69 0.5376359045272697 
209 65 0.5098690603766197 
209 141 0.9108204192670807 
210 49 0.5750236619391637 
211 15 0.5955735769956353 
212 75 0.606599662597977 
212 163 0.7280172168257318 
213 178 0.5432526008446589 
213 99 0.9483842515365952 
213 150 0.8822786416055245 
213 35 0.7429844038532167 
213 172 0.9391126797981034 
214 14 0.5585829424767268 
214 32 0.7216372299880737 
214 31 0.7572785354130507 
215 84 0.8164989129078103 
216 207 0.9580718245340027 
216 47 0.34552581916222413 
216 126 0.7866332300237037 
217 165 0.019722899482415013 
217 62 0.737202460940299 
218 64 0.3757900249631624 
219 136 0.22524866025963552 
219 50 0.12934780691396852 
220 188 0.2442291359661325 
221 185 0.04565522578809833 
221 29 0.6321986019859063 
221 98 0.3730431938581703 
221 117 0.010263757868561041 
221 135 0.5443609231648843 
222 105 0.456681066646518 
222 154 0.1873980023970908 
222 67 0.8160287520021824 
222 130 0.7032283455136018 
222 96 0.5991465377298647 
223 117 0.7575962183729027 
223 55 0.7510314979393635 
223 147 0.15595959913968216 
223 26 0.8873397941012101 
223 224 0.45503820191835676 
223 225 0.7221612860657997 
223 227 0.7255251962401668 
223 228 0.9185724581716398 
223 231 0.40563467378881246 
223 235 0.4966915351527249 
224 223 0.9864409903908692 
225 223 0.41705814965137156 
225 226 0.9958701067157548 
225 228 0.16267135754804207 
225 230 0.7842689667239073 
226 225 0.4221491180539839 
226 230 0.7415357043704114 
226 232 0.06703050341492256 
226 236 0.1920471517307758 
227 223 0.6690406823999854 
228 223 0.5771827241328771 
228 225 0.3119577775779594 
228 229 0.7626878641085378 
228 234 0.03142211056604571 
228 492 0.6034737027718362 
229 228 0.8535815965485756 
229 234 0.2923778467220455 
230 225 0.4404269991190255 
230 226 0.2648257217514888 
230 233 0.5999590814923556 
231 223 0.31423343909928014 
231 237 0.38092658548089176 
232 226 0.5190164363515288 
232 236 0.01572853882374292 
233 230 0.3112730422022959 
233 232 0.6067893580310935 
234 229 0.9435945085129414 
234 228 0.4092575286933229 
235 223 0.8337095495813104 
236 232 0.377683911873146 
236 226 0.7015684838458303 
237 231 0.7716701370944937 
238 157 0.6220522666751828 
238 98 0.38646705336640397 
238 235 0.742857080470129 
238 8 0.14136119501017685 
238 75 0.39937961356835605 
238 239 0.7209345851047374 
238 245 0.38143330430310396 
238 250 0.10491825757994777 
239 238 0.6390728969160303 
239 240 0.6769578138440339 
239 241 0.41141342081813304 
239 464 0.8870313114353469 
240 239 0.4399561846903892 
240 242 0.04414268165469326 
240 244 0.825466769038496 
240 247 0.6306014754721916 
240 249 0.10922451815397549 
240 251 0.1837712568839338 
240 252 0.20674431218552158 
240 254 0.5019938151833861 
240 255 0.09313071904100745 
241 239 0.1595527189794701 
241 240 0.30077434498429434 
242 240 0.5903491018213199 
242 243 0.20909024791839503 
242 251 0.595559793573538 
242 253 0.4891939749227928 
243 242 0.43749573681737297 
243 238 0.934094103300565 
244 240 0.3906878172438556 
244 239 0.051759151305197926 
244 246 0.6231685231222669 
244 248 0.3036427763235786 
245 238 0.7499070034576354 
246 244 0.42277122241591725 
247 240 0.5946528739195815 
247 249 0.819144362245085 
247 255 0.47916698839313066 
248 244 0.5184890107018931 
249 240 0.6092346471636221 
249 247 0.053425845730813326 
250 245 0.09925084727893374 
250 238 0.35545073603632815 
251 240 0.0055237331759903086 
251 242 0.5723297527930339 
252 240 0.11164619250624808 
252 255 0.8215318799003248 
253 242 0.8032310233937378 
254 240 0.030073543428115634 
255 252 0.3521797473023257 
255 240 0.1304782382230868 
255 247 0.3853832619804578 
256 85 0.6528935035216706 
256 57 0.6447623457963898 
256 4 0.35894729095342937 
256 3 0.2091201814879683 
256 36 0.7741142373711494 
256 257 0.4580384710263804 
256 259 0.5985167690914031 
257 256 0.18189895048671856 
257 258 0.5652630381856979 
258 257 0.3950463965004045 
259 256 0.10795297939747839 
259 260 0.40116996941214356 
260 259 0.8570270296578666 
261 14 0.3329907503431945 
261 31 0.27351199243066293 
261 12 0.6410351741764854 
261 262 0.8848254594982333 
262 261 0.3443241032531208 
263 0 0.42919800223361626 
263 223 0.5650345654082981 
263 153 0.9573734460738952 
263 9 0.8020806911522919 
263 24 0.6456783321705305 
263 264 0.32265544056026174 
263 265 0.04935885524007033 
263 266 0.2152432253358294 
263 270 0.6229851497997453 
263 277 0.47507721045140383 
263 280 0.21799474485767356 
263 290 0.6972835851333571 
263 300 0.5388226981655757 
263 308 0.1987712459727239 
263 311 0.1812829799394391 
263 339 0.7629574599324139 
263 365 0.08158018451839077 
263 404 0.199582021406562 
263 431 0.35449763817834823 
264 263 0.40101117435295563 
264 266 0.5089977912913825 
264 268 0.09381741023115786 
264 295 0.9885680620156888 
264 306 0.08199224831468999 
264 378 0.8306742973811995 
264 425 0.5670878961621666 
265 263 0.8855992834089343 
265 267 0.21185909363021638 
265 272 0.5666768935832225 
265 280 0.7063545101110843 
265 301 0.7900930021947383 
265 310 0.5272445123264313 
265 314 0.43657199222271503 
266 263 0.6051711073600361 
266 265 0.48136799318283807 
266 264 0.1458055210829704 
266 269 0.7396162410323808 
266 275 0.5484692660043465 
266 281 0.9485725299922264 
266 282 0.9310012060386313 
266 287 0.07700243780582805 
266 296 0.14581763967636752 
266 326 0.10909218341089955 
266 349 0.8664158774738081 
266 371 0.1708913483859794 
266 402 0.05183168901907198 
266 449 0.8953645884190605 
266 455 0.7838200728766928 
266 457 0.27807955244369087 
267 263 0.7435243403146986 
267 265 0.7596623873133568 
267 274 0.5987951585902715 
267 373 0.8524741389501482 
268 264 0.061465003647183325 
268 295 0.29887107840086047 
269 266 0.20192100960022719 
269 273 0.1537603646019109 
269 282 0.11246184574840845 
269 307 0.13045040275746256 
269 346 0.7388376518697395 
269 371 0.2658711583124561 
270 263 0.30546768435841054 
270 271 0.8888300576561189 
270 279 0.5661254779027677 
270 285 0.9141560484696187 
270 286 0.5888712678464719 
270 291 0.3814902172766328 
270 362 0.9583133083955714 
270 419 0.9914663353016845 
270 446 0.8526930966910762 
271 270 0.48177299930765594 
271 272 0.4555553949305231 
271 293 0.891499798645354 
271 320 0.13727268180947527 
271 324 0.384038509264808 
271 341 0.9512389237511815 
271 427 0.6673231609143863 
272 265 0.5078474352200122 
272 271 0.2094316771325001 
272 283 0.1353947073658498 
272 343 0.2981863198842418 
273 269 0.7424603537534619 
273 299 0.8829523676441894 
273 327 0.6471547659515089 
273 330 0.34223095217077304 
273 338 0.8425522270916433 
273 340 0.05980860713849501 
273 389 0.3884745139988811 
274 267 0.07853257861248664 
274 270 0.3937734897241705 
274 284 0.10381071593076718 
274 311 0.15882009665436247 
274 328 0.3787301638294466 
275 266 0.7602422795433819 
275 276 0.12440718152411123 
275 278 0.08461185059058252 
275 296 0.8268611150623971 
275 302 0.7872059550145915 
275 361 0.9925919105545663 
275 386 0.5394292868729179 
275 387 0.27349975842649277 
275 408 0.2611825199696346 
276 275 0.04787998783524117 
276 278 0.1740410747630139 
276 361 0.8255243649532151 
276 386 0.32850568296148164 
276 387 0.7027285455815242 
276 408 0.29250344660382877 
276 423 0.9001024754867 
277 266 0.2067055954557553 
277 263 0.9695066702794395 
277 282 0.03276443911130522 
277 300 0.31525141579226146 
277 380 0.498337068043582 
278 275 0.3728642204772681 
278 276 0.6309033346135948 
278 298 0.9268985604028829 
278 305 0.2349339494612328 
278 348 0.18245991697735564 
278 397 0.26157510493302316 
279 270 0.4716222861333478 
279 419 0.17832008077183625 
280 263 0.01610204711313934 
280 265 0.2660774928960963 
280 288 0.3444738307577836 
280 337 0.2884736812591415 
280 350 0.524213794149328 
280 355 0.9610527008354098 
280 388 0.24964746066857935 
280 407 0.0656274382006129 
280 454 0.6623133349624762 
281 269 0.9196926596120275 
281 278 0.6659127299514143 
281 266 0.6145296544914125 
281 275 0.49509730985214795 
281 319 0.3786172767442273 
281 390 0.6075978543689554 
282 277 0.6833285767170797 
282 269 0.8874718269780317 
282 266 0.3512276815026213 
282 297 0.663252619171346 
283 272 0.06058864355014493 
283 303 0.47501885214348916 
283 334 0.08133824734969641 
283 363 0.5212362924618613 
283 373 0.5596153766832515 
284 274 0.8112951937336308 
285 270 0.7396028390651082 
285 286 0.47583620994226516 
285 291 0.06958677050810658 
285 303 0.6533662964711369 
285 316 0.27746117622560107 
285 322 0.9232803263218476 
285 335 0.3707062660952769 
285 384 0.6188861058338294 
285 385 0.39726751850626674 
285 400 0.5138249862409575 
285 440 0.2398832870364226 
286 285 0.7058978704643696 
286 283 0.8121480634082299 
286 270 0.5446077052424899 
286 329 0.6406326838784822 
286 418 0.9808412579745767 
287 266 0.252752668369832 
287 289 0.5285787241045459 
287 304 0.5120843425363089 
287 354 0.5679023406113294 
287 402 0.639625470991434 
288 280 0.03111589281240812 
288 292 0.09590385566828996 
288 337 0.7767027459590563 
288 350 0.8016596421286523 
288 353 0.965171349711652 
288 454 0.26931211762641427 
289 274 0.19709357528050686 
289 287 0.8658877612279771 
289 270 0.7302280517037303 
289 263 0.9996969511827399 
289 317 0.261688129332183 
289 359 0.24209055025921744 
289 403 0.1461630169319741 
289 413 0.2078343297881824 
290 263 0.6198895837783471 
291 270 0.8821683545296399 
291 285 0.3759348146987128 
291 313 0.501222083090995 
291 317 0.39901109406721746 
291 321 0.2100502208263697 
291 336 0.9614162159323418 
291 381 0.572936941144207 
291 422 0.8096649479045225 
292 288 0.6231505770382325 
292 280 0.41203998456286384 
292 294 0.13725499537266483 
292 301 0.4120598254039448 
292 307 0.9384135478435274 
292 367 0.6523095997108271 
292 406 0.8261221892635383 
292 449 0.9994243841439936 
293 271 0.10852838873941473 
293 341 0.6328362176522477 
293 418 0.7010914295919948 
294 292 0.8059346739472204 
294 406 0.725805224449272 
295 264 0.36569897140984176 
295 268 0.9184606533113236 
295 378 0.5893882565359004 
295 425 0.8343910807092837 
296 266 0.678336322456338 
296 275 0.2476911427589249 
296 386 0.46047692936424867 
296 415 0.6024957558168988 
297 282 0.4189483611638172 
298 278 0.14033217228970218 
298 305 0.2805900940539393 
298 338 0.6453622553612157 
299 273 0.3164521162747125 
299 282 0.4998515849060359 
299 309 0.980997973429025 
299 327 0.6206561041520375 
299 366 0.29874383107852387 
300 263 0.047159092245650736 
300 277 0.5189483829836414 
300 292 0.8114857617925761 
300 308 0.43948389816063804 
300 315 0.4158827667763646 
301 265 0.4804983663205812 
301 292 0.8332950228386787 
301 325 0.3981150915982222 
301 363 0.09181956680823222 
301 398 0.37959566221377794 
301 399 0.40075240174960025 
301 492 0.5666131464122647 
302 275 0.7176026443380408 
302 396 0.14797840157608444 
303 285 0.0292152743329277 
303 283 0.3367669015353465 
303 272 0.22290249156170905 
303 413 0.6559034570095053 
304 287 0.6404302636964673 
304 289 0.10915677559977055 
304 386 0.7188881880843399 
304 447 0.596106374642821 
305 278 0.610117281692096 
305 298 0.33480132384718697 
306 264 0.05435611794107664 
306 295 0.151047888607447 
306 312 0.9889221497402797 
306 363 0.36691644963354497 
306 378 0.5341724849117291 
307 269 0.5965761810897244 
307 292 0.5044253743079923 
307 282 0.10639373097322558 
307 340 0.8018058665794492 
307 344 0.526636611248089 
307 364 0.2581207197259884 
307 367 0.43526804482764003 
307 379 0.16949298127828216 
307 392 0.22569145950016 
308 263 0.4510420473489518 
308 290 0.5836992549391279 
308 300 0.5494598169030427 
308 372 0.07528696592402084 
309 299 0.7542746771318588 
309 323 0.04329546207549384 
309 332 0.8582302085701398 
309 345 0.7117672590158439 
309 424 0.6316851769367897 
309 426 0.668070558527141 
310 265 0.0008990410840485907 
310 314 0.402216939925762 
310 438 0.7585498205088579 
311 263 0.2990603611621456 
311 274 0.9753457677883469 
311 377 0.45623939691775384 
311 425 0.9535195313636339 
312 306 0.5773726627468713 
312 358 0.21902063636603297 
312 378 0.2610622802927367 
313 291 0.9088088499867516 
313 321 0.5519657799543034 
313 336 0.0981477845153862 
313 422 0.08079556609031602 
313 445 0.736517501865027 
314 265 0.8779800493501211 
314 310 0.5526355734716732 
314 301 0.10466145874859833 
314 443 0.5650748235322242 
315 300 0.09995506759933648 
316 285 0.7291263539872207 
317 289 0.9121526045679965 
317 291 0.6149320135570056 
317 318 0.7168952060917111 
317 333 0.4180279350193675 
317 342 0.21154858484453953 
317 347 0.6292638414106633 
317 394 0.9889875351792817 
317 412 0.16109531697733148 
318 317 0.8421354912714412 
318 442 0.9703186978779265 
319 281 0.18390351125591098 
319 390 0.2908133401878319 
319 397 0.7512727810591844 
320 271 0.09479433307800156 
321 291 0.26370986929209694 
321 313 0.7200303185689118 
321 381 0.6022015030954921 
322 285 0.818249951190566 
323 309 0.777115709351347 
323 351 0.44498092999143324 
323 356 0.14095693633713569 
323 452 0.8987323892572094 
324 271 0.8280873449527528 
324 341 0.2425576803534183 
325 301 0.7890820003698419 
326 266 0.26958140539548603 
326 457 0.949458973288351 
327 299 0.7621428021487309 
327 273 0.24989078749144888 
327 269 0.9579127100911747 
327 371 0.09328473696505346 
328 289 0.6640594529133473 
328 274 0.8858283304087661 
328 263 0.6593462736605251 
328 459 0.684234102791224 
329 286 0.8156988819320556 
330 327 0.7550650813684004 
330 273 0.36465440002751104 
330 356 0.324273125276779 
330 368 0.3435836565068169 
330 375 0.8373960448273207 
330 389 0.009857265159191164 
331 269 0.584241265911649 
332 309 0.42212450713509186 
333 317 0.25609355896527564 
333 342 0.41223227593012124 
333 347 0.6811884795057239 
333 394 0.06609833311260926 
334 283 0.3155271624243129 
335 285 0.9544874963997998 
335 384 0.1308489570674628 
336 291 0.1729026871144257 
336 313 0.8209180647321519 
336 357 0.3002401992082223 
336 421 0.706176571303749 
336 430 0.9562897891708051 
337 280 0.0546543353226111 
337 288 0.5262995847452537 
337 314 0.7899599134786581 
337 338 0.5289739207833325 
337 364 0.3888508832330604 
337 370 0.44257975741373534 
338 273 0.807058784225283 
338 337 0.974085972707425 
338 307 0.37143337573650204 
338 298 0.7778628806426013 
338 432 0.9056995053538192 
339 263 0.06312110906595958 
339 431 0.5776206584584284 
340 273 0.043151595671188536 
340 307 0.538018409020247 
340 364 0.9807865414285345 
341 293 0.09213658924303514 
341 324 0.23450841565759128 
341 271 0.6752805302061401 
342 317 0.0662562204941326 
342 333 0.9231793770954646 
342 347 0.8737225677470652 
342 394 0.6190979854146367 
343 272 0.16798713432115064 
344 307 0.9740905308663528 
345 309 0.19656178510604916 
345 352 0.5203421508707594 
345 374 0.461677490849952 
345 414 0.08084172406848822 
345 444 0.5424829936010541 
346 269 0.2437677385626834 
347 317 0.19128467247859893 
347 333 0.7344829531527765 
347 342 0.46973515996960147 
348 278 0.6232920813041819 
348 305 0.48514046851475034 
348 298 0.3136133337900978 
349 266 0.969745634154119 
349 455 0.9406491403596036 
349 457 0.8745903805183098 
350 280 0.9992675644387595 
350 288 0.2533387636662169 
350 382 0.2510105612382143 
350 407 0.519312498924528 
350 454 0.39973572441944205 
351 323 0.40083572456552274 
352 345 0.5725080156492718 
352 374 0.369877222699993 
352 444 0.18935504998182406 
353 288 0.46362853951718275 
353 280 0.47191981080573686 
353 355 0.16979119578324775 
353 365 0.680236413472599 
353 407 0.009120587089805343 
353 454 0.9110536043433347 
354 287 0.956406627113915 
355 280 0.6360239411269802 
355 353 0.9010173579890403 
355 379 0.7539880291935449 
356 330 0.9467813809496369 
356 323 0.28959772650118787 
356 376 0.5909046235722146 
356 414 0.7759366193935768 
357 336 0.21580832335468914 
357 421 0.5563111473510286 
357 430 0.881914580731669 
358 312 0.3305624460466291 
358 306 0.9405292985951307 
358 295 0.7418407131610559 
358 451 0.618193529328155 
359 289 0.9097586093803833 
359 302 0.1845697849709722 
359 360 0.49953019570584156 
360 359 0.8880301431930155 
360 302 0.9964027592640236 
360 442 0.018776342774363464 
361 276 0.9112787269059739 
361 275 0.9110829716476836 
361 387 0.07040712388761938 
361 393 0.6089454825877912 
362 270 0.1047857756445345 
363 283 0.19939178550575953 
363 301 0.08801842309266039 
363 306 0.06269232509697142 
364 337 0.2955736377110042 
364 340 0.33938846980285997 
364 307 0.4122558945384278 
364 439 0.45584835245447786 
365 353 0.6452452423181764 
365 280 0.8552572385292831 
365 263 0.3891557521546968 
365 435 0.6920544129732444 
366 299 0.6755424795408327 
367 307 0.3958505131777884 
367 337 0.7107406339702054 
367 292 0.19833262774015226 
367 383 0.5037771522128794 
367 395 0.5821454184907988 
367 436 0.8107758540324327 
367 460 0.888948237595855 
368 330 0.7553150835469374 
369 299 0.9798153930267339 
369 296 0.35868962888032674 
369 351 0.3170114442159392 
369 401 0.8890020210817327 
370 337 0.9773575643267711 
371 266 0.019090515726658208 
371 269 0.27341276588973895 
371 327 0.6378809137056686 
371 433 0.13424968393729175 
372 308 0.7358208377329963 
372 267 0.23537319748800156 
372 265 0.8393449544879905 
372 264 0.8278474105655058 
373 267 0.5797304435055171 
373 283 0.5223869284672702 
374 345 0.12228473515783567 
374 352 0.9225440436194599 
374 414 0.5634828087632582 
375 330 0.40341212976385865 
375 356 0.8671793795625415 
376 356 0.6591445649335856 
376 351 0.48959277790975186 
377 311 0.15914380571210618 
378 295 0.8735528506385776 
378 264 0.1660060235693408 
378 306 0.20014984582189932 
378 312 0.5135449789644131 
378 455 0.9071995875811135 
379 355 0.8870814723524195 
379 307 0.8423687367451034 
379 292 0.981426246141517 
380 277 0.4738121062249534 
380 365 0.4954710877747719 
380 450 0.23506076751842142 
381 321 0.15523302553285767 
381 291 0.7913259805529472 
381 428 0.7112994627138957 
381 445 0.5510981353494322 
382 350 0.0429407507936983 
382 288 0.4808292717595266 
383 367 0.040203269187986224 
383 395 0.37160904029177555 
383 405 0.9613173813352501 
383 460 0.45145971489305836 
384 316 0.033125852042439896 
384 285 0.09716976197215355 
384 335 0.12888084888793294 
384 385 0.6728661537836937 
384 400 0.2428047192280589 
384 440 0.12290536618791759 
385 285 0.8026995613483079 
385 384 0.8514435836418431 
385 400 0.3214416958023145 
385 413 0.6376227878984957 
386 296 0.5433340166564404 
386 275 0.996848656383223 
386 276 0.5148660870945497 
386 304 0.004949127953147059 
386 411 0.45828245571960313 
387 275 0.6919970894301428 
387 361 0.9130352081870594 
387 276 0.00817694605269026 
387 393 0.37776765348745134 
387 423 0.9543545612704255 
388 353 0.29087255617940877 
388 280 0.012695442157021675 
388 382 0.7304155497366353 
389 273 0.39835710416702075 
389 330 0.11866958315431331 
390 281 0.4847533008141872 
390 319 0.7612955260350153 
390 397 0.09296650890702096 
391 301 0.16761295693771694 
391 334 0.4044628602358872 
391 283 0.6872469097434564 
391 409 0.13877892862651253 
391 410 0.7736292584858029 
391 429 0.8102052859823986 
392 307 0.29363975762279837 
393 275 0.0733032905978116 
393 361 0.47033051082080335 
393 276 0.43095853106279247 
393 387 0.7290020840036249 
394 333 0.4276309193459653 
394 317 0.011447023183097982 
394 342 0.2346426718190605 
394 412 0.12082630432274133 
395 367 0.055735198204894476 
395 383 0.7915275386582522 
395 436 0.9099877453308391 
396 302 0.24286078256829569 
397 390 0.9541304316085364 
397 278 0.01164415739574065 
397 319 0.04043942537119227 
397 417 0.3782018939412848 
398 301 0.041722052279349664 
398 399 0.559916493544634 
399 301 0.0926031878121939 
399 398 0.4941398208524944 
400 285 0.7335424884286847 
400 384 0.461846129541426 
400 385 0.425513435880438 
401 377 0.9450039659255774 
401 369 0.3495437722393494 
402 397 0.7090648206705682 
402 287 0.7150945366188427 
402 266 0.5239763932536762 
402 396 0.5612789992664257 
403 289 0.7881526088988264 
404 263 0.8877405538851517 
405 383 0.8799087605991996 
405 395 0.9480881919801876 
405 367 0.9963795564850948 
406 292 0.8213821849176781 
406 294 0.3378452679104642 
406 449 0.3291741738275711 
407 280 0.36361566456514793 
407 350 0.0041552157930505595 
407 353 0.7044392572501362 
408 275 0.08676578026903692 
408 276 0.23555748128769793 
408 453 0.9049974525757897 
409 391 0.6752694217674815 
409 410 0.06377611745772127 
409 429 0.7990331504237647 
410 409 0.1340019618636259 
410 391 0.2933289996030126 
410 416 0.21590237094602927 
410 429 0.6486310255181761 
411 386 0.3770360461447694 
411 349 0.3736162748451105 
411 326 0.9867743748823438 
411 420 0.7433630979198924 
412 317 0.933827473797619 
412 342 0.856957194109752 
412 394 0.9675605127226061 
413 311 0.6331856652098075 
413 385 0.007889037437000201 
413 328 0.20150611649779093 
413 289 0.07972734885841537 
413 303 0.2896427358117417 
413 458 0.5289510518580552 
414 356 0.8412770356626161 
414 389 0.4606562722281021 
414 345 0.10397325919109213 
414 374 0.25535008569269746 
414 330 0.39016043945069656 
415 296 0.07518100132830063 
415 433 0.464056414168595 
416 391 0.18607983784285786 
416 409 0.15236807994185642 
416 410 0.488459583650353 
416 479 0.974133366423229 
417 397 0.05633314500826103 
418 286 0.30576322924810173 
418 293 0.4514938600526893 
418 441 0.8446272932146969 
419 279 0.2922608320330915 
419 270 0.46912637354031683 
420 411 0.3336844631608744 
421 336 0.9266652498199645 
421 357 0.005326632481841953 
422 313 0.620034260190273 
422 291 0.36213791770263604 
422 321 0.6024169252743374 
423 275 0.40764853746754914 
423 387 0.4293030839525209 
423 276 0.9203648132517546 
424 309 0.307545423109693 
424 414 0.9045016364270352 
424 330 0.4117220703448672 
424 448 0.301870196128037 
425 268 0.8005604536876129 
425 311 0.07311925087865012 
425 295 0.9035037049562409 
425 264 0.7171708109117109 
426 309 0.8549307821785443 
427 271 0.17226360288587306 
428 422 0.306461538791848 
428 313 0.7477924689367021 
428 291 0.16662476982871743 
428 381 0.08375175831086556 
429 410 0.3082877030057427 
429 391 0.5591629724904376 
429 409 0.11792490789686028 
430 336 0.8889528093083715 
430 357 0.8544248897495019 
431 263 0.5324449287292964 
431 339 0.8404395806891447 
432 338 0.23437142400821975 
433 371 0.633351632249756 
433 420 0.8001616723154451 
433 411 0.9742481322917927 
433 415 0.43613931257832017 
433 296 0.209890482071598 
434 307 0.1929395366095582 
435 365 0.2512493165169474 
436 367 0.020170600952118423 
436 395 0.25106880523345954 
437 270 0.7905604514759157 
437 339 0.1916459550736579 
437 263 0.08518044274337533 
438 265 0.22735985837330708 
438 310 0.6133300347908157 
439 364 0.32186233463019487 
440 384 0.1750883422858739 
440 285 0.5815955103593758 
441 418 0.6223371520311581 
442 360 0.6269265872329951 
442 318 0.4695932817394677 
443 314 0.8616276703630867 
444 352 0.863284185594337 
444 340 0.2834529348923387 
444 374 0.25574424639205484 
444 345 0.1056153188374066 
445 313 0.7117564327324621 
445 381 0.5820094602799029 
445 321 0.3629853890355804 
446 419 0.04615668360948033 
446 270 0.38125112550798335 
447 304 0.9997734966537721 
448 424 0.5908797008522583 
449 349 0.31267319517136816 
449 406 0.8729666943880952 
449 292 0.575134915032033 
449 266 0.1825883336857057 
450 380 0.32886107903962536 
451 358 0.972619027448663 
452 351 0.3582452695179158 
452 323 0.12134788053046985 
453 423 0.21367138501466343 
453 276 0.5327645801413146 
453 408 0.4688665321764949 
454 288 0.8842164851952172 
454 350 0.809610696907462 
454 353 0.8099717678001338 
454 280 0.14034569683777454 
455 349 0.2448606862761813 
455 378 0.20969585272586233 
455 266 0.06908968820191275 
456 402 0.5523181504379363 
457 266 0.37535658926747495 
457 326 0.188527755179847 
457 349 0.25463734531276605 
458 413 0.15475372049921443 
459 328 0.6820247031682318 
460 405 0.2656152834005072 
460 395 0.8874964673871844 
460 367 0.24569514606044318 
460 383 0.8891536486544024 
461 272 0.8321110084452767 
461 324 0.0301986017225212 
461 223 0.713922086274019 
461 285 0.4157341066704968 
461 148 0.025780957040109853 
461 462 0.6606148587911002 
462 461 0.1805647411853849 
462 463 0.23975448075944605 
463 462 0.6229272067325446 
464 66 0.7988849989638918 
464 24 0.7044069774941615 
464 50 0.7538198044772272 
464 137 0.561793127800574 
464 239 0.5064156849741039 
464 465 0.8188653456503022 
464 470 0.5925425743451864 
464 471 0.5434347117037927 
464 475 0.8586917267535493 
465 464 0.0016639048505603382 
465 466 0.5576312602305543 
465 467 0.03577600206467468 
465 476 0.09950527170462731 
466 465 0.5926468795278301 
466 468 0.6532320614410121 
466 469 0.7100756503603485 
466 473 0.5596746551998019 
467 465 0.9924660889853566 
468 466 0.6381969294290039 
469 466 0.2574150214604659 
469 474 0.11728499571730944 
470 464 0.5755242875803571 
470 478 0.30747114603221515 
471 464 0.05530677372586135 
471 470 0.3229258343991396 
471 472 0.04554780300268224 
472 471 0.5182830329003452 
473 466 0.44129134109803514 
474 469 0.34862309039701944 
474 477 0.6710480513596353 
475 464 0.3606592638495878 
476 465 0.5508813813562786 
477 474 0.10849591739956466 
478 470 0.07999844950574952 
479 301 0.5347732513388623 
479 228 0.24977614353071154 
479 416 0.2995384912088459 
479 26 0.2783104649363808 
479 280 0.006685841144624005 
479 480 0.3878538634996245 
480 479 0.6187153450656604 
481 379 0.5890934871672013 
481 263 0.033211267498943986 
481 130 0.2885277288516336 
481 280 0.6438247897665971 
481 66 0.1474933177005615 
481 482 0.24416365974334941 
481 483 0.4146551847145278 
481 484 0.9396648021790007 
481 485 0.6182772847497597 
481 487 0.25443547625970464 
481 488 0.6031300809921705 
482 481 0.1468073909379366 
482 485 0.34041412929070425 
482 486 0.5698613601531395 
482 489 0.9391069085900612 
483 481 0.964203907356414 
484 481 0.44031422293082 
484 487 0.19660554670739194 
485 482 0.5566576294770492 
485 481 0.9239731540174203 
485 483 0.7575261775946028 
485 489 0.0238285881916237 
485 491 0.8736062098484132 
486 481 0.46935144239608084 
486 482 0.49492312227846913 
487 484 0.6442605150894366 
487 481 0.8020386991482434 
487 490 0.20700278521826698 
488 481 0.40111057195856703 
489 481 0.22389607673405665 
489 482 0.2160638859342915 
489 485 0.13501998011177052 
490 487 0.721888171659468 
491 485 0.40505985827904367 
492 301 0.6309327084545636 
492 228 0.8944468221436389 
492 203 0.8170310033846465 
492 185 0.021747278124092717 
492 494 0.62329709492513 
492 496 0.6115820802356965 
492 497 0.10297087038026231 
492 498 0.20646209342969102 
493 492 0.9024574006705728 
494 492 0.6399017214345537 
494 495 0.653723617836585 
495 494 0.0027819702674185542 
496 492 0.4088157718146136 
497 492 0.7661043644954039 
497 498 0.1419497620995097 
497 499 0.48319937397772383 
498 492 0.7482946514528644 
498 493 0.4437130428100221 
498 497 0.653603816780652 
499 497 0.326657611932782 
499 495 0.4807489770844785 
