500
0 1 0.25 
0 2 0.125 
1 0 0.125 
1 3 0.5 
2 0 0.25 
2 4 0.5 
2 5 0.5 
3 1 0.125 
4 2 0.5 
5 2 0.25 
5 1 0.25 
5 6 0.5 
5 7 0.5 
5 10 0.125 
6 5 0.25 
6 8 0.25 
6 9 0.5 
6 11 0.25 
6 12 0.5 
7 5 0.25 
8 6 0.125 
8 9 0.125 
9 6 0.125 
9 8 0.125 
9 10 0.5 
10 9 0.25 
10 5 0.125 
11 6 0.25 
12 11 0.25 
12 5 0.25 
12 9 0.125 
12 6 0.5 
12 13 0.5 
12 14 0.5 
12 19 0.25 
12 43 0.125 
12 69 0.125 
12 154 0.125 
12 168 0.125 
12 192 0.125 
12 238 0.25 
13 12 0.25 
13 17 0.25 
13 18 0.125 
13 24 0.25 
13 33 0.25 
13 39 0.125 
13 55 0.25 
13 63 0.5 
13 68 0.5 
13 75 0.5 
13 102 0.5 
13 104 0.5 
13 124 0.5 
13 158 0.125 
14 12 0.125 
14 15 0.5 
14 20 0.25 
14 27 0.5 
14 30 0.5 
14 31 0.5 
14 37 0.125 
14 201 0.25 
15 14 0.5 
15 16 0.125 
15 22 0.5 
15 27 0.25 
15 31 0.5 
15 37 0.125 
15 143 0.5 
15 147 0.125 
16 14 0.125 
16 15 0.5 
16 46 0.25 
16 106 0.5 
16 176 0.125 
17 13 0.25 
17 18 0.25 
17 21 0.5 
17 26 0.25 
17 33 0.5 
17 59 0.25 
17 73 0.125 
17 79 0.125 
17 125 0.5 
17 134 0.125 
17 141 0.25 
17 171 0.5 
17 197 0.25 
17 199 0.25 
18 13 0.25 
18 17 0.125 
18 23 0.125 
18 45 0.25 
18 56 0.5 
18 94 0.5 
18 96 0.125 
18 117 0.5 
18 122 0.125 
18 135 0.125 
18 185 0.25 
18 256 0.5 
19 12 0.25 
19 38 0.125 
19 155 0.125 
19 162 0.125 
20 14 0.25 
20 15 0.5 
20 65 0.5 
20 151 0.5 
20 198 0.25 
21 13 0.5 
21 17 0.125 
21 24 0.25 
21 29 0.125 
21 34 0.5 
21 55 0.5 
21 95 0.5 
21 97 0.125 
21 103 0.5 
21 112 0.5 
21 136 0.5 
22 15 0.125 
22 14 0.125 
22 26 0.5 
22 28 0.25 
22 30 0.25 
22 90 0.125 
23 18 0.25 
23 77 0.25 
23 156 0.5 
23 464 0.25 
24 13 0.25 
24 21 0.25 
24 40 0.5 
24 42 0.5 
24 170 0.5 
24 172 0.25 
25 20 0.5 
25 41 0.125 
25 101 0.5 
25 163 0.5 
25 183 0.25 
26 17 0.125 
26 22 0.25 
27 15 0.5 
27 14 0.125 
27 36 0.25 
27 61 0.25 
27 159 0.125 
28 22 0.25 
28 40 0.5 
29 21 0.5 
29 32 0.25 
30 14 0.125 
30 22 0.125 
30 40 0.25 
30 49 0.125 
30 118 0.5 
30 150 0.125 
31 14 0.25 
31 15 0.125 
32 29 0.5 
32 34 0.5 
32 54 0.125 
32 78 0.125 
32 112 0.125 
33 17 0.125 
33 19 0.125 
33 13 0.5 
33 35 0.25 
33 43 0.5 
33 47 0.5 
33 165 0.25 
33 196 0.25 
33 218 0.5 
33 223 0.5 
34 21 0.125 
34 24 0.25 
34 32 0.25 
34 29 0.125 
34 37 0.5 
34 67 0.125 
34 71 0.5 
34 85 0.25 
34 143 0.5 
35 33 0.25 
35 51 0.25 
35 72 0.125 
35 80 0.5 
35 97 0.5 
35 116 0.5 
35 129 0.25 
35 181 0.25 
35 206 0.125 
36 27 0.125 
36 20 0.25 
36 48 0.125 
36 61 0.125 
36 123 0.5 
36 163 0.125 
36 167 0.125 
36 221 0.5 
37 34 0.125 
37 14 0.125 
37 15 0.5 
37 35 0.5 
37 76 0.5 
37 85 0.5 
37 184 0.25 
37 214 0.5 
37 238 0.5 
38 19 0.125 
38 44 0.5 
38 47 0.5 
38 58 0.25 
38 77 0.5 
38 120 0.25 
38 121 0.25 
38 187 0.125 
39 13 0.5 
39 17 0.5 
39 52 0.5 
39 84 0.25 
39 138 0.125 
39 153 0.125 
39 164 0.125 
39 169 0.125 
39 191 0.5 
39 216 0.5 
40 30 0.25 
40 15 0.5 
40 28 0.125 
40 24 0.5 
40 95 0.25 
40 115 0.125 
40 160 0.5 
40 195 0.5 
40 210 0.125 
41 25 0.25 
41 111 0.125 
41 183 0.5 
42 24 0.5 
42 172 0.25 
43 12 0.25 
43 33 0.125 
43 83 0.5 
43 131 0.5 
43 154 0.5 
44 18 0.25 
44 23 0.25 
44 38 0.125 
44 53 0.5 
44 60 0.125 
44 87 0.125 
44 100 0.125 
44 149 0.5 
44 175 0.25 
44 194 0.125 
45 18 0.125 
45 56 0.125 
45 93 0.125 
45 98 0.5 
45 108 0.25 
45 117 0.25 
45 220 0.125 
46 16 0.25 
46 157 0.5 
47 33 0.125 
47 38 0.25 
47 77 0.25 
47 146 0.5 
47 202 0.125 
48 36 0.25 
48 70 0.5 
48 163 0.5 
48 221 0.25 
49 30 0.25 
50 24 0.125 
50 13 0.125 
50 42 0.25 
50 85 0.25 
50 107 0.5 
50 132 0.25 
50 142 0.25 
51 35 0.5 
51 89 0.25 
51 90 0.125 
52 39 0.5 
52 77 0.5 
52 84 0.5 
52 138 0.125 
52 191 0.125 
52 216 0.25 
53 44 0.25 
53 57 0.125 
53 60 0.25 
53 66 0.25 
53 81 0.25 
53 82 0.125 
53 100 0.5 
53 109 0.5 
54 32 0.5 
54 29 0.5 
55 21 0.5 
55 17 0.25 
55 13 0.5 
55 88 0.5 
55 212 0.125 
56 44 0.25 
56 45 0.5 
56 18 0.5 
56 209 0.5 
57 53 0.5 
57 127 0.125 
58 38 0.25 
58 120 0.5 
58 187 0.5 
59 17 0.5 
59 62 0.25 
59 74 0.25 
59 88 0.125 
59 126 0.125 
59 189 0.25 
60 53 0.25 
60 44 0.5 
60 204 0.125 
61 27 0.125 
61 36 0.125 
61 14 0.125 
61 86 0.5 
61 148 0.125 
61 152 0.25 
61 217 0.125 
62 59 0.25 
62 64 0.25 
62 81 0.125 
62 211 0.125 
62 219 0.125 
63 13 0.25 
63 68 0.25 
64 62 0.25 
65 20 0.5 
65 198 0.5 
66 53 0.5 
67 34 0.5 
68 63 0.25 
68 13 0.125 
69 12 0.5 
69 192 0.25 
70 48 0.25 
70 36 0.25 
70 123 0.125 
70 167 0.125 
70 221 0.125 
71 34 0.25 
71 67 0.5 
71 41 0.25 
71 133 0.25 
72 35 0.25 
73 17 0.25 
74 59 0.25 
74 126 0.125 
75 13 0.5 
75 104 0.125 
76 61 0.5 
76 37 0.25 
76 184 0.25 
77 52 0.125 
77 23 0.125 
77 47 0.5 
77 19 0.125 
77 38 0.25 
77 127 0.5 
77 190 0.5 
78 32 0.125 
78 29 0.5 
79 17 0.125 
79 134 0.25 
79 141 0.5 
79 199 0.5 
80 35 0.125 
80 72 0.5 
80 116 0.125 
80 181 0.125 
80 206 0.25 
81 66 0.5 
81 62 0.5 
81 53 0.125 
81 130 0.5 
81 161 0.25 
82 53 0.125 
82 45 0.25 
83 43 0.25 
83 127 0.125 
84 52 0.125 
84 39 0.125 
84 164 0.5 
84 216 0.5 
85 50 0.5 
85 37 0.5 
85 34 0.25 
85 99 0.125 
85 112 0.125 
85 131 0.125 
85 179 0.25 
86 61 0.5 
86 99 0.5 
87 44 0.5 
87 128 0.125 
87 137 0.5 
87 144 0.125 
88 59 0.25 
88 55 0.125 
89 51 0.25 
89 47 0.5 
90 22 0.5 
90 51 0.125 
90 28 0.125 
90 193 0.5 
91 85 0.25 
91 86 0.5 
91 177 0.125 
91 215 0.125 
92 12 0.125 
92 26 0.125 
92 19 0.125 
93 45 0.25 
94 18 0.5 
95 21 0.5 
95 17 0.5 
95 40 0.125 
95 178 0.5 
95 186 0.125 
95 208 0.5 
96 18 0.5 
96 135 0.25 
97 32 0.25 
97 21 0.5 
97 35 0.5 
97 116 0.125 
97 129 0.25 
98 45 0.5 
98 108 0.25 
99 85 0.25 
99 86 0.5 
99 114 0.25 
100 53 0.125 
100 57 0.25 
100 44 0.25 
100 113 0.5 
101 25 0.125 
101 111 0.5 
101 143 0.125 
101 179 0.125 
101 183 0.25 
102 55 0.25 
102 13 0.125 
102 77 0.125 
102 47 0.125 
102 105 0.25 
103 21 0.25 
104 13 0.125 
104 75 0.125 
104 110 0.125 
104 119 0.5 
104 140 0.25 
104 203 0.5 
104 207 0.25 
105 102 0.125 
105 97 0.25 
106 16 0.25 
106 176 0.125 
107 50 0.125 
107 139 0.25 
108 45 0.25 
108 98 0.25 
108 220 0.5 
109 53 0.125 
109 66 0.25 
110 104 0.5 
110 481 0.5 
111 25 0.125 
111 41 0.25 
111 101 0.125 
111 163 0.25 
111 183 0.5 
112 21 0.25 
112 34 0.5 
112 32 0.5 
112 85 0.125 
112 139 0.25 
112 145 0.25 
113 100 0.5 
113 162 0.125 
114 99 0.25 
114 12 0.5 
115 40 0.25 
115 160 0.5 
116 97 0.25 
116 35 0.125 
116 80 0.5 
116 165 0.125 
117 18 0.5 
117 23 0.125 
117 45 0.125 
117 156 0.5 
118 30 0.5 
118 49 0.25 
119 104 0.125 
119 110 0.125 
119 140 0.5 
119 203 0.125 
119 207 0.125 
120 58 0.25 
120 38 0.5 
121 38 0.125 
121 137 0.125 
122 64 0.25 
122 18 0.5 
122 82 0.25 
122 166 0.25 
122 256 0.5 
123 70 0.125 
123 36 0.125 
124 13 0.5 
125 17 0.25 
125 79 0.25 
125 171 0.5 
126 59 0.125 
126 74 0.125 
127 23 0.25 
127 77 0.125 
127 60 0.25 
127 57 0.5 
127 83 0.125 
128 87 0.5 
128 144 0.125 
129 80 0.25 
129 35 0.25 
129 97 0.5 
129 89 0.5 
130 81 0.5 
131 85 0.25 
131 43 0.125 
132 50 0.25 
132 107 0.5 
132 142 0.125 
133 71 0.5 
134 17 0.125 
134 79 0.25 
135 18 0.25 
135 96 0.5 
135 185 0.5 
136 103 0.5 
136 21 0.125 
137 87 0.125 
137 121 0.5 
138 39 0.25 
138 52 0.25 
138 84 0.25 
139 97 0.5 
139 107 0.25 
139 112 0.5 
139 50 0.5 
139 461 0.5 
140 104 0.25 
140 110 0.25 
140 119 0.25 
140 203 0.25 
140 207 0.125 
141 17 0.125 
141 79 0.125 
142 107 0.5 
142 132 0.25 
142 50 0.5 
142 223 0.25 
143 34 0.25 
143 15 0.25 
143 101 0.25 
143 179 0.25 
144 87 0.5 
144 128 0.125 
145 112 0.25 
146 47 0.125 
147 15 0.125 
147 14 0.5 
148 61 0.25 
148 152 0.5 
148 217 0.25 
149 44 0.125 
150 30 0.125 
150 118 0.5 
151 20 0.25 
151 65 0.25 
151 198 0.125 
152 61 0.5 
152 148 0.25 
153 39 0.5 
153 52 0.125 
153 138 0.5 
153 84 0.5 
154 12 0.125 
154 43 0.125 
155 19 0.5 
156 117 0.25 
156 23 0.5 
157 46 0.25 
158 13 0.125 
159 27 0.125 
160 40 0.25 
160 115 0.125 
161 59 0.25 
161 81 0.125 
161 126 0.125 
161 213 0.5 
162 113 0.25 
162 19 0.5 
163 25 0.125 
163 101 0.125 
163 36 0.5 
163 48 0.125 
163 111 0.125 
163 174 0.125 
163 182 0.125 
164 52 0.5 
164 39 0.25 
164 84 0.125 
165 33 0.125 
165 116 0.125 
165 180 0.5 
166 122 0.125 
167 70 0.125 
167 36 0.5 
167 48 0.125 
168 12 0.125 
169 164 0.25 
169 39 0.125 
170 24 0.5 
171 134 0.125 
171 17 0.125 
171 125 0.25 
172 42 0.125 
172 170 0.125 
172 24 0.25 
173 12 0.5 
173 168 0.25 
174 163 0.125 
175 44 0.25 
175 263 0.125 
176 16 0.5 
176 106 0.5 
176 184 0.125 
177 91 0.25 
178 95 0.125 
178 186 0.125 
179 143 0.125 
179 85 0.125 
179 101 0.125 
179 14 0.25 
180 165 0.125 
181 35 0.125 
181 80 0.25 
182 163 0.5 
183 111 0.5 
183 101 0.125 
183 25 0.125 
183 41 0.125 
184 176 0.5 
184 37 0.125 
184 76 0.5 
185 18 0.25 
185 135 0.5 
186 178 0.25 
186 95 0.25 
187 58 0.5 
187 38 0.5 
188 57 0.125 
189 84 0.25 
189 52 0.5 
189 104 0.5 
189 39 0.5 
189 59 0.5 
190 77 0.5 
191 39 0.125 
191 52 0.25 
191 84 0.5 
192 69 0.25 
192 12 0.25 
193 90 0.25 
194 44 0.5 
194 175 0.25 
195 115 0.5 
195 40 0.125 
195 160 0.5 
196 33 0.125 
197 17 0.125 
197 125 0.125 
197 134 0.25 
198 65 0.125 
198 20 0.125 
198 151 0.5 
199 17 0.25 
199 79 0.125 
200 102 0.5 
201 14 0.5 
201 15 0.125 
201 147 0.125 
202 47 0.125 
202 146 0.125 
203 104 0.5 
203 119 0.125 
203 140 0.25 
204 60 0.125 
205 26 0.5 
206 72 0.5 
206 35 0.125 
206 80 0.125 
207 119 0.5 
207 203 0.5 
207 104 0.125 
207 110 0.125 
207 140 0.25 
208 186 0.5 
208 95 0.125 
209 56 0.5 
210 40 0.5 
211 62 0.5 
211 261 0.25 
212 55 0.25 
213 161 0.5 
214 37 0.5 
215 91 0.5 
216 84 0.125 
216 39 0.5 
216 191 0.25 
216 52 0.5 
217 61 0.125 
217 148 0.125 
218 33 0.25 
218 51 0.125 
218 187 0.125 
219 62 0.25 
219 211 0.125 
220 108 0.125 
220 45 0.25 
221 48 0.25 
221 70 0.25 
221 36 0.125 
221 123 0.125 
222 165 0.125 
222 180 0.125 
223 33 0.125 
223 142 0.25 
223 13 0.125 
223 43 0.125 
223 225 0.5 
223 226 0.25 
223 234 0.125 
224 223 0.25 
224 226 0.25 
224 227 0.5 
224 230 0.5 
224 233 0.25 
225 223 0.5 
225 227 0.5 
225 234 0.5 
226 223 0.125 
226 224 0.5 
226 228 0.125 
226 229 0.5 
226 235 0.25 
227 225 0.125 
227 224 0.5 
227 230 0.5 
227 233 0.125 
228 226 0.25 
228 229 0.5 
229 226 0.25 
229 228 0.5 
229 231 0.5 
229 461 0.125 
230 224 0.25 
230 227 0.5 
230 236 0.25 
231 229 0.5 
231 232 0.125 
232 231 0.125 
233 224 0.5 
233 223 0.125 
233 227 0.5 
234 225 0.5 
234 223 0.125 
235 226 0.5 
235 228 0.125 
236 230 0.125 
237 228 0.25 
238 52 0.125 
238 192 0.25 
238 12 0.5 
238 37 0.5 
238 187 0.125 
238 239 0.125 
238 240 0.5 
238 241 0.5 
238 246 0.5 
238 247 0.5 
238 255 0.5 
239 238 0.5 
239 242 0.25 
239 243 0.25 
239 244 0.125 
239 254 0.125 
239 255 0.125 
240 238 0.5 
241 238 0.5 
241 245 0.125 
241 247 0.5 
241 249 0.125 
241 251 0.25 
241 254 0.5 
242 239 0.125 
242 244 0.25 
243 239 0.25 
243 255 0.5 
243 261 0.125 
244 239 0.5 
244 242 0.125 
245 241 0.25 
245 246 0.125 
245 248 0.5 
245 249 0.5 
246 238 0.5 
246 245 0.25 
246 250 0.125 
247 238 0.25 
247 241 0.25 
248 245 0.5 
249 245 0.25 
249 241 0.25 
250 246 0.25 
251 241 0.5 
251 252 0.25 
251 253 0.125 
252 251 0.25 
252 253 0.25 
253 252 0.25 
253 251 0.25 
254 239 0.25 
254 241 0.25 
255 243 0.125 
255 238 0.25 
255 249 0.25 
255 239 0.25 
256 18 0.125 
256 87 0.125 
256 156 0.125 
256 122 0.5 
256 257 0.5 
256 259 0.5 
257 256 0.5 
257 258 0.125 
258 257 0.125 
258 260 0.25 
259 256 0.125 
260 258 0.5 
261 189 0.5 
261 211 0.5 
261 243 0.125 
261 26 0.25 
261 126 0.25 
261 262 0.125 
262 261 0.5 
263 122 0.5 
263 175 0.125 
263 231 0.25 
263 243 0.5 
263 127 0.25 
263 264 0.125 
263 266 0.5 
263 315 0.125 
263 321 0.125 
263 333 0.25 
263 336 0.125 
263 342 0.5 
264 263 0.25 
264 265 0.5 
264 267 0.125 
264 270 0.5 
264 291 0.5 
264 307 0.5 
264 343 0.5 
264 359 0.25 
264 492 0.25 
265 264 0.25 
265 268 0.125 
265 271 0.5 
265 273 0.5 
265 274 0.125 
265 282 0.25 
265 284 0.25 
265 288 0.125 
265 338 0.125 
266 263 0.125 
266 272 0.5 
266 279 0.125 
266 294 0.5 
266 318 0.5 
266 322 0.25 
266 324 0.5 
266 381 0.125 
266 405 0.5 
267 264 0.125 
267 269 0.5 
267 303 0.25 
267 305 0.25 
267 310 0.5 
267 346 0.25 
267 373 0.125 
268 265 0.25 
268 274 0.25 
268 275 0.125 
268 285 0.125 
268 286 0.125 
268 311 0.25 
268 317 0.25 
268 355 0.125 
269 267 0.5 
269 326 0.25 
269 361 0.5 
269 375 0.25 
269 378 0.25 
270 264 0.5 
270 348 0.125 
270 351 0.125 
270 407 0.5 
271 265 0.25 
271 272 0.25 
271 276 0.125 
271 278 0.125 
271 280 0.5 
271 282 0.125 
271 284 0.5 
271 287 0.125 
271 289 0.125 
271 297 0.25 
271 308 0.125 
271 309 0.25 
271 347 0.25 
271 350 0.5 
271 364 0.25 
271 366 0.125 
271 399 0.5 
271 423 0.5 
271 448 0.125 
271 452 0.5 
271 481 0.125 
272 271 0.5 
272 266 0.5 
272 275 0.5 
272 279 0.5 
272 345 0.125 
273 265 0.5 
273 275 0.5 
273 277 0.25 
273 316 0.5 
273 409 0.5 
274 265 0.125 
274 268 0.25 
274 285 0.25 
274 299 0.5 
274 300 0.5 
274 301 0.25 
274 455 0.5 
275 273 0.5 
275 272 0.125 
275 268 0.5 
275 326 0.5 
275 371 0.25 
275 408 0.125 
276 271 0.5 
276 278 0.5 
276 280 0.125 
276 452 0.25 
277 265 0.125 
277 273 0.125 
277 291 0.5 
278 271 0.25 
278 276 0.125 
278 287 0.125 
278 293 0.5 
278 322 0.25 
278 323 0.125 
278 328 0.125 
278 398 0.125 
278 403 0.5 
278 416 0.125 
279 272 0.5 
279 266 0.5 
279 290 0.25 
279 314 0.5 
280 271 0.125 
280 276 0.5 
280 284 0.5 
280 297 0.5 
280 308 0.25 
280 350 0.125 
281 264 0.25 
281 270 0.25 
281 295 0.5 
281 302 0.25 
281 320 0.5 
281 327 0.25 
281 367 0.25 
281 385 0.125 
281 413 0.125 
281 422 0.5 
282 271 0.25 
282 265 0.5 
282 289 0.25 
282 385 0.5 
282 425 0.25 
283 265 0.5 
283 338 0.25 
284 265 0.5 
284 271 0.5 
284 280 0.5 
284 329 0.25 
284 429 0.5 
284 440 0.25 
285 268 0.25 
285 265 0.5 
285 274 0.25 
285 338 0.125 
285 376 0.125 
285 410 0.25 
286 268 0.25 
286 317 0.25 
286 355 0.5 
287 271 0.125 
287 278 0.125 
287 296 0.25 
287 303 0.5 
287 312 0.125 
287 384 0.125 
287 393 0.25 
287 403 0.5 
287 424 0.125 
287 450 0.5 
288 283 0.5 
288 265 0.5 
289 282 0.5 
289 271 0.5 
289 438 0.5 
290 279 0.25 
291 277 0.5 
291 264 0.25 
291 292 0.5 
291 360 0.25 
291 376 0.125 
292 277 0.5 
292 291 0.125 
292 327 0.25 
292 344 0.125 
293 278 0.125 
293 312 0.125 
293 321 0.25 
293 417 0.125 
293 428 0.5 
294 266 0.125 
294 433 0.125 
294 443 0.25 
295 281 0.25 
295 327 0.125 
295 386 0.5 
296 287 0.5 
296 269 0.25 
297 280 0.5 
297 276 0.25 
297 271 0.5 
297 298 0.25 
297 309 0.25 
297 347 0.5 
297 364 0.5 
297 377 0.125 
297 452 0.5 
298 271 0.25 
298 297 0.25 
298 301 0.25 
298 303 0.25 
298 313 0.25 
298 330 0.5 
298 335 0.25 
298 374 0.5 
298 397 0.25 
298 441 0.5 
298 479 0.25 
299 267 0.5 
299 274 0.25 
299 306 0.25 
299 313 0.125 
300 274 0.25 
300 301 0.5 
300 313 0.5 
300 371 0.5 
300 401 0.125 
300 418 0.5 
301 300 0.125 
301 274 0.125 
301 298 0.25 
301 420 0.5 
301 460 0.5 
302 281 0.25 
302 282 0.5 
302 264 0.5 
302 385 0.5 
303 298 0.125 
303 287 0.25 
303 299 0.5 
303 267 0.25 
303 310 0.125 
303 330 0.125 
303 388 0.125 
303 395 0.25 
303 457 0.125 
303 481 0.5 
304 300 0.125 
304 358 0.25 
304 415 0.5 
305 267 0.25 
305 373 0.125 
306 299 0.125 
306 314 0.125 
306 363 0.25 
307 264 0.25 
307 270 0.125 
307 351 0.125 
307 359 0.125 
308 280 0.25 
308 276 0.5 
308 271 0.125 
308 309 0.125 
308 364 0.125 
308 368 0.125 
308 377 0.125 
308 423 0.25 
309 271 0.25 
309 280 0.125 
309 297 0.5 
309 308 0.5 
309 350 0.5 
309 368 0.5 
309 423 0.5 
309 448 0.125 
310 303 0.125 
310 267 0.5 
310 325 0.125 
310 337 0.125 
310 357 0.5 
310 372 0.125 
310 414 0.5 
311 268 0.25 
311 286 0.5 
312 293 0.25 
312 287 0.5 
312 271 0.125 
312 331 0.5 
312 380 0.5 
312 400 0.5 
313 300 0.5 
313 298 0.125 
313 299 0.125 
313 301 0.125 
313 346 0.125 
313 382 0.25 
313 391 0.125 
313 426 0.5 
314 287 0.25 
314 306 0.5 
314 279 0.125 
315 263 0.5 
315 349 0.5 
315 356 0.5 
315 362 0.25 
315 369 0.5 
315 442 0.5 
316 273 0.25 
316 338 0.25 
316 371 0.5 
317 268 0.125 
317 282 0.5 
317 299 0.125 
317 286 0.125 
317 319 0.5 
317 383 0.25 
317 427 0.25 
317 436 0.25 
317 445 0.25 
318 266 0.125 
318 394 0.25 
319 317 0.25 
319 332 0.125 
320 295 0.25 
320 281 0.125 
320 327 0.25 
320 367 0.25 
320 386 0.25 
320 422 0.5 
321 293 0.25 
321 263 0.25 
321 323 0.125 
321 342 0.25 
322 278 0.5 
322 266 0.125 
323 278 0.25 
323 321 0.25 
324 266 0.125 
324 318 0.5 
325 310 0.5 
325 357 0.125 
326 269 0.25 
326 275 0.5 
326 334 0.25 
326 412 0.125 
326 421 0.25 
327 320 0.125 
327 295 0.25 
327 281 0.125 
327 292 0.125 
327 339 0.5 
327 353 0.5 
327 370 0.25 
327 391 0.5 
328 278 0.5 
329 284 0.25 
330 301 0.5 
330 303 0.25 
330 298 0.25 
330 390 0.25 
330 404 0.125 
330 437 0.25 
331 312 0.125 
331 380 0.5 
331 392 0.5 
332 319 0.125 
332 331 0.125 
332 289 0.125 
332 317 0.25 
333 263 0.125 
334 326 0.5 
334 411 0.25 
334 421 0.25 
335 298 0.25 
336 263 0.5 
337 310 0.25 
337 325 0.25 
338 283 0.125 
338 265 0.125 
338 285 0.125 
338 316 0.5 
339 264 0.5 
339 327 0.125 
339 340 0.125 
339 354 0.5 
339 447 0.5 
339 459 0.125 
340 339 0.5 
340 341 0.25 
340 348 0.25 
340 354 0.5 
340 444 0.25 
340 459 0.5 
341 340 0.125 
341 267 0.25 
341 313 0.125 
342 321 0.5 
342 263 0.5 
343 332 0.125 
343 264 0.25 
343 270 0.125 
343 389 0.5 
343 432 0.125 
344 292 0.125 
344 396 0.25 
344 454 0.5 
345 272 0.5 
346 313 0.5 
346 267 0.25 
347 297 0.5 
347 308 0.5 
347 271 0.5 
347 368 0.25 
347 423 0.25 
347 452 0.5 
348 340 0.5 
348 270 0.5 
348 339 0.125 
349 315 0.125 
349 356 0.5 
349 362 0.5 
350 271 0.5 
350 309 0.5 
350 280 0.125 
350 352 0.125 
350 402 0.25 
350 428 0.25 
351 270 0.125 
351 281 0.5 
351 307 0.5 
351 365 0.5 
352 350 0.25 
353 327 0.5 
353 444 0.25 
354 339 0.125 
354 340 0.25 
354 447 0.25 
354 459 0.5 
355 268 0.5 
355 286 0.25 
355 403 0.25 
356 349 0.25 
356 315 0.125 
357 325 0.5 
357 310 0.25 
357 372 0.125 
357 406 0.125 
358 304 0.5 
358 415 0.5 
359 307 0.125 
359 270 0.25 
359 264 0.25 
360 291 0.5 
360 344 0.125 
360 430 0.5 
360 451 0.125 
361 269 0.25 
362 315 0.125 
362 349 0.25 
362 369 0.125 
363 306 0.25 
364 297 0.125 
364 280 0.5 
364 271 0.5 
364 308 0.5 
365 351 0.5 
366 335 0.5 
366 271 0.125 
366 280 0.125 
366 347 0.5 
367 281 0.125 
367 320 0.5 
368 308 0.5 
368 347 0.25 
368 271 0.5 
368 309 0.25 
369 315 0.5 
369 349 0.25 
369 362 0.5 
369 405 0.25 
370 327 0.25 
370 353 0.5 
371 275 0.125 
371 316 0.5 
371 273 0.25 
371 300 0.25 
371 387 0.25 
372 357 0.125 
372 310 0.25 
372 397 0.125 
372 406 0.25 
372 414 0.125 
373 267 0.5 
373 305 0.125 
374 330 0.5 
374 298 0.5 
374 397 0.25 
375 269 0.5 
376 285 0.25 
376 338 0.125 
376 291 0.5 
376 410 0.25 
377 297 0.5 
377 276 0.5 
377 308 0.25 
377 271 0.5 
378 269 0.25 
378 412 0.25 
379 323 0.25 
379 336 0.25 
379 431 0.25 
379 435 0.5 
380 312 0.5 
380 331 0.25 
380 400 0.25 
381 266 0.5 
382 313 0.5 
382 426 0.125 
383 319 0.125 
383 317 0.25 
384 287 0.25 
385 302 0.5 
385 281 0.125 
385 282 0.25 
386 320 0.125 
386 295 0.5 
386 422 0.125 
387 371 0.125 
388 303 0.25 
389 343 0.5 
389 432 0.25 
390 330 0.25 
391 327 0.5 
391 341 0.5 
391 376 0.125 
391 313 0.125 
392 331 0.25 
392 312 0.125 
392 380 0.25 
393 384 0.5 
393 287 0.25 
393 403 0.25 
393 424 0.5 
394 318 0.5 
394 405 0.125 
395 303 0.5 
395 457 0.25 
396 344 0.25 
397 372 0.25 
397 298 0.25 
397 325 0.125 
397 374 0.125 
397 419 0.25 
398 278 0.25 
398 322 0.5 
399 271 0.125 
399 297 0.25 
399 276 0.125 
399 308 0.125 
400 331 0.125 
400 312 0.125 
400 380 0.25 
401 300 0.125 
402 350 0.125 
403 287 0.5 
403 355 0.125 
403 278 0.125 
403 393 0.125 
404 330 0.125 
404 390 0.5 
405 266 0.125 
405 394 0.5 
405 369 0.5 
405 446 0.125 
405 458 0.5 
406 325 0.5 
406 357 0.5 
406 372 0.25 
406 414 0.25 
407 264 0.125 
407 270 0.5 
408 275 0.5 
409 273 0.125 
410 376 0.5 
410 285 0.125 
411 334 0.125 
411 409 0.125 
411 361 0.25 
411 271 0.25 
411 326 0.125 
412 334 0.5 
412 326 0.5 
412 378 0.125 
413 367 0.5 
413 281 0.5 
413 453 0.25 
414 372 0.5 
414 310 0.25 
414 406 0.25 
415 358 0.5 
415 304 0.125 
415 455 0.5 
416 278 0.5 
417 293 0.5 
418 300 0.125 
418 401 0.125 
419 397 0.5 
420 301 0.5 
420 443 0.5 
421 326 0.5 
421 334 0.25 
422 386 0.25 
422 281 0.25 
422 320 0.25 
422 453 0.125 
423 309 0.25 
423 271 0.25 
423 347 0.25 
423 308 0.25 
424 287 0.5 
424 393 0.5 
425 282 0.25 
426 313 0.5 
426 382 0.125 
427 317 0.25 
428 350 0.5 
428 293 0.125 
428 456 0.125 
429 284 0.5 
430 360 0.5 
430 451 0.125 
431 379 0.25 
431 435 0.25 
432 389 0.5 
432 343 0.25 
433 294 0.125 
434 312 0.25 
434 380 0.25 
434 400 0.5 
434 331 0.5 
435 379 0.125 
435 431 0.5 
436 317 0.25 
436 383 0.125 
437 330 0.125 
437 301 0.125 
437 433 0.125 
437 390 0.5 
437 439 0.25 
438 289 0.125 
439 437 0.125 
440 284 0.25 
441 298 0.25 
442 315 0.25 
442 362 0.125 
442 349 0.25 
442 449 0.25 
443 301 0.25 
443 303 0.25 
443 294 0.125 
443 420 0.125 
443 274 0.5 
444 353 0.5 
444 340 0.5 
444 327 0.5 
445 317 0.25 
445 436 0.25 
446 405 0.25 
446 458 0.5 
447 339 0.5 
447 354 0.25 
447 340 0.125 
448 271 0.25 
448 309 0.125 
448 377 0.25 
448 347 0.5 
449 263 0.125 
449 442 0.5 
450 287 0.125 
450 393 0.125 
451 360 0.25 
451 430 0.5 
452 271 0.5 
452 297 0.125 
452 347 0.5 
452 276 0.125 
453 295 0.5 
453 422 0.25 
453 281 0.5 
453 413 0.5 
454 344 0.5 
455 274 0.25 
455 415 0.125 
456 428 0.125 
457 303 0.5 
457 395 0.25 
458 405 0.125 
458 446 0.125 
459 354 0.125 
459 339 0.25 
459 340 0.25 
460 301 0.5 
460 420 0.25 
461 229 0.5 
461 441 0.5 
461 139 0.5 
461 428 0.5 
461 245 0.25 
461 462 0.125 
462 461 0.125 
462 463 0.5 
463 462 0.25 
463 461 0.125 
464 443 0.25 
464 141 0.5 
464 23 0.125 
464 24 0.5 
464 104 0.125 
464 465 0.125 
464 466 0.125 
464 467 0.25 
465 464 0.5 
465 468 0.25 
465 470 0.25 
465 472 0.5 
465 473 0.25 
465 474 0.5 
466 464 0.5 
467 464 0.25 
467 470 0.25 
467 472 0.125 
467 475 0.125 
468 465 0.125 
468 469 0.5 
468 471 0.25 
468 478 0.25 
469 468 0.25 
469 471 0.125 
469 478 0.25 
470 467 0.5 
470 465 0.125 
471 469 0.125 
471 468 0.125 
471 472 0.5 
472 471 0.125 
472 465 0.25 
472 467 0.25 
473 465 0.125 
473 476 0.25 
474 465 0.125 
475 467 0.5 
476 473 0.5 
476 477 0.5 
477 476 0.25 
478 468 0.125 
478 469 0.5 
479 330 0.5 
479 298 0.125 
479 350 0.5 
479 313 0.25 
479 480 0.5 
480 479 0.125 
481 271 0.25 
481 393 0.125 
481 196 0.25 
481 110 0.5 
481 303 0.125 
481 482 0.25 
481 483 0.25 
481 485 0.125 
481 489 0.25 
482 481 0.125 
482 488 0.5 
483 481 0.25 
483 484 0.5 
484 483 0.125 
485 481 0.25 
485 486 0.25 
485 487 0.25 
486 485 0.25 
486 490 0.5 
487 485 0.25 
488 482 0.125 
489 481 0.5 
489 491 0.5 
490 486 0.25 
491 489 0.25 
492 285 0.25 
492 264 0.125 
492 36 0.5 
492 453 0.125 
492 227 0.125 
492 493 0.125 
492 495 0.5 
493 492 0.5 
493 494 0.125 
493 495 0.25 
493 498 0.125 
494 493 0.25 
494 497 0.25 
495 492 0.5 
495 493 0.125 
495 496 0.25 
495 499 0.5 
496 495 0.25 
497 494 0.125 
498 493 0.125 
498 499 0.125 
499 498 0.5 
499 495 0.125 
