100
3 29 0.0625
5 39 0.0625
6 10 0.015625
9 32 0.015625
10 6 0.015625
10 25 0.015625
11 14 0.5
14 11 0.5
25 10 0.015625
25 6 0.0625
29 3 0.5
32 9 0.015625
39 5 0.5
39 7 0.015625
40 41 0.5
40 43 0.0625
41 40 0.015625
43 40 0.5
43 41 0.015625
49 42 0.5
49 61 0.0625
49 65 0.5
52 83 0.5
53 51 0.0625
53 70 0.015625
54 57 0.015625
56 54 0.0625
56 88 0.5
57 54 0.5
57 60 0.015625
59 51 0.015625
59 70 0.015625
60 57 0.0625
61 49 0.0625
63 64 0.0625
63 68 0.5
63 89 0.5
64 63 0.015625
64 66 0.015625
64 68 0.5
64 89 0.015625
65 49 0.0625
66 64 0.5
66 63 0.5
68 63 0.015625
68 64 0.0625
68 89 0.0625
70 53 0.015625
70 51 0.5
70 59 0.0625
83 52 0.0625
86 84 0.0625
87 75 0.0625
88 56 0.5
89 68 0.015625
89 63 0.0625
89 64 0.015625
95 67 0.0625
96 98 0.015625
98 96 0.0625
