500
0 1 0.25
0 2 0.015625
1 0 0.015625
1 3 0.25
2 0 0.015625
2 4 0.015625
2 5 0.015625
3 1 0.25
4 2 0.015625
5 2 0.0625
5 1 0.25
5 6 0.0625
5 7 0.0625
5 10 0.25
6 5 0.0625
6 8 0.0625
6 9 0.015625
6 11 0.0625
6 12 0.0625
7 5 0.0625
8 6 0.0625
8 9 0.015625
9 6 0.0625
9 8 0.25
9 10 0.25
10 9 0.0625
10 5 0.015625
11 6 0.25
12 11 0.015625
12 5 0.25
12 9 0.015625
12 6 0.25
12 13 0.0625
12 14 0.0625
12 19 0.25
12 43 0.25
12 69 0.015625
12 154 0.25
12 168 0.25
12 192 0.25
12 238 0.25
13 12 0.0625
13 17 0.015625
13 18 0.25
13 24 0.0625
13 33 0.015625
13 39 0.25
13 55 0.25
13 63 0.0625
13 68 0.015625
13 75 0.0625
13 102 0.015625
13 104 0.25
13 124 0.0625
13 158 0.25
14 12 0.0625
14 15 0.25
14 20 0.015625
14 27 0.25
14 30 0.015625
14 31 0.25
14 37 0.0625
14 201 0.0625
15 14 0.25
15 16 0.015625
15 22 0.015625
15 27 0.0625
15 31 0.0625
15 37 0.25
15 143 0.015625
15 147 0.015625
16 14 0.25
16 15 0.25
16 46 0.015625
16 106 0.25
16 176 0.015625
17 13 0.0625
17 18 0.25
17 21 0.0625
17 26 0.0625
17 33 0.25
17 59 0.015625
17 73 0.25
17 79 0.0625
17 125 0.015625
17 134 0.0625
17 141 0.0625
17 171 0.25
17 197 0.25
17 199 0.25
18 13 0.0625
18 17 0.0625
18 23 0.0625
18 45 0.25
18 56 0.015625
18 94 0.0625
18 96 0.0625
18 117 0.015625
18 122 0.015625
18 135 0.0625
18 185 0.25
18 256 0.015625
19 12 0.015625
19 38 0.0625
19 155 0.0625
19 162 0.015625
20 14 0.0625
20 15 0.015625
20 65 0.015625
20 151 0.0625
20 198 0.0625
21 13 0.25
21 17 0.015625
21 24 0.015625
21 29 0.015625
21 34 0.0625
21 55 0.0625
21 95 0.015625
21 97 0.015625
21 103 0.25
21 112 0.25
21 136 0.25
22 15 0.25
22 14 0.015625
22 26 0.0625
22 28 0.25
22 30 0.25
22 90 0.015625
23 18 0.25
23 77 0.25
23 156 0.015625
23 464 0.015625
24 13 0.25
24 21 0.015625
24 40 0.0625
24 42 0.015625
24 170 0.015625
24 172 0.0625
25 20 0.015625
25 41 0.0625
25 101 0.25
25 163 0.015625
25 183 0.25
26 17 0.25
26 22 0.0625
27 15 0.015625
27 14 0.0625
27 36 0.015625
27 61 0.015625
27 159 0.015625
28 22 0.0625
28 40 0.015625
29 21 0.25
29 32 0.015625
30 14 0.25
30 22 0.015625
30 40 0.0625
30 49 0.25
30 118 0.0625
30 150 0.015625
31 14 0.0625
31 15 0.25
32 29 0.25
32 34 0.25
32 54 0.25
32 78 0.25
32 112 0.015625
33 17 0.25
33 19 0.015625
33 13 0.25
33 35 0.0625
33 43 0.0625
33 47 0.0625
33 165 0.015625
33 196 0.25
33 218 0.015625
33 223 0.0625
34 21 0.0625
34 24 0.25
34 32 0.0625
34 29 0.0625
34 37 0.015625
34 67 0.0625
34 71 0.015625
34 85 0.015625
34 143 0.25
35 33 0.25
35 51 0.015625
35 72 0.25
35 80 0.0625
35 97 0.25
35 116 0.015625
35 129 0.25
35 181 0.0625
35 206 0.0625
36 27 0.0625
36 20 0.25
36 48 0.25
36 61 0.0625
36 123 0.25
36 163 0.0625
36 167 0.25
36 221 0.0625
37 34 0.015625
37 14 0.0625
37 15 0.0625
37 35 0.015625
37 76 0.0625
37 85 0.25
37 184 0.0625
37 214 0.25
37 238 0.25
38 19 0.015625
38 44 0.25
38 47 0.25
38 58 0.25
38 77 0.25
38 120 0.25
38 121 0.25
38 187 0.015625
39 13 0.25
39 17 0.015625
39 52 0.0625
39 84 0.0625
39 138 0.0625
39 153 0.0625
39 164 0.0625
39 169 0.0625
39 191 0.015625
39 216 0.25
40 30 0.015625
40 15 0.0625
40 28 0.25
40 24 0.25
40 95 0.0625
40 115 0.25
40 160 0.0625
40 195 0.015625
40 210 0.015625
41 25 0.0625
41 111 0.0625
41 183 0.0625
42 24 0.25
42 172 0.25
43 12 0.0625
43 33 0.25
43 83 0.25
43 131 0.0625
43 154 0.015625
44 18 0.015625
44 23 0.0625
44 38 0.015625
44 53 0.015625
44 60 0.0625
44 87 0.0625
44 100 0.25
44 149 0.0625
44 175 0.015625
44 194 0.25
45 18 0.0625
45 56 0.015625
45 93 0.015625
45 98 0.25
45 108 0.25
45 117 0.015625
45 220 0.25
46 16 0.25
46 157 0.0625
47 33 0.25
47 38 0.015625
47 77 0.0625
47 146 0.25
47 202 0.015625
48 36 0.25
48 70 0.0625
48 163 0.015625
48 221 0.015625
49 30 0.015625
50 24 0.25
50 13 0.015625
50 42 0.015625
50 85 0.25
50 107 0.015625
50 132 0.015625
50 142 0.0625
51 35 0.25
51 89 0.25
51 90 0.25
52 39 0.015625
52 77 0.25
52 84 0.25
52 138 0.0625
52 191 0.25
52 216 0.015625
53 44 0.25
53 57 0.0625
53 60 0.25
53 66 0.25
53 81 0.015625
53 82 0.0625
53 100 0.25
53 109 0.015625
54 32 0.015625
54 29 0.0625
55 21 0.0625
55 17 0.0625
55 13 0.25
55 88 0.015625
55 212 0.015625
56 44 0.25
56 45 0.015625
56 18 0.0625
56 209 0.25
57 53 0.015625
57 127 0.015625
58 38 0.25
58 120 0.25
58 187 0.0625
59 17 0.25
59 62 0.25
59 74 0.25
59 88 0.015625
59 126 0.015625
59 189 0.25
60 53 0.015625
60 44 0.25
60 204 0.015625
61 27 0.015625
61 36 0.015625
61 14 0.0625
61 86 0.0625
61 148 0.015625
61 152 0.25
61 217 0.015625
62 59 0.015625
62 64 0.25
62 81 0.0625
62 211 0.015625
62 219 0.015625
63 13 0.25
63 68 0.25
64 62 0.0625
65 20 0.25
65 198 0.25
66 53 0.25
67 34 0.015625
68 63 0.0625
68 13 0.015625
69 12 0.0625
69 192 0.25
70 48 0.25
70 36 0.25
70 123 0.25
70 167 0.25
70 221 0.25
71 34 0.0625
71 67 0.25
71 41 0.015625
71 133 0.25
72 35 0.0625
73 17 0.25
74 59 0.0625
74 126 0.015625
75 13 0.0625
75 104 0.25
76 61 0.0625
76 37 0.0625
76 184 0.0625
77 52 0.0625
77 23 0.015625
77 47 0.25
77 19 0.0625
77 38 0.25
77 127 0.015625
77 190 0.0625
78 32 0.25
78 29 0.25
79 17 0.25
79 134 0.25
79 141 0.015625
79 199 0.0625
80 35 0.015625
80 72 0.015625
80 116 0.0625
80 181 0.0625
80 206 0.015625
81 66 0.0625
81 62 0.0625
81 53 0.015625
81 130 0.0625
81 161 0.0625
82 53 0.015625
82 45 0.0625
83 43 0.0625
83 127 0.015625
84 52 0.015625
84 39 0.25
84 164 0.0625
84 216 0.0625
85 50 0.25
85 37 0.25
85 34 0.0625
85 99 0.0625
85 112 0.015625
85 131 0.25
85 179 0.25
86 61 0.25
86 99 0.25
87 44 0.25
87 128 0.015625
87 137 0.25
87 144 0.0625
88 59 0.0625
88 55 0.0625
89 51 0.0625
89 47 0.015625
90 22 0.0625
90 51 0.25
90 28 0.0625
90 193 0.015625
91 85 0.25
91 86 0.015625
91 177 0.015625
91 215 0.0625
92 12 0.25
92 26 0.0625
92 19 0.015625
93 45 0.0625
94 18 0.25
95 21 0.25
95 17 0.015625
95 40 0.25
95 178 0.0625
95 186 0.25
95 208 0.015625
96 18 0.0625
96 135 0.0625
97 32 0.25
97 21 0.25
97 35 0.0625
97 116 0.25
97 129 0.0625
98 45 0.0625
98 108 0.0625
99 85 0.0625
99 86 0.25
99 114 0.25
100 53 0.0625
100 57 0.25
100 44 0.015625
100 113 0.015625
101 25 0.015625
101 111 0.25
101 143 0.0625
101 179 0.015625
101 183 0.015625
102 55 0.015625
102 13 0.015625
102 77 0.0625
102 47 0.015625
102 105 0.25
103 21 0.0625
104 13 0.25
104 75 0.25
104 110 0.25
104 119 0.25
104 140 0.015625
104 203 0.0625
104 207 0.25
105 102 0.25
105 97 0.015625
106 16 0.0625
106 176 0.25
107 50 0.25
107 139 0.0625
108 45 0.25
108 98 0.015625
108 220 0.0625
109 53 0.25
109 66 0.015625
110 104 0.0625
110 481 0.0625
111 25 0.015625
111 41 0.015625
111 101 0.015625
111 163 0.015625
111 183 0.25
112 21 0.015625
112 34 0.015625
112 32 0.015625
112 85 0.25
112 139 0.25
112 145 0.25
113 100 0.015625
113 162 0.015625
114 99 0.015625
114 12 0.0625
115 40 0.015625
115 160 0.0625
116 97 0.0625
116 35 0.015625
116 80 0.0625
116 165 0.25
117 18 0.25
117 23 0.015625
117 45 0.0625
117 156 0.015625
118 30 0.015625
118 49 0.25
119 104 0.015625
119 110 0.015625
119 140 0.0625
119 203 0.015625
119 207 0.25
120 58 0.015625
120 38 0.015625
121 38 0.015625
121 137 0.015625
122 64 0.015625
122 18 0.25
122 82 0.0625
122 166 0.0625
122 256 0.0625
123 70 0.015625
123 36 0.015625
124 13 0.015625
125 17 0.015625
125 79 0.0625
125 171 0.25
126 59 0.0625
126 74 0.25
127 23 0.25
127 77 0.0625
127 60 0.015625
127 57 0.015625
127 83 0.25
128 87 0.25
128 144 0.25
129 80 0.25
129 35 0.25
129 97 0.015625
129 89 0.015625
130 81 0.0625
131 85 0.015625
131 43 0.25
132 50 0.25
132 107 0.0625
132 142 0.0625
133 71 0.0625
134 17 0.25
134 79 0.015625
135 18 0.25
135 96 0.0625
135 185 0.25
136 103 0.015625
136 21 0.0625
137 87 0.25
137 121 0.0625
138 39 0.0625
138 52 0.25
138 84 0.0625
139 97 0.0625
139 107 0.25
139 112 0.0625
139 50 0.0625
139 461 0.0625
140 104 0.0625
140 110 0.0625
140 119 0.0625
140 203 0.25
140 207 0.015625
141 17 0.015625
141 79 0.015625
142 107 0.25
142 132 0.015625
142 50 0.25
142 223 0.0625
143 34 0.25
143 15 0.015625
143 101 0.015625
143 179 0.0625
144 87 0.0625
144 128 0.015625
145 112 0.015625
146 47 0.0625
147 15 0.25
147 14 0.25
148 61 0.25
148 152 0.25
148 217 0.25
149 44 0.25
150 30 0.25
150 118 0.0625
151 20 0.25
151 65 0.25
151 198 0.0625
152 61 0.015625
152 148 0.0625
153 39 0.25
153 52 0.25
153 138 0.015625
153 84 0.0625
154 12 0.0625
154 43 0.015625
155 19 0.25
156 117 0.0625
156 23 0.25
157 46 0.015625
158 13 0.25
159 27 0.0625
160 40 0.0625
160 115 0.015625
161 59 0.015625
161 81 0.0625
161 126 0.0625
161 213 0.015625
162 113 0.0625
162 19 0.25
163 25 0.25
163 101 0.0625
163 36 0.015625
163 48 0.015625
163 111 0.015625
163 174 0.015625
163 182 0.0625
164 52 0.015625
164 39 0.0625
164 84 0.015625
165 33 0.25
165 116 0.25
165 180 0.015625
166 122 0.25
167 70 0.25
167 36 0.25
167 48 0.25
168 12 0.015625
169 164 0.015625
169 39 0.25
170 24 0.25
171 134 0.25
171 17 0.015625
171 125 0.015625
172 42 0.25
172 170 0.25
172 24 0.25
173 12 0.015625
173 168 0.25
174 163 0.015625
175 44 0.015625
175 263 0.25
176 16 0.0625
176 106 0.0625
176 184 0.015625
177 91 0.0625
178 95 0.015625
178 186 0.0625
179 143 0.0625
179 85 0.015625
179 101 0.25
179 14 0.0625
180 165 0.25
181 35 0.25
181 80 0.015625
182 163 0.25
183 111 0.0625
183 101 0.25
183 25 0.25
183 41 0.0625
184 176 0.0625
184 37 0.015625
184 76 0.25
185 18 0.0625
185 135 0.015625
186 178 0.25
186 95 0.015625
187 58 0.0625
187 38 0.0625
188 57 0.0625
189 84 0.015625
189 52 0.015625
189 104 0.25
189 39 0.015625
189 59 0.25
190 77 0.0625
191 39 0.25
191 52 0.015625
191 84 0.25
192 69 0.015625
192 12 0.25
193 90 0.25
194 44 0.25
194 175 0.015625
195 115 0.015625
195 40 0.0625
195 160 0.0625
196 33 0.25
197 17 0.0625
197 125 0.25
197 134 0.015625
198 65 0.015625
198 20 0.015625
198 151 0.25
199 17 0.0625
199 79 0.015625
200 102 0.0625
201 14 0.0625
201 15 0.0625
201 147 0.25
202 47 0.0625
202 146 0.0625
203 104 0.0625
203 119 0.0625
203 140 0.015625
204 60 0.015625
205 26 0.015625
206 72 0.015625
206 35 0.25
206 80 0.015625
207 119 0.25
207 203 0.015625
207 104 0.015625
207 110 0.0625
207 140 0.25
208 186 0.25
208 95 0.0625
209 56 0.015625
210 40 0.0625
211 62 0.0625
211 261 0.015625
212 55 0.25
213 161 0.015625
214 37 0.015625
215 91 0.015625
216 84 0.015625
216 39 0.0625
216 191 0.25
216 52 0.25
217 61 0.015625
217 148 0.25
218 33 0.0625
218 51 0.0625
218 187 0.25
219 62 0.0625
219 211 0.0625
220 108 0.0625
220 45 0.25
221 48 0.015625
221 70 0.015625
221 36 0.25
221 123 0.015625
222 165 0.015625
222 180 0.0625
223 33 0.0625
223 142 0.0625
223 13 0.0625
223 43 0.015625
223 225 0.0625
223 226 0.015625
223 234 0.0625
224 223 0.25
224 226 0.25
224 227 0.0625
224 230 0.0625
224 233 0.25
225 223 0.0625
225 227 0.0625
225 234 0.25
226 223 0.0625
226 224 0.0625
226 228 0.25
226 229 0.0625
226 235 0.25
227 225 0.0625
227 224 0.015625
227 230 0.25
227 233 0.0625
228 226 0.25
228 229 0.0625
229 226 0.0625
229 228 0.0625
229 231 0.25
229 461 0.0625
230 224 0.015625
230 227 0.015625
230 236 0.0625
231 229 0.0625
231 232 0.015625
232 231 0.015625
233 224 0.015625
233 223 0.0625
233 227 0.015625
234 225 0.0625
234 223 0.25
235 226 0.25
235 228 0.0625
236 230 0.25
237 228 0.25
238 52 0.25
238 192 0.0625
238 12 0.0625
238 37 0.0625
238 187 0.0625
238 239 0.0625
238 240 0.0625
238 241 0.25
238 246 0.015625
238 247 0.25
238 255 0.25
239 238 0.25
239 242 0.0625
239 243 0.25
239 244 0.015625
239 254 0.015625
239 255 0.015625
240 238 0.25
241 238 0.0625
241 245 0.0625
241 247 0.25
241 249 0.0625
241 251 0.015625
241 254 0.25
242 239 0.25
242 244 0.25
243 239 0.0625
243 255 0.015625
243 261 0.015625
244 239 0.0625
244 242 0.25
245 241 0.0625
245 246 0.015625
245 248 0.0625
245 249 0.015625
246 238 0.25
246 245 0.015625
246 250 0.015625
247 238 0.25
247 241 0.0625
248 245 0.015625
249 245 0.015625
249 241 0.015625
250 246 0.0625
251 241 0.015625
251 252 0.015625
251 253 0.015625
252 251 0.0625
252 253 0.015625
253 252 0.25
253 251 0.015625
254 239 0.015625
254 241 0.0625
255 243 0.015625
255 238 0.25
255 249 0.015625
255 239 0.25
256 18 0.0625
256 87 0.25
256 156 0.015625
256 122 0.25
256 257 0.0625
256 259 0.0625
257 256 0.25
257 258 0.25
258 257 0.25
258 260 0.015625
259 256 0.25
260 258 0.0625
261 189 0.0625
261 211 0.0625
261 243 0.0625
261 26 0.015625
261 126 0.25
261 262 0.25
262 261 0.0625
263 122 0.0625
263 175 0.0625
263 231 0.015625
263 243 0.015625
263 127 0.25
263 264 0.0625
263 266 0.25
263 315 0.015625
263 321 0.015625
263 333 0.015625
263 336 0.25
263 342 0.015625
264 263 0.25
264 265 0.25
264 267 0.0625
264 270 0.015625
264 291 0.0625
264 307 0.25
264 343 0.015625
264 359 0.0625
264 492 0.25
265 264 0.015625
265 268 0.25
265 271 0.0625
265 273 0.25
265 274 0.0625
265 282 0.015625
265 284 0.25
265 288 0.25
265 338 0.0625
266 263 0.0625
266 272 0.25
266 279 0.25
266 294 0.25
266 318 0.015625
266 322 0.015625
266 324 0.25
266 381 0.0625
266 405 0.25
267 264 0.0625
267 269 0.0625
267 303 0.25
267 305 0.0625
267 310 0.0625
267 346 0.0625
267 373 0.25
268 265 0.25
268 274 0.0625
268 275 0.0625
268 285 0.015625
268 286 0.015625
268 311 0.015625
268 317 0.25
268 355 0.015625
269 267 0.25
269 326 0.25
269 361 0.0625
269 375 0.0625
269 378 0.25
270 264 0.0625
270 348 0.25
270 351 0.015625
270 407 0.015625
271 265 0.0625
271 272 0.0625
271 276 0.25
271 278 0.25
271 280 0.25
271 282 0.25
271 284 0.0625
271 287 0.25
271 289 0.015625
271 297 0.015625
271 308 0.25
271 309 0.0625
271 347 0.015625
271 350 0.0625
271 364 0.015625
271 366 0.25
271 399 0.015625
271 423 0.0625
271 448 0.0625
271 452 0.25
271 481 0.015625
272 271 0.25
272 266 0.25
272 275 0.015625
272 279 0.25
272 345 0.015625
273 265 0.0625
273 275 0.0625
273 277 0.25
273 316 0.0625
273 409 0.0625
274 265 0.25
274 268 0.015625
274 285 0.015625
274 299 0.0625
274 300 0.25
274 301 0.25
274 455 0.25
275 273 0.25
275 272 0.0625
275 268 0.0625
275 326 0.25
275 371 0.015625
275 408 0.015625
276 271 0.015625
276 278 0.0625
276 280 0.0625
276 452 0.015625
277 265 0.015625
277 273 0.015625
277 291 0.25
278 271 0.25
278 276 0.0625
278 287 0.015625
278 293 0.015625
278 322 0.0625
278 323 0.0625
278 328 0.0625
278 398 0.015625
278 403 0.25
278 416 0.25
279 272 0.015625
279 266 0.015625
279 290 0.015625
279 314 0.25
280 271 0.25
280 276 0.015625
280 284 0.015625
280 297 0.25
280 308 0.0625
280 350 0.015625
281 264 0.015625
281 270 0.25
281 295 0.25
281 302 0.25
281 320 0.25
281 327 0.015625
281 367 0.25
281 385 0.015625
281 413 0.25
281 422 0.0625
282 271 0.25
282 265 0.25
282 289 0.25
282 385 0.0625
282 425 0.25
283 265 0.25
283 338 0.015625
284 265 0.0625
284 271 0.0625
284 280 0.015625
284 329 0.0625
284 429 0.0625
284 440 0.0625
285 268 0.015625
285 265 0.015625
285 274 0.0625
285 338 0.25
285 376 0.015625
285 410 0.0625
286 268 0.0625
286 317 0.25
286 355 0.015625
287 271 0.015625
287 278 0.25
287 296 0.015625
287 303 0.015625
287 312 0.015625
287 384 0.25
287 393 0.015625
287 403 0.0625
287 424 0.0625
287 450 0.0625
288 283 0.0625
288 265 0.015625
289 282 0.015625
289 271 0.25
289 438 0.0625
290 279 0.0625
291 277 0.015625
291 264 0.0625
291 292 0.25
291 360 0.015625
291 376 0.25
292 277 0.015625
292 291 0.015625
292 327 0.0625
292 344 0.0625
293 278 0.25
293 312 0.25
293 321 0.0625
293 417 0.0625
293 428 0.25
294 266 0.0625
294 433 0.015625
294 443 0.25
295 281 0.0625
295 327 0.25
295 386 0.015625
296 287 0.0625
296 269 0.015625
297 280 0.0625
297 276 0.015625
297 271 0.015625
297 298 0.0625
297 309 0.0625
297 347 0.0625
297 364 0.0625
297 377 0.25
297 452 0.25
298 271 0.015625
298 297 0.0625
298 301 0.25
298 303 0.25
298 313 0.0625
298 330 0.0625
298 335 0.015625
298 374 0.015625
298 397 0.0625
298 441 0.015625
298 479 0.0625
299 267 0.0625
299 274 0.0625
299 306 0.0625
299 313 0.0625
300 274 0.015625
300 301 0.25
300 313 0.25
300 371 0.015625
300 401 0.0625
300 418 0.25
301 300 0.25
301 274 0.25
301 298 0.25
301 420 0.0625
301 460 0.0625
302 281 0.0625
302 282 0.0625
302 264 0.0625
302 385 0.0625
303 298 0.015625
303 287 0.25
303 299 0.0625
303 267 0.0625
303 310 0.25
303 330 0.015625
303 388 0.015625
303 395 0.25
303 457 0.25
303 481 0.25
304 300 0.25
304 358 0.25
304 415 0.25
305 267 0.0625
305 373 0.0625
306 299 0.0625
306 314 0.015625
306 363 0.25
307 264 0.0625
307 270 0.0625
307 351 0.0625
307 359 0.25
308 280 0.0625
308 276 0.015625
308 271 0.0625
308 309 0.25
308 364 0.0625
308 368 0.25
308 377 0.015625
308 423 0.25
309 271 0.0625
309 280 0.015625
309 297 0.0625
309 308 0.0625
309 350 0.0625
309 368 0.015625
309 423 0.015625
309 448 0.0625
310 303 0.0625
310 267 0.015625
310 325 0.015625
310 337 0.0625
310 357 0.015625
310 372 0.015625
310 414 0.25
311 268 0.015625
311 286 0.25
312 293 0.015625
