350
0 2 0.0625
1 3 0.25
1 4 0.0625
2 0 0.015625
3 1 0.0625
4 1 0.25
4 0 0.0625
4 5 0.015625
4 6 0.0625
4 8 0.015625
5 4 0.015625
5 7 0.0625
5 9 0.015625
6 4 0.25
7 5 0.015625
7 8 0.015625
8 7 0.0625
8 4 0.0625
9 5 0.25
10 11 0.015625
10 15 0.25
10 20 0.015625
10 23 0.015625
10 24 0.25
10 145 0.015625
11 10 0.25
11 12 0.0625
11 16 0.25
11 20 0.25
11 24 0.0625
11 98 0.015625
11 102 0.015625
12 10 0.0625
12 11 0.0625
12 33 0.25
12 74 0.0625
12 125 0.015625
13 19 0.25
13 25 0.015625
13 50 0.0625
13 91 0.25
13 96 0.015625
13 120 0.25
13 142 0.0625
13 144 0.0625
14 29 0.015625
14 108 0.0625
15 10 0.25
15 11 0.25
15 46 0.0625
15 105 0.25
15 143 0.25
16 11 0.015625
16 10 0.0625
16 19 0.25
16 21 0.015625
16 23 0.25
16 61 0.25
17 119 0.25
17 121 0.0625
18 15 0.25
18 69 0.0625
18 113 0.015625
18 131 0.25
19 13 0.25
19 16 0.0625
20 11 0.015625
20 10 0.015625
20 28 0.25
20 111 0.0625
21 16 0.25
23 10 0.0625
23 16 0.25
23 36 0.25
23 82 0.015625
24 10 0.25
24 11 0.25
25 13 0.0625
25 14 0.015625
25 27 0.015625
25 34 0.0625
25 114 0.0625
25 141 0.25
25 154 0.25
26 17 0.015625
26 22 0.015625
26 47 0.25
26 49 0.015625
26 57 0.0625
26 98 0.25
27 25 0.015625
27 38 0.0625
27 53 0.0625
27 87 0.015625
28 20 0.015625
28 15 0.015625
28 35 0.0625
28 113 0.0625
28 116 0.25
28 156 0.25
29 14 0.015625
29 31 0.015625
29 34 0.0625
29 42 0.015625
29 51 0.25
29 83 0.0625
30 13 0.015625
30 39 0.0625
30 93 0.25
30 106 0.015625
30 118 0.0625
30 137 0.0625
30 152 0.0625
31 29 0.25
31 43 0.25
31 58 0.0625
31 68 0.015625
31 104 0.015625
31 124 0.25
31 139 0.015625
32 41 0.0625
32 64 0.015625
32 67 0.0625
32 76 0.25
32 81 0.0625
33 12 0.25
33 109 0.015625
34 25 0.015625
34 29 0.015625
34 51 0.25
34 101 0.015625
35 28 0.0625
35 113 0.015625
35 156 0.015625
36 23 0.0625
37 17 0.0625
37 57 0.015625
37 75 0.015625
37 90 0.25
37 97 0.25
38 27 0.25
38 60 0.015625
38 61 0.0625
39 30 0.25
39 51 0.0625
39 93 0.0625
39 137 0.0625
39 152 0.25
40 13 0.25
40 59 0.015625
40 151 0.015625
41 31 0.0625
41 32 0.25
41 149 0.25
42 29 0.015625
43 31 0.25
44 54 0.015625
44 150 0.015625
44 155 0.015625
46 15 0.015625
46 143 0.25
47 26 0.0625
48 138 0.015625
49 26 0.0625
49 47 0.015625
50 13 0.25
51 39 0.015625
51 34 0.0625
51 14 0.015625
51 29 0.25
51 136 0.0625
52 22 0.0625
53 27 0.015625
54 44 0.25
54 88 0.015625
54 112 0.0625
55 32 0.015625
57 37 0.015625
57 26 0.015625
57 89 0.0625
57 128 0.015625
58 31 0.25
58 99 0.25
59 40 0.0625
60 38 0.015625
60 34 0.015625
61 16 0.25
61 38 0.25
61 21 0.015625
62 57 0.015625
62 126 0.25
63 19 0.25
63 14 0.25
64 32 0.0625
66 13 0.0625
66 127 0.015625
66 148 0.25
67 32 0.015625
67 76 0.25
68 31 0.015625
68 79 0.015625
69 18 0.015625
69 78 0.25
69 98 0.0625
69 128 0.0625
69 131 0.015625
70 40 0.015625
70 51 0.25
70 34 0.015625
70 73 0.25
72 77 0.0625
72 95 0.0625
72 147 0.0625
73 70 0.25
74 12 0.0625
74 125 0.25
75 37 0.0625
75 94 0.25
76 32 0.015625
76 67 0.0625
77 72 0.0625
77 336 0.015625
78 18 0.25
78 69 0.015625
78 113 0.015625
78 131 0.25
79 68 0.25
81 32 0.25
82 23 0.0625
82 36 0.0625
83 29 0.015625
84 55 0.015625
84 115 0.25
87 53 0.015625
87 27 0.015625
87 60 0.015625
88 54 0.0625
89 57 0.015625
90 37 0.015625
90 75 0.0625
90 97 0.0625
91 13 0.015625
92 133 0.0625
93 30 0.25
93 39 0.015625
94 75 0.015625
94 37 0.25
95 72 0.0625
95 77 0.015625
95 147 0.25
96 13 0.015625
97 75 0.25
97 90 0.0625
97 37 0.0625
98 26 0.015625
98 11 0.015625
98 69 0.0625
98 128 0.0625
99 58 0.25
101 34 0.25
102 11 0.015625
102 10 0.015625
103 153 0.25
104 31 0.25
105 15 0.0625
105 46 0.0625
105 143 0.015625
106 30 0.25
106 39 0.015625
106 93 0.0625
108 14 0.0625
109 33 0.25
111 20 0.25
112 54 0.0625
112 86 0.015625
113 18 0.015625
113 69 0.015625
113 28 0.0625
113 35 0.0625
113 78 0.25
113 123 0.25
113 130 0.25
114 25 0.015625
114 129 0.0625
115 84 0.25
116 28 0.25
116 35 0.015625
118 30 0.015625
119 17 0.015625
120 91 0.015625
120 13 0.25
121 119 0.0625
121 17 0.0625
122 117 0.0625
123 113 0.015625
124 31 0.25
124 187 0.0625
125 12 0.0625
125 74 0.25
125 132 0.0625
126 62 0.0625
127 66 0.25
128 98 0.0625
128 57 0.0625
128 69 0.015625
128 10 0.015625
129 114 0.015625
130 113 0.015625
131 78 0.0625
131 69 0.0625
131 18 0.015625
132 125 0.015625
133 92 0.0625
135 39 0.015625
135 72 0.0625
135 30 0.015625
136 51 0.25
137 30 0.25
137 39 0.015625
138 48 0.0625
139 31 0.0625
139 124 0.0625
140 80 0.25
141 25 0.0625
142 13 0.015625
142 91 0.25
143 46 0.25
143 15 0.25
143 105 0.25
144 13 0.015625
145 10 0.0625
145 11 0.015625
145 102 0.0625
146 19 0.0625
147 72 0.25
147 77 0.25
147 95 0.0625
148 66 0.25
149 41 0.0625
150 44 0.015625
151 40 0.0625
152 30 0.015625
152 137 0.015625
152 39 0.25
153 103 0.015625
154 25 0.0625
154 38 0.25
155 44 0.015625
155 150 0.0625
156 35 0.0625
156 28 0.25
157 114 0.25
157 129 0.015625
158 160 0.25
158 163 0.25
158 165 0.25
159 166 0.015625
160 158 0.0625
160 161 0.0625
160 162 0.015625
160 167 0.015625
161 160 0.0625
161 162 0.0625
162 160 0.015625
162 161 0.0625
162 164 0.0625
163 158 0.0625
163 168 0.015625
164 162 0.25
165 158 0.0625
166 159 0.015625
167 160 0.015625
167 161 0.0625
168 163 0.015625
169 39 0.25
169 138 0.0625
169 170 0.25
169 171 0.25
169 176 0.0625
169 183 0.0625
170 169 0.015625
170 172 0.25
170 173 0.015625
170 174 0.015625
170 182 0.015625
170 183 0.25
171 169 0.0625
171 175 0.0625
171 176 0.0625
171 179 0.015625
171 182 0.015625
172 170 0.0625
172 174 0.0625
173 170 0.015625
173 183 0.0625
174 170 0.0625
174 172 0.015625
175 171 0.25
175 177 0.0625
176 169 0.015625
176 171 0.015625
177 175 0.015625
179 171 0.015625
179 180 0.015625
179 181 0.25
180 179 0.0625
180 181 0.0625
181 180 0.015625
181 179 0.0625
182 170 0.25
182 171 0.25
183 173 0.015625
183 169 0.25
183 170 0.0625
184 185 0.0625
185 184 0.0625
187 84 0.25
187 124 0.25
187 164 0.0625
187 173 0.25
187 188 0.0625
187 190 0.0625
187 223 0.25
187 231 0.0625
187 238 0.015625
188 187 0.25
188 189 0.0625
188 192 0.0625
188 208 0.0625
188 216 0.0625
188 239 0.25
188 344 0.25
189 188 0.0625
189 191 0.25
189 194 0.25
189 200 0.0625
189 202 0.015625
189 205 0.25
189 234 0.25
190 187 0.0625
190 193 0.25
190 198 0.0625
190 220 0.25
190 224 0.0625
190 266 0.0625
190 280 0.25
191 189 0.25
191 195 0.0625
191 203 0.25
191 218 0.25
191 249 0.0625
192 188 0.25
192 244 0.25
192 282 0.015625
193 190 0.25
193 195 0.015625
193 198 0.015625
193 241 0.015625
194 189 0.25
194 195 0.25
194 197 0.25
195 194 0.25
195 193 0.0625
195 191 0.0625
195 227 0.015625
195 258 0.0625
195 283 0.015625
196 314 0.0625
197 189 0.25
197 194 0.25
197 208 0.015625
198 193 0.0625
198 190 0.25
198 207 0.25
198 219 0.015625
199 188 0.0625
199 192 0.015625
199 210 0.0625
199 222 0.015625
199 292 0.0625
200 189 0.0625
200 206 0.015625
200 294 0.0625
201 189 0.0625
201 234 0.0625
202 189 0.015625
202 297 0.0625
202 305 0.25
203 191 0.25
203 249 0.25
204 211 0.25
204 279 0.0625
204 293 0.015625
204 313 0.0625
205 201 0.25
205 189 0.25
206 200 0.0625
206 303 0.0625
207 198 0.015625
208 197 0.0625
208 188 0.015625
208 209 0.0625
208 261 0.0625
209 197 0.015625
209 208 0.015625
209 240 0.0625
210 199 0.0625
211 204 0.25
213 290 0.0625
213 321 0.015625
214 286 0.0625
216 188 0.015625
216 192 0.015625
217 226 0.015625
217 259 0.0625
217 285 0.25
218 191 0.015625
218 203 0.25
219 204 0.25
219 198 0.015625
220 190 0.25
220 273 0.015625
222 210 0.015625
222 199 0.25
222 292 0.0625
223 187 0.015625
223 225 0.25
223 238 0.015625
224 190 0.015625
225 223 0.0625
226 217 0.25
227 195 0.25
227 232 0.25
227 291 0.0625
229 213 0.0625
229 271 0.25
229 302 0.25
230 265 0.0625
230 272 0.25
231 187 0.25
232 227 0.015625
232 284 0.015625
232 291 0.015625
234 201 0.25
234 189 0.25
235 188 0.0625
235 236 0.015625
235 248 0.015625
235 311 0.015625
235 320 0.25
236 235 0.015625
236 237 0.015625
236 244 0.25
236 248 0.0625
236 320 0.0625
237 236 0.0625
238 223 0.0625
238 187 0.25
239 188 0.0625
239 192 0.25
239 270 0.25
239 299 0.015625
240 209 0.25
240 316 0.0625
241 193 0.0625
243 314 0.25
244 236 0.25
244 192 0.015625
244 235 0.015625
245 250 0.25
245 251 0.0625
248 235 0.25
248 236 0.0625
248 311 0.25
248 320 0.015625
249 191 0.015625
249 203 0.015625
249 279 0.25
250 245 0.0625
251 245 0.25
251 256 0.25
255 233 0.0625
255 243 0.25
256 245 0.015625
256 251 0.25
256 280 0.0625
257 247 0.25
258 195 0.25
258 194 0.015625
258 268 0.015625
259 217 0.0625
259 275 0.25
259 281 0.015625
259 285 0.015625
261 234 0.015625
261 208 0.0625
262 196 0.0625
264 225 0.015625
264 298 0.0625
265 230 0.0625
266 190 0.25
267 295 0.25
268 258 0.015625
270 239 0.015625
270 299 0.0625
271 229 0.0625
272 230 0.015625
272 265 0.25
273 220 0.25
273 280 0.015625
275 259 0.015625
275 226 0.015625
275 289 0.0625
276 224 0.015625
277 196 0.015625
279 204 0.0625
279 249 0.0625
280 190 0.0625
280 273 0.0625
280 256 0.015625
280 310 0.015625
280 319 0.0625
281 226 0.25
281 259 0.0625
281 285 0.015625
282 188 0.015625
282 192 0.25
283 195 0.0625
284 232 0.015625
284 227 0.25
285 259 0.25
285 217 0.25
285 281 0.0625
286 214 0.0625
286 317 0.25
289 275 0.0625
290 213 0.25
290 308 0.25
291 227 0.015625
291 232 0.015625
292 199 0.0625
292 222 0.015625
292 315 0.015625
293 204 0.0625
294 200 0.015625
295 267 0.015625
297 202 0.0625
298 264 0.015625
299 270 0.0625
299 239 0.25
301 265 0.0625
301 230 0.015625
302 229 0.25
302 213 0.0625
302 300 0.015625
302 271 0.0625
302 304 0.015625
303 206 0.015625
304 302 0.0625
305 202 0.0625
307 251 0.0625
307 245 0.0625
308 213 0.015625
308 290 0.25
310 280 0.0625
310 319 0.015625
311 235 0.0625
311 248 0.25
311 236 0.25
312 262 0.015625
312 243 0.015625
313 204 0.25
314 243 0.015625
314 196 0.0625
315 210 0.0625
315 292 0.0625
315 199 0.25
316 240 0.015625
317 286 0.015625
319 280 0.25
319 310 0.015625
320 248 0.25
320 235 0.25
320 236 0.015625
321 213 0.25
321 290 0.015625
324 325 0.015625
324 327 0.25
324 333 0.0625
325 324 0.0625
325 327 0.0625
325 333 0.0625
327 325 0.015625
327 324 0.0625
327 328 0.0625
328 327 0.25
331 332 0.0625
332 331 0.015625
333 324 0.0625
333 325 0.015625
334 229 0.25
334 335 0.015625
335 334 0.0625
336 141 0.25
336 77 0.015625
336 337 0.0625
336 342 0.015625
337 336 0.015625
337 341 0.25
341 337 0.015625
342 336 0.25
342 343 0.25
343 342 0.0625
344 188 0.0625
344 28 0.25
344 315 0.015625
344 346 0.015625
346 344 0.015625
346 347 0.0625
346 349 0.015625
347 346 0.0625
348 349 0.25
349 348 0.015625
349 346 0.25
