150
0 1 0.0625
1 0 0.015625
3 5 0.015625
5 3 0.5
6 48 0.5
7 39 0.0625
7 40 0.5
9 24 0.0625
10 34 0.0625
10 41 0.0625
13 43 0.0625
16 27 0.5
16 57 0.0625
19 51 0.015625
20 28 0.0625
22 9 0.5
24 9 0.015625
27 16 0.5
28 20 0.015625
29 23 0.0625
29 31 0.015625
30 49 0.015625
31 23 0.015625
31 29 0.0625
34 10 0.0625
35 47 0.0625
38 13 0.5
39 7 0.0625
40 39 0.015625
40 7 0.015625
41 10 0.015625
41 71 0.0625
43 13 0.0625
47 35 0.5
48 6 0.015625
49 30 0.5
50 8 0.0625
51 19 0.0625
57 16 0.0625
57 27 0.0625
59 139 0.0625
62 13 0.5
62 63 0.0625
62 68 0.0625
63 62 0.0625
63 64 0.5
63 65 0.015625
63 66 0.015625
63 68 0.015625
64 63 0.5
64 66 0.5
65 63 0.5
65 68 0.5
66 63 0.5
66 64 0.0625
68 65 0.0625
68 62 0.5
68 63 0.5
71 41 0.0625
71 65 0.5
71 28 0.0625
72 93 0.015625
72 107 0.5
73 77 0.0625
73 88 0.015625
73 90 0.0625
73 98 0.015625
74 75 0.015625
74 78 0.5
74 80 0.0625
74 81 0.5
74 82 0.5
74 83 0.5
74 85 0.0625
74 94 0.5
74 102 0.015625
74 103 0.015625
74 144 0.0625
75 74 0.0625
75 77 0.0625
76 77 0.0625
76 79 0.5
77 76 0.015625
77 75 0.5
77 73 0.5
78 74 0.0625
78 80 0.5
78 81 0.5
79 76 0.5
80 74 0.5
80 78 0.015625
80 83 0.0625
80 84 0.015625
80 92 0.5
80 123 0.5
81 74 0.0625
81 78 0.0625
81 85 0.015625
82 74 0.5
83 74 0.015625
83 80 0.0625
84 80 0.015625
84 124 0.015625
85 81 0.0625
85 78 0.0625
85 74 0.015625
85 94 0.015625
85 102 0.0625
85 109 0.0625
86 87 0.015625
86 89 0.015625
87 86 0.015625
87 126 0.0625
88 73 0.015625
89 86 0.0625
89 87 0.0625
89 93 0.5
89 129 0.0625
90 73 0.015625
90 82 0.5
90 91 0.015625
90 111 0.0625
91 90 0.015625
92 80 0.5
93 89 0.5
93 72 0.5
94 85 0.015625
94 74 0.0625
94 105 0.015625
97 138 0.0625
98 73 0.0625
102 85 0.5
102 81 0.0625
102 74 0.0625
103 74 0.5
103 81 0.015625
103 94 0.015625
105 94 0.0625
105 74 0.5
106 96 0.0625
107 72 0.0625
108 119 0.015625
109 85 0.5
109 78 0.0625
109 74 0.5
111 91 0.0625
111 90 0.0625
116 125 0.015625
119 108 0.015625
120 101 0.0625
120 74 0.0625
121 104 0.0625
123 80 0.0625
124 84 0.5
125 116 0.015625
126 87 0.5
129 89 0.5
131 132 0.0625
132 131 0.5
138 97 0.5
139 59 0.0625
139 134 0.0625
140 141 0.5
141 140 0.0625
143 89 0.5
144 74 0.5
144 45 0.5
144 145 0.0625
144 147 0.015625
145 144 0.0625
147 144 0.0625
