350
0 1 0.5
0 2 0.0625
1 0 0.0625
1 3 0.0625
2 0 0.5
2 4 0.015625
3 1 0.0625
4 2 0.015625
4 1 0.015625
4 6 0.5
6 4 0.015625
8 7 0.015625
8 4 0.5
8 9 0.5
8 10 0.0625
8 12 0.0625
8 32 0.5
8 123 0.0625
8 144 0.0625
9 8 0.0625
9 16 0.0625
9 29 0.015625
9 42 0.015625
9 49 0.015625
9 54 0.015625
9 59 0.5
9 76 0.0625
9 93 0.5
9 116 0.5
10 8 0.5
10 11 0.5
10 13 0.0625
10 19 0.0625
10 22 0.5
10 23 0.0625
10 28 0.5
11 10 0.015625
11 19 0.0625
11 23 0.0625
11 28 0.5
11 106 0.0625
11 109 0.015625
12 8 0.015625
12 113 0.015625
13 10 0.015625
13 11 0.015625
13 51 0.015625
14 9 0.0625
14 16 0.015625
14 21 0.0625
14 25 0.0625
14 42 0.015625
14 82 0.015625
14 101 0.0625
15 61 0.0625
15 114 0.015625
16 9 0.5
16 14 0.015625
16 30 0.5
16 31 0.015625
16 124 0.015625
16 126 0.0625
17 13 0.0625
17 75 0.015625
17 119 0.5
17 135 0.0625
19 11 0.5
19 10 0.0625
19 27 0.015625
19 117 0.015625
20 30 0.0625
21 14 0.015625
21 24 0.0625
22 10 0.5
22 30 0.0625
22 87 0.5
22 112 0.015625
23 10 0.0625
23 11 0.015625
24 21 0.5
24 25 0.015625
24 41 0.0625
24 62 0.015625
24 82 0.015625
25 14 0.015625
25 16 0.015625
25 24 0.5
25 21 0.5
25 28 0.5
25 53 0.0625
25 56 0.5
25 66 0.0625
25 106 0.5
26 38 0.5
26 57 0.5
26 86 0.015625
26 95 0.015625
27 19 0.015625
27 13 0.0625
27 36 0.015625
27 92 0.5
27 119 0.5
27 122 0.0625
28 25 0.0625
28 10 0.015625
28 11 0.015625
28 26 0.5
28 60 0.0625
28 66 0.0625
28 136 0.5
28 161 0.5
29 9 0.015625
29 39 0.015625
29 65 0.015625
29 103 0.5
29 143 0.0625
30 22 0.5
30 11 0.5
30 20 0.0625
30 16 0.0625
30 85 0.0625
30 147 0.0625
30 157 0.0625
31 16 0.015625
31 126 0.015625
32 8 0.5
32 64 0.0625
32 97 0.015625
33 15 0.015625
33 40 0.5
33 47 0.015625
33 67 0.0625
33 74 0.5
33 111 0.0625
33 128 0.015625
33 146 0.5
34 43 0.015625
34 79 0.5
35 61 0.5
35 108 0.5
35 151 0.5
36 27 0.0625
36 55 0.015625
36 119 0.5
37 16 0.0625
37 9 0.5
37 31 0.5
37 66 0.015625
37 78 0.0625
37 105 0.0625
38 26 0.015625
38 69 0.0625
39 29 0.0625
39 61 0.0625
39 65 0.015625
39 103 0.5
39 143 0.015625
40 33 0.5
40 44 0.5
40 47 0.0625
40 52 0.015625
40 63 0.0625
40 74 0.0625
40 80 0.5
41 24 0.0625
41 21 0.5
42 14 0.015625
42 9 0.015625
42 68 0.015625
42 159 0.0625
43 33 0.0625
43 34 0.5
43 156 0.5
44 40 0.0625
45 89 0.0625
45 139 0.015625
46 48 0.015625
46 58 0.015625
46 68 0.015625
46 141 0.5
47 40 0.0625
47 33 0.0625
47 153 0.0625
48 46 0.015625
48 50 0.015625
48 158 0.0625
48 164 0.5
49 9 0.0625
49 54 0.5
50 48 0.015625
51 13 0.5
52 40 0.015625
53 25 0.0625
54 49 0.0625
54 9 0.0625
55 36 0.015625
55 27 0.015625
55 92 0.015625
55 122 0.5
56 25 0.015625
56 53 0.5
56 98 0.015625
57 26 0.015625
58 46 0.015625
59 9 0.5
60 28 0.5
60 136 0.5
61 39 0.015625
61 15 0.0625
61 35 0.015625
61 12 0.015625
61 142 0.5
62 24 0.0625
62 21 0.5
63 40 0.5
63 34 0.0625
64 32 0.015625
65 39 0.0625
65 29 0.015625
66 37 0.015625
66 28 0.015625
66 25 0.5
66 73 0.0625
66 82 0.015625
66 97 0.015625
66 132 0.5
67 33 0.5
67 94 0.5
67 102 0.0625
67 107 0.0625
68 46 0.015625
68 42 0.015625
69 38 0.5
69 20 0.5
69 145 0.015625
70 66 0.015625
70 130 0.015625
70 162 0.5
71 8 0.5
71 18 0.5
71 12 0.0625
72 100 0.0625
73 66 0.5
73 84 0.5
74 40 0.0625
74 44 0.0625
74 33 0.0625
74 83 0.0625
75 17 0.5
75 81 0.015625
75 106 0.0625
75 132 0.0625
75 135 0.5
76 42 0.5
76 9 0.5
76 61 0.0625
76 35 0.0625
76 77 0.5
77 76 0.5
78 37 0.0625
78 104 0.015625
79 34 0.5
80 40 0.5
80 52 0.5
81 17 0.5
81 75 0.0625
81 119 0.015625
81 135 0.0625
82 14 0.0625
82 25 0.0625
82 24 0.015625
82 66 0.015625
82 104 0.5
83 74 0.5
84 73 0.015625
84 8 0.015625
85 30 0.5
86 26 0.5
86 120 0.0625
87 22 0.5
88 152 0.015625
88 154 0.015625
89 45 0.5
90 102 0.0625
91 50 0.015625
91 63 0.0625
91 121 0.015625
91 189 0.0625
92 55 0.015625
92 27 0.5
93 9 0.015625
94 67 0.5
94 107 0.0625
95 26 0.0625
97 66 0.5
97 32 0.5
98 56 0.5
100 72 0.5
100 137 0.015625
101 14 0.015625
102 67 0.0625
102 90 0.015625
103 29 0.015625
103 39 0.5
103 65 0.015625
104 78 0.0625
104 82 0.0625
104 37 0.5
104 322 0.015625
105 78 0.0625
105 37 0.5
105 166 0.0625
106 25 0.015625
106 11 0.5
106 75 0.5
106 132 0.5
107 67 0.5
107 94 0.015625
108 35 0.015625
109 11 0.5
109 10 0.015625
110 163 0.015625
111 33 0.5
112 22 0.015625
112 87 0.5
113 12 0.5
114 15 0.5
116 9 0.0625
117 19 0.015625
118 46 0.0625
118 160 0.5
119 17 0.0625
119 75 0.5
119 27 0.5
119 36 0.0625
119 81 0.5
119 127 0.0625
119 134 0.015625
120 86 0.015625
120 133 0.5
121 91 0.015625
122 55 0.0625
122 27 0.015625
122 36 0.015625
123 8 0.5
124 16 0.5
125 99 0.015625
126 31 0.5
126 124 0.0625
126 16 0.0625
127 119 0.5
128 33 0.5
129 136 0.0625
130 70 0.5
131 138 0.5
132 106 0.0625
132 66 0.5
132 75 0.5
132 10 0.015625
133 120 0.5
134 119 0.0625
135 81 0.0625
135 75 0.5
135 17 0.015625
136 129 0.5
136 28 0.5
136 60 0.0625
137 100 0.5
138 131 0.5
139 45 0.015625
140 44 0.0625
141 65 0.015625
141 39 0.015625
141 29 0.015625
141 46 0.5
142 61 0.0625
143 29 0.015625
143 39 0.0625
143 65 0.015625
144 8 0.5
145 69 0.015625
146 33 0.015625
146 128 0.0625
147 85 0.015625
147 30 0.0625
149 99 0.015625
151 35 0.5
151 108 0.015625
152 88 0.0625
153 47 0.5
154 88 0.5
154 152 0.5
155 138 0.5
156 43 0.0625
157 30 0.5
158 48 0.5
158 194 0.5
159 42 0.0625
160 118 0.0625
161 28 0.5
162 70 0.0625
163 110 0.0625
164 48 0.015625
164 158 0.0625
165 120 0.0625
165 133 0.015625
166 105 0.015625
166 9 0.0625
166 32 0.0625
166 168 0.015625
166 173 0.5
167 166 0.0625
167 169 0.015625
167 172 0.015625
168 166 0.015625
168 169 0.0625
168 173 0.015625
169 168 0.015625
169 167 0.015625
169 172 0.5
170 171 0.0625
171 170 0.5
171 322 0.5
172 167 0.015625
172 169 0.0625
172 175 0.0625
173 168 0.015625
173 166 0.0625
174 170 0.0625
175 172 0.015625
177 179 0.0625
178 188 0.5
178 194 0.015625
179 177 0.0625
180 181 0.015625
180 183 0.0625
181 180 0.015625
183 180 0.5
184 185 0.5
184 186 0.0625
185 184 0.0625
185 186 0.015625
186 185 0.0625
186 184 0.0625
188 178 0.0625
189 67 0.0625
189 114 0.5
189 91 0.5
189 190 0.0625
189 192 0.015625
190 189 0.5
190 191 0.015625
191 190 0.015625
191 193 0.015625
192 189 0.0625
193 191 0.0625
194 141 0.015625
194 158 0.5
194 178 0.015625
194 18 0.0625
195 196 0.0625
195 223 0.0625
195 248 0.015625
195 259 0.015625
195 345 0.015625
196 195 0.5
196 198 0.015625
196 200 0.5
196 202 0.5
196 203 0.0625
196 208 0.5
196 209 0.0625
196 244 0.5
197 201 0.5
197 206 0.015625
197 216 0.015625
197 230 0.5
197 233 0.0625
197 235 0.5
197 288 0.0625
198 196 0.015625
198 203 0.015625
198 204 0.015625
198 210 0.5
198 226 0.5
198 229 0.015625
199 261 0.5
199 271 0.5
200 196 0.5
200 201 0.5
200 205 0.0625
200 208 0.0625
200 209 0.015625
200 211 0.0625
200 212 0.5
200 224 0.0625
200 251 0.5
200 263 0.5
200 264 0.5
200 285 0.015625
200 337 0.5
201 200 0.5
201 197 0.015625
201 204 0.5
201 206 0.0625
201 250 0.0625
202 196 0.0625
202 204 0.5
203 196 0.0625
203 198 0.015625
203 218 0.015625
203 219 0.0625
203 318 0.5
204 202 0.0625
204 201 0.015625
204 198 0.0625
204 267 0.0625
205 200 0.015625
205 211 0.5
205 215 0.5
205 233 0.015625
205 234 0.015625
205 284 0.015625
205 287 0.0625
206 201 0.0625
206 197 0.5
206 213 0.0625
206 228 0.0625
207 195 0.015625
207 220 0.5
207 231 0.0625
207 237 0.0625
207 265 0.0625
207 294 0.5
208 200 0.015625
208 196 0.5
208 212 0.0625
209 196 0.0625
209 200 0.015625
209 238 0.015625
209 301 0.015625
210 198 0.015625
210 229 0.015625
211 200 0.0625
211 205 0.015625
211 221 0.0625
211 227 0.5
211 276 0.0625
211 287 0.5
211 314 0.0625
212 208 0.0625
212 200 0.0625
212 307 0.0625
213 206 0.015625
214 237 0.0625
214 249 0.015625
215 205 0.0625
215 227 0.5
215 232 0.015625
215 296 0.015625
216 197 0.0625
216 303 0.5
217 200 0.0625
217 219 0.015625
217 221 0.015625
217 239 0.5
217 242 0.015625
217 308 0.015625
217 335 0.5
218 203 0.0625
218 219 0.015625
218 267 0.0625
218 286 0.5
219 218 0.5
219 203 0.0625
219 217 0.015625
219 298 0.5
220 207 0.0625
220 208 0.015625
220 195 0.5
221 217 0.5
221 211 0.5
221 225 0.0625
221 239 0.5
221 320 0.0625
221 337 0.0625
222 228 0.0625
223 195 0.0625
223 259 0.0625
224 200 0.015625
224 263 0.015625
224 266 0.015625
224 270 0.5
225 221 0.0625
225 236 0.015625
225 257 0.5
225 268 0.015625
226 198 0.015625
226 210 0.5
227 215 0.5
227 211 0.0625
227 200 0.015625
227 273 0.0625
228 211 0.0625
228 222 0.015625
228 206 0.5
229 198 0.0625
229 208 0.5
229 210 0.015625
229 275 0.5
229 305 0.5
229 311 0.015625
230 197 0.015625
230 282 0.015625
231 207 0.015625
231 237 0.5
231 265 0.5
231 277 0.5
232 215 0.5
232 234 0.5
232 247 0.5
233 205 0.5
233 197 0.5
234 205 0.5
234 232 0.0625
235 197 0.0625
235 230 0.0625
236 225 0.5
236 257 0.015625
237 231 0.0625
237 207 0.5
237 214 0.0625
237 245 0.0625
237 254 0.5
238 209 0.0625
239 219 0.015625
239 221 0.0625
239 217 0.015625
239 280 0.5
239 306 0.015625
240 212 0.015625
240 229 0.0625
241 292 0.015625
241 299 0.0625
242 217 0.0625
244 196 0.0625
245 195 0.5
245 237 0.015625
245 246 0.5
245 255 0.015625
245 312 0.0625
246 245 0.015625
246 252 0.0625
246 255 0.0625
246 310 0.015625
247 232 0.0625
248 240 0.015625
248 195 0.0625
248 279 0.5
248 302 0.5
249 214 0.5
249 283 0.0625
249 317 0.015625
250 201 0.015625
251 224 0.0625
251 200 0.0625
251 266 0.5
252 246 0.5
252 245 0.0625
254 237 0.5
254 310 0.5
255 245 0.0625
255 246 0.015625
255 312 0.5
257 236 0.0625
257 225 0.015625
257 268 0.5
257 289 0.0625
258 295 0.0625
259 223 0.0625
259 195 0.0625
260 249 0.5
260 315 0.5
261 199 0.0625
263 200 0.0625
263 224 0.0625
264 242 0.015625
264 200 0.5
264 251 0.015625
265 207 0.015625
265 231 0.0625
266 224 0.0625
266 251 0.5
266 200 0.0625
267 204 0.0625
267 202 0.5
267 218 0.0625
267 278 0.015625
268 257 0.5
268 225 0.0625
268 289 0.5
270 224 0.015625
270 200 0.5
271 199 0.5
271 293 0.015625
272 234 0.015625
272 243 0.0625
272 304 0.015625
273 227 0.5
274 300 0.015625
275 229 0.015625
276 211 0.0625
277 231 0.5
278 267 0.015625
279 248 0.015625
279 302 0.5
280 239 0.5
281 227 0.5
281 273 0.5
282 230 0.015625
282 288 0.5
283 249 0.015625
284 205 0.0625
284 233 0.5
285 200 0.5
285 224 0.0625
286 218 0.015625
287 211 0.015625
287 205 0.015625
288 197 0.5
288 282 0.0625
288 321 0.0625
289 236 0.015625
289 257 0.5
289 268 0.015625
290 195 0.5
292 241 0.0625
292 261 0.0625
292 200 0.5
293 241 0.5
293 271 0.015625
294 265 0.0625
294 207 0.5
294 316 0.0625
295 258 0.5
295 318 0.0625
296 215 0.0625
298 219 0.015625
299 241 0.5
300 274 0.5
301 209 0.0625
302 279 0.5
302 248 0.015625
303 216 0.0625
304 272 0.5
305 229 0.0625
305 275 0.5
306 239 0.5
306 219 0.015625
306 303 0.0625
306 280 0.5
307 212 0.5
308 217 0.5
309 262 0.0625
309 313 0.0625
310 254 0.0625
310 246 0.015625
310 237 0.5
311 229 0.015625
311 305 0.015625
312 245 0.0625
312 255 0.5
312 246 0.5
313 309 0.0625
314 211 0.5
315 260 0.015625
316 207 0.5
316 294 0.0625
317 249 0.015625
318 203 0.0625
318 295 0.5
320 221 0.015625
321 288 0.015625
322 171 0.5
322 308 0.015625
322 104 0.015625
322 180 0.015625
322 323 0.5
323 322 0.0625
324 329 0.015625
324 330 0.5
324 331 0.0625
326 329 0.5
327 328 0.015625
327 334 0.0625
328 327 0.5
328 329 0.015625
329 328 0.0625
329 324 0.5
329 326 0.5
330 324 0.5
330 332 0.5
331 324 0.0625
332 330 0.015625
332 333 0.5
333 332 0.015625
334 327 0.5
335 239 0.015625
335 217 0.5
335 336 0.5
336 335 0.015625
337 200 0.0625
337 148 0.0625
337 221 0.0625
337 339 0.5
337 342 0.5
339 337 0.015625
339 340 0.015625
339 341 0.0625
340 339 0.5
340 343 0.0625
341 339 0.0625
342 337 0.015625
342 344 0.5
343 340 0.5
344 342 0.0625
345 195 0.5
345 27 0.5
345 316 0.0625
345 169 0.015625
345 346 0.015625
346 345 0.0625
346 347 0.5
346 349 0.015625
347 346 0.0625
349 346 0.0625
