200
0 1 0.5
1 0 0.0625
6 20 0.015625
6 37 0.5
6 48 0.5
6 49 0.0625
6 56 0.5
6 73 0.015625
7 5 0.0625
7 9 0.0625
8 14 0.5
9 7 0.015625
10 18 0.5
11 23 0.5
11 67 0.0625
12 62 0.015625
12 69 0.5
12 82 0.5
13 45 0.0625
13 72 0.0625
14 8 0.015625
15 53 0.5
17 8 0.0625
17 14 0.5
17 34 0.015625
17 54 0.015625
18 10 0.015625
20 6 0.015625
22 78 0.0625
23 11 0.5
23 5 0.015625
23 61 0.5
24 32 0.015625
24 84 0.5
27 51 0.015625
28 42 0.015625
29 23 0.5
31 26 0.5
32 25 0.5
32 24 0.5
34 17 0.5
34 40 0.015625
34 53 0.015625
35 34 0.0625
35 71 0.015625
36 9 0.015625
37 6 0.0625
38 74 0.0625
39 10 0.0625
39 52 0.0625
40 34 0.5
40 46 0.5
41 45 0.015625
41 58 0.5
41 72 0.0625
42 28 0.015625
42 79 0.0625
44 25 0.5
45 13 0.5
45 41 0.5
45 72 0.015625
46 40 0.5
48 6 0.0625
48 64 0.015625
49 6 0.015625
49 33 0.5
51 27 0.0625
52 31 0.5
52 39 0.015625
53 34 0.015625
53 15 0.0625
54 17 0.015625
56 6 0.0625
56 73 0.015625
58 41 0.015625
61 23 0.5
62 12 0.015625
64 48 0.5
67 11 0.5
69 12 0.0625
71 35 0.5
72 45 0.015625
72 41 0.015625
72 13 0.5
73 6 0.0625
73 56 0.0625
74 38 0.015625
78 22 0.0625
79 42 0.5
82 12 0.5
84 24 0.015625
85 87 0.5
86 88 0.5
86 89 0.015625
86 90 0.5
87 85 0.015625
88 86 0.5
88 89 0.0625
89 86 0.0625
89 88 0.5
90 86 0.0625
90 88 0.015625
91 92 0.0625
91 95 0.0625
92 91 0.015625
95 91 0.5
97 98 0.5
98 97 0.0625
100 103 0.0625
100 108 0.5
100 138 0.015625
101 105 0.0625
101 107 0.5
101 117 0.0625
101 136 0.015625
102 147 0.5
102 148 0.015625
103 100 0.5
103 131 0.5
103 134 0.015625
103 159 0.0625
104 119 0.0625
105 101 0.0625
105 113 0.5
105 179 0.015625
106 127 0.0625
107 101 0.0625
107 136 0.5
108 100 0.0625
111 102 0.5
112 113 0.5
112 123 0.015625
112 146 0.015625
112 193 0.015625
113 105 0.0625
113 112 0.5
115 145 0.0625
116 140 0.015625
117 101 0.015625
117 107 0.5
118 149 0.5
118 155 0.015625
119 104 0.015625
119 127 0.015625
119 144 0.0625
122 120 0.0625
123 113 0.015625
123 112 0.0625
123 153 0.015625
123 156 0.5
127 106 0.5
127 119 0.0625
128 100 0.015625
128 129 0.015625
129 128 0.0625
129 131 0.5
129 173 0.5
130 178 0.0625
131 129 0.0625
131 103 0.5
131 128 0.5
132 139 0.0625
133 135 0.0625
134 103 0.5
134 141 0.5
135 133 0.5
136 101 0.0625
136 107 0.015625
137 158 0.0625
138 103 0.5
138 100 0.5
139 132 0.015625
139 142 0.015625
140 116 0.0625
141 134 0.0625
142 132 0.0625
142 139 0.0625
142 157 0.0625
144 119 0.0625
144 104 0.015625
145 115 0.015625
146 123 0.0625
146 112 0.015625
147 102 0.5
148 102 0.015625
148 162 0.5
149 118 0.0625
149 155 0.015625
153 123 0.0625
155 118 0.0625
155 149 0.015625
156 123 0.015625
156 153 0.0625
157 142 0.0625
157 181 0.015625
158 137 0.5
159 100 0.015625
159 103 0.015625
162 148 0.015625
163 177 0.0625
164 177 0.015625
170 151 0.5
173 129 0.5
174 170 0.5
177 110 0.015625
177 164 0.5
177 163 0.5
178 130 0.015625
179 105 0.0625
181 157 0.015625
182 185 0.5
182 187 0.015625
182 189 0.0625
182 190 0.0625
184 187 0.0625
184 189 0.015625
184 191 0.0625
185 182 0.5
185 186 0.0625
185 188 0.5
186 185 0.0625
186 188 0.015625
187 184 0.015625
187 182 0.5
188 186 0.5
188 185 0.0625
188 189 0.015625
189 188 0.015625
189 182 0.5
189 184 0.0625
190 182 0.015625
191 184 0.0625
193 123 0.0625
193 112 0.0625
193 133 0.0625
193 194 0.0625
194 193 0.5
197 198 0.0625
198 197 0.0625
