100
0 30 0.015625
4 18 0.25
7 41 0.0625
8 9 0.25
8 15 0.0625
8 42 0.25
9 8 0.25
9 13 0.0625
12 26 0.015625
13 9 0.25
15 8 0.015625
18 4 0.015625
22 27 0.25
26 12 0.015625
27 22 0.015625
30 0 0.0625
31 48 0.25
41 7 0.25
42 6 0.25
42 8 0.015625
44 26 0.25
48 31 0.25
49 24 0.015625
54 55 0.25
54 56 0.25
55 54 0.25
56 54 0.015625
59 70 0.0625
62 63 0.0625
63 62 0.25
68 60 0.25
70 59 0.25
70 81 0.0625
73 88 0.25
73 92 0.0625
76 61 0.0625
81 70 0.0625
85 90 0.25
88 73 0.25
90 67 0.25
90 85 0.25
92 73 0.015625
93 94 0.015625
94 93 0.0625
97 98 0.25
98 97 0.0625
