450
0 1 0.015625
1 0 0.015625
1 3 0.0625
3 1 0.0625
4 6 0.015625
4 7 0.0625
4 9 0.5
6 4 0.0625
6 7 0.5
7 4 0.5
7 6 0.5
7 8 0.5
8 7 0.015625
9 4 0.0625
10 13 0.015625
10 19 0.5
10 25 0.5
10 30 0.5
10 45 0.015625
10 52 0.015625
10 61 0.5
10 86 0.0625
10 88 0.5
10 135 0.0625
11 12 0.015625
11 17 0.5
11 28 0.5
11 123 0.0625
12 11 0.015625
12 37 0.015625
12 90 0.0625
13 10 0.015625
13 16 0.5
13 21 0.015625
13 25 0.0625
13 49 0.015625
13 59 0.0625
13 65 0.015625
13 107 0.5
13 116 0.0625
13 121 0.0625
13 146 0.5
13 166 0.5
13 168 0.0625
14 29 0.0625
14 132 0.5
14 139 0.0625
15 11 0.015625
15 53 0.0625
15 128 0.015625
15 167 0.0625
16 10 0.5
16 13 0.015625
16 19 0.5
16 26 0.015625
16 45 0.0625
16 79 0.0625
16 81 0.5
16 87 0.5
16 96 0.015625
16 117 0.5
17 11 0.5
17 21 0.015625
17 22 0.0625
17 23 0.5
17 75 0.015625
18 63 0.015625
18 133 0.0625
18 415 0.015625
19 10 0.015625
19 16 0.015625
19 31 0.0625
19 33 0.5
19 145 0.015625
20 15 0.015625
20 32 0.015625
20 85 0.0625
20 140 0.0625
20 154 0.015625
21 13 0.0625
21 17 0.5
22 17 0.5
22 31 0.0625
23 17 0.5
23 31 0.015625
23 39 0.5
23 101 0.0625
23 127 0.0625
24 26 0.0625
24 44 0.0625
24 64 0.5
24 96 0.5
25 13 0.0625
25 14 0.5
25 10 0.015625
25 34 0.5
25 38 0.015625
25 165 0.5
25 188 0.0625
26 16 0.5
26 19 0.0625
26 24 0.0625
26 28 0.5
26 54 0.0625
26 57 0.015625
26 71 0.0625
26 123 0.0625
27 15 0.0625
27 51 0.5
27 106 0.015625
27 140 0.015625
27 142 0.015625
28 26 0.0625
28 11 0.5
28 62 0.5
28 71 0.015625
28 155 0.0625
28 181 0.015625
28 202 0.5
29 14 0.0625
29 35 0.015625
29 38 0.5
29 48 0.5
29 63 0.0625
29 103 0.5
29 104 0.0625
30 10 0.0625
30 13 0.0625
30 42 0.015625
30 70 0.015625
30 130 0.0625
30 141 0.5
30 144 0.015625
30 161 0.5
30 183 0.5
31 23 0.015625
31 11 0.5
31 22 0.0625
31 19 0.0625
31 79 0.0625
31 99 0.015625
31 137 0.0625
31 178 0.0625
32 20 0.5
32 95 0.015625
32 154 0.015625
33 19 0.5
34 25 0.0625
34 69 0.015625
34 113 0.5
34 131 0.015625
35 18 0.015625
35 29 0.015625
35 43 0.015625
35 50 0.0625
35 84 0.015625
35 126 0.5
35 164 0.5
36 46 0.0625
36 77 0.015625
36 82 0.015625
36 92 0.5
36 186 0.015625
37 12 0.015625
37 134 0.5
38 25 0.5
38 29 0.0625
38 63 0.5
38 124 0.0625
38 171 0.5
39 23 0.5
40 19 0.0625
40 10 0.0625
40 33 0.015625
40 71 0.5
40 91 0.5
40 114 0.015625
40 122 0.015625
41 74 0.5
41 75 0.015625
42 30 0.015625
42 63 0.5
42 70 0.015625
42 161 0.015625
42 183 0.015625
43 35 0.0625
43 47 0.015625
43 50 0.015625
43 67 0.015625
43 68 0.0625
43 84 0.0625
43 93 0.0625
44 24 0.0625
45 16 0.5
45 13 0.015625
45 10 0.5
45 73 0.015625
46 35 0.0625
46 36 0.015625
47 43 0.015625
47 109 0.5
48 29 0.015625
48 103 0.0625
49 13 0.015625
49 60 0.015625
49 73 0.015625
49 108 0.5
49 159 0.0625
50 43 0.0625
50 35 0.5
50 173 0.015625
51 27 0.0625
51 72 0.5
51 125 0.0625
51 129 0.5
51 184 0.015625
52 10 0.0625
53 15 0.015625
53 167 0.0625
54 26 0.0625
55 162 0.5
56 27 0.0625
56 106 0.0625
56 142 0.5
57 26 0.015625
57 54 0.0625
57 32 0.015625
57 115 0.0625
59 13 0.5
60 49 0.015625
60 108 0.5
61 10 0.015625
61 88 0.5
62 51 0.5
62 28 0.5
62 155 0.015625
63 42 0.0625
63 18 0.015625
63 38 0.0625
63 14 0.015625
63 29 0.0625
63 109 0.015625
63 160 0.015625
64 24 0.5
65 13 0.0625
65 116 0.5
65 121 0.5
65 168 0.015625
66 58 0.015625
66 100 0.015625
66 175 0.0625
67 43 0.0625
67 112 0.015625
67 138 0.015625
68 43 0.0625
68 36 0.5
69 34 0.015625
69 109 0.5
70 42 0.015625
70 30 0.5
70 141 0.5
70 183 0.0625
71 40 0.0625
71 28 0.0625
71 26 0.015625
71 83 0.5
71 96 0.0625
71 113 0.5
71 151 0.0625
72 51 0.5
72 83 0.0625
73 49 0.0625
73 45 0.5
74 41 0.5
74 38 0.5
75 17 0.015625
75 41 0.015625
75 22 0.5
75 163 0.015625
76 71 0.5
76 72 0.0625
76 149 0.5
76 182 0.0625
77 36 0.0625
79 16 0.015625
79 13 0.0625
79 31 0.5
79 150 0.015625
79 157 0.015625
79 177 0.5
81 24 0.5
81 16 0.015625
81 100 0.5
81 111 0.5
82 36 0.5
82 92 0.015625
83 71 0.0625
83 72 0.0625
83 98 0.5
84 43 0.0625
84 47 0.5
84 35 0.015625
84 97 0.015625
85 20 0.5
85 95 0.015625
85 123 0.0625
85 151 0.0625
85 154 0.5
86 45 0.015625
86 10 0.0625
86 63 0.0625
86 38 0.015625
86 89 0.0625
87 16 0.0625
88 10 0.0625
88 61 0.0625
88 94 0.015625
88 102 0.5
88 120 0.0625
88 172 0.015625
88 176 0.015625
89 86 0.0625
89 81 0.5
90 12 0.5
91 40 0.5
91 119 0.5
92 36 0.0625
92 82 0.0625
92 186 0.015625
93 43 0.0625
94 88 0.015625
94 432 0.015625
95 20 0.015625
95 32 0.015625
95 85 0.5
95 140 0.0625
95 154 0.015625
96 16 0.015625
96 26 0.015625
96 24 0.0625
96 71 0.0625
96 119 0.5
97 84 0.0625
97 139 0.5
98 83 0.5
99 31 0.015625
99 137 0.015625
100 81 0.015625
100 66 0.0625
101 23 0.0625
101 39 0.015625
102 88 0.5
102 94 0.015625
102 120 0.0625
102 172 0.5
102 176 0.0625
103 48 0.0625
103 29 0.0625
104 29 0.5
104 118 0.5
105 68 0.5
106 56 0.5
106 27 0.0625
107 13 0.5
107 65 0.5
107 146 0.0625
108 49 0.015625
108 60 0.0625
109 18 0.5
109 63 0.0625
109 50 0.5
109 47 0.0625
109 69 0.015625
111 66 0.015625
111 81 0.0625
111 74 0.0625
112 67 0.5
113 71 0.0625
113 34 0.015625
114 40 0.5
114 91 0.0625
114 122 0.0625
115 57 0.015625
116 13 0.5
116 65 0.5
117 87 0.015625
117 16 0.5
118 104 0.0625
119 81 0.015625
119 91 0.0625
119 96 0.5
119 40 0.5
119 412 0.015625
120 88 0.0625
120 94 0.5
120 102 0.5
120 172 0.5
120 176 0.5
121 13 0.5
121 65 0.0625
122 91 0.015625
122 114 0.015625
122 40 0.015625
122 188 0.015625
123 26 0.5
123 11 0.0625
123 85 0.0625
123 151 0.5
124 38 0.015625
125 51 0.0625
125 129 0.015625
125 184 0.0625
126 35 0.5
127 23 0.015625
127 101 0.0625
128 15 0.0625
128 53 0.5
128 167 0.5
129 51 0.015625
129 125 0.0625
130 30 0.015625
130 42 0.5
130 70 0.0625
131 34 0.5
132 14 0.5
133 18 0.0625
134 37 0.5
135 10 0.5
137 31 0.5
137 99 0.0625
138 49 0.5
138 67 0.015625
138 108 0.015625
138 180 0.5
139 97 0.0625
139 14 0.0625
140 20 0.5
140 85 0.5
140 27 0.5
140 95 0.5
140 148 0.015625
140 153 0.015625
141 42 0.0625
141 30 0.015625
141 70 0.015625
142 56 0.0625
142 27 0.5
144 141 0.5
144 30 0.5
145 19 0.5
146 116 0.015625
146 13 0.015625
146 107 0.0625
147 143 0.0625
148 140 0.015625
149 76 0.5
150 79 0.0625
150 157 0.015625
151 123 0.5
151 71 0.0625
151 85 0.5
153 140 0.015625
154 95 0.5
154 85 0.015625
154 20 0.5
154 32 0.0625
155 28 0.015625
155 62 0.5
157 150 0.015625
157 79 0.015625
158 47 0.5
159 70 0.015625
159 42 0.5
159 88 0.015625
159 30 0.0625
159 49 0.015625
160 63 0.5
161 30 0.5
161 42 0.5
161 70 0.015625
162 55 0.0625
163 75 0.5
164 35 0.015625
165 25 0.5
166 13 0.015625
166 107 0.0625
166 116 0.5
167 53 0.015625
167 15 0.0625
167 128 0.015625
168 13 0.5
168 65 0.0625
169 86 0.0625
170 11 0.5
171 38 0.0625
171 124 0.015625
172 88 0.0625
172 102 0.015625
172 120 0.015625
173 50 0.015625
174 21 0.5
175 58 0.015625
175 66 0.015625
176 102 0.5
176 172 0.015625
176 88 0.015625
176 94 0.015625
176 120 0.015625
177 157 0.5
177 79 0.0625
178 31 0.0625
179 223 0.015625
180 138 0.5
181 28 0.0625
182 76 0.5
183 70 0.5
183 30 0.0625
183 161 0.015625
183 42 0.5
184 51 0.5
184 125 0.015625
185 179 0.5
186 92 0.5
186 36 0.015625
187 152 0.5
188 25 0.015625
188 122 0.5
188 10 0.5
188 34 0.5
188 190 0.5
188 191 0.0625
188 199 0.5
189 188 0.0625
189 191 0.015625
189 192 0.015625
189 195 0.0625
189 198 0.0625
190 188 0.5
190 192 0.5
190 199 0.015625
191 188 0.5
191 189 0.5
191 193 0.015625
191 194 0.015625
191 200 0.015625
192 190 0.5
192 189 0.015625
192 195 0.0625
192 198 0.0625
193 191 0.5
193 194 0.0625
194 191 0.5
194 193 0.0625
194 196 0.5
194 412 0.0625
195 189 0.0625
195 192 0.0625
195 201 0.0625
196 194 0.015625
196 197 0.015625
197 196 0.5
198 189 0.015625
198 188 0.0625
198 192 0.015625
199 190 0.015625
199 188 0.015625
200 191 0.5
200 193 0.015625
201 195 0.0625
202 42 0.5
202 162 0.0625
202 28 0.015625
202 203 0.5
202 204 0.015625
202 205 0.0625
202 210 0.0625
202 218 0.5
203 202 0.015625
203 206 0.015625
203 207 0.0625
203 208 0.0625
203 217 0.0625
203 218 0.5
204 202 0.5
205 202 0.015625
205 209 0.0625
205 212 0.015625
205 214 0.0625
205 217 0.5
206 203 0.015625
206 208 0.5
207 203 0.5
207 218 0.0625
207 223 0.0625
208 203 0.5
208 206 0.015625
209 205 0.0625
209 210 0.0625
209 211 0.015625
209 212 0.015625
210 202 0.015625
210 209 0.015625
210 213 0.015625
211 209 0.0625
212 209 0.5
212 205 0.0625
213 210 0.0625
214 205 0.5
214 215 0.015625
214 216 0.015625
215 214 0.5
215 216 0.0625
216 215 0.0625
216 214 0.0625
217 203 0.0625
217 205 0.0625
218 207 0.5
218 202 0.0625
218 212 0.0625
218 203 0.0625
219 220 0.0625
220 219 0.015625
220 222 0.015625
222 220 0.015625
223 159 0.015625
223 179 0.0625
223 207 0.015625
223 21 0.0625
223 108 0.0625
223 224 0.0625
224 223 0.015625
225 105 0.5
225 196 0.015625
225 207 0.5
225 109 0.015625
225 226 0.015625
225 227 0.0625
225 272 0.5
225 278 0.015625
225 289 0.0625
225 292 0.0625
225 298 0.5
226 225 0.5
226 228 0.015625
226 250 0.0625
226 265 0.5
226 299 0.015625
226 314 0.5
226 442 0.5
227 225 0.5
227 232 0.5
227 238 0.0625
227 253 0.5
227 275 0.015625
227 279 0.5
227 281 0.5
227 334 0.5
228 226 0.5
228 230 0.015625
228 261 0.015625
228 263 0.015625
228 302 0.015625
228 326 0.0625
229 234 0.5
229 244 0.0625
229 245 0.015625
229 268 0.015625
229 274 0.5
229 310 0.015625
230 228 0.0625
230 316 0.015625
230 328 0.5
230 331 0.015625
231 232 0.5
231 235 0.5
231 237 0.0625
231 239 0.015625
231 241 0.015625
231 243 0.0625
231 246 0.015625
231 248 0.0625
231 256 0.015625
231 266 0.5
231 267 0.5
231 303 0.015625
231 306 0.015625
231 320 0.5
231 352 0.015625
231 375 0.0625
231 400 0.5
231 404 0.015625
231 432 0.5
232 231 0.5
232 227 0.5
232 238 0.0625
232 301 0.5
233 236 0.015625
233 273 0.5
233 361 0.0625
234 229 0.5
234 244 0.015625
234 258 0.5
234 259 0.0625
234 407 0.015625
235 231 0.5
235 237 0.5
235 239 0.015625
235 404 0.5
236 233 0.0625
236 250 0.0625
237 231 0.015625
237 235 0.5
237 246 0.015625
237 252 0.015625
237 279 0.015625
237 280 0.015625
237 284 0.0625
237 351 0.015625
237 356 0.015625
237 368 0.0625
238 232 0.015625
238 227 0.5
238 249 0.015625
238 271 0.5
239 231 0.0625
239 235 0.0625
239 243 0.5
239 256 0.5
239 266 0.015625
239 306 0.5
240 226 0.015625
240 254 0.015625
240 260 0.015625
240 277 0.0625
240 283 0.015625
240 321 0.015625
240 338 0.015625
240 365 0.5
240 374 0.5
241 231 0.5
241 248 0.0625
241 338 0.015625
241 377 0.015625
242 294 0.5
243 231 0.015625
243 239 0.5
243 285 0.015625
243 381 0.015625
243 392 0.5
244 229 0.015625
244 234 0.0625
244 294 0.0625
244 329 0.0625
244 362 0.015625
245 229 0.5
245 274 0.0625
245 310 0.0625
246 231 0.0625
246 237 0.5
246 255 0.5
246 261 0.0625
246 269 0.015625
246 337 0.0625
246 346 0.015625
246 356 0.015625
246 376 0.0625
246 402 0.015625
247 242 0.0625
248 241 0.015625
248 231 0.015625
248 390 0.015625
249 238 0.0625
250 236 0.5
250 226 0.0625
250 251 0.015625
250 315 0.0625
250 329 0.0625
251 236 0.5
251 250 0.015625
251 283 0.0625
251 300 0.0625
252 237 0.015625
252 269 0.0625
252 278 0.5
252 369 0.015625
252 380 0.5
253 227 0.5
253 385 0.0625
253 395 0.5
254 240 0.015625
254 283 0.5
254 339 0.5
255 246 0.0625
255 230 0.0625
256 239 0.5
256 235 0.015625
256 231 0.0625
256 257 0.5
256 267 0.0625
256 303 0.5
256 330 0.015625
256 404 0.0625
257 231 0.5
257 256 0.0625
257 259 0.015625
257 261 0.5
257 270 0.0625
257 286 0.5
257 291 0.015625
257 327 0.015625
257 350 0.5
257 393 0.5
257 430 0.015625
258 228 0.5
258 234 0.5
258 264 0.0625
258 270 0.015625
259 234 0.015625
259 257 0.5
259 372 0.015625
259 411 0.5
260 240 0.5
260 241 0.5
260 226 0.015625
260 338 0.0625
261 257 0.0625
261 246 0.5
261 258 0.5
261 228 0.0625
261 286 0.015625
261 341 0.5
261 348 0.5
261 409 0.015625
261 432 0.5
262 313 0.0625
262 367 0.0625
263 228 0.015625
263 326 0.0625
264 258 0.015625
264 271 0.5
264 318 0.015625
265 226 0.0625
265 314 0.015625
266 239 0.0625
266 235 0.0625
266 231 0.5
266 267 0.5
266 330 0.5
266 375 0.5
267 231 0.5
267 239 0.015625
267 256 0.0625
267 266 0.5
267 306 0.015625
267 375 0.0625
267 400 0.5
268 229 0.0625
268 245 0.015625
269 252 0.015625
269 246 0.015625
269 231 0.015625
269 287 0.015625
269 333 0.5
269 353 0.0625
270 257 0.0625
270 258 0.0625
270 259 0.5
270 302 0.0625
270 335 0.5
270 344 0.015625
270 378 0.5
271 246 0.015625
271 264 0.5
271 238 0.015625
272 225 0.015625
272 305 0.015625
272 311 0.0625
272 317 0.0625
272 322 0.015625
272 394 0.0625
273 233 0.0625
273 294 0.5
273 324 0.0625
274 229 0.015625
274 241 0.5
274 258 0.015625
274 245 0.0625
274 276 0.015625
274 336 0.5
274 379 0.0625
274 388 0.0625
274 397 0.5
275 227 0.0625
275 347 0.0625
276 274 0.5
276 288 0.5
277 254 0.015625
277 240 0.5
277 283 0.015625
277 321 0.5
277 339 0.0625
277 374 0.015625
278 252 0.5
278 225 0.015625
278 280 0.5
278 298 0.5
279 237 0.5
279 227 0.5
280 237 0.015625
280 278 0.5
281 227 0.0625
281 275 0.015625
282 312 0.5
283 277 0.015625
283 254 0.5
283 240 0.0625
283 251 0.5
283 295 0.5
283 308 0.0625
283 323 0.0625
283 344 0.5
284 237 0.015625
285 243 0.5
286 259 0.0625
286 261 0.5
286 257 0.5
286 343 0.5
286 357 0.0625
286 389 0.015625
287 269 0.0625
287 333 0.015625
287 345 0.0625
288 276 0.015625
288 287 0.015625
288 248 0.015625
288 274 0.5
289 225 0.5
290 363 0.5
290 373 0.015625
291 257 0.5
292 225 0.5
293 282 0.0625
294 242 0.015625
294 244 0.5
294 273 0.0625
295 226 0.0625
295 283 0.0625
295 296 0.5
295 309 0.0625
295 399 0.0625
295 410 0.0625
296 295 0.015625
296 297 0.015625
296 304 0.015625
296 309 0.015625
296 396 0.5
296 410 0.5
297 296 0.5
297 228 0.5
297 270 0.5
298 278 0.0625
298 225 0.0625
299 288 0.015625
299 226 0.015625
299 342 0.015625
299 384 0.5
300 251 0.5
300 349 0.5
300 406 0.0625
301 232 0.0625
302 270 0.5
302 228 0.015625
303 256 0.0625
303 266 0.015625
303 231 0.0625
303 375 0.015625
303 404 0.015625
304 296 0.0625
304 295 0.5
305 272 0.0625
305 311 0.015625
305 317 0.015625
306 231 0.0625
306 267 0.0625
306 239 0.5
306 307 0.015625
306 355 0.015625
306 380 0.5
307 306 0.015625
308 283 0.0625
308 396 0.5
309 295 0.015625
309 296 0.5
309 399 0.5
309 410 0.0625
310 229 0.0625
310 245 0.015625
310 356 0.5
311 305 0.0625
311 272 0.0625
312 282 0.5
312 325 0.5
312 358 0.5
313 262 0.015625
313 367 0.015625
314 265 0.015625
314 226 0.0625
315 250 0.0625
315 300 0.5
315 382 0.015625
315 403 0.015625
316 230 0.5
317 272 0.015625
317 305 0.0625
317 322 0.0625
318 264 0.0625
320 291 0.5
320 231 0.5
320 239 0.015625
320 303 0.015625
321 240 0.5
321 277 0.5
322 272 0.5
322 305 0.0625
322 317 0.0625
323 283 0.5
323 308 0.5
324 273 0.0625
324 233 0.015625
324 340 0.015625
325 312 0.5
325 350 0.0625
325 358 0.5
325 366 0.5
326 228 0.5
326 263 0.015625
327 286 0.015625
327 257 0.015625
327 350 0.015625
328 230 0.015625
329 244 0.5
329 294 0.015625
329 250 0.0625
329 362 0.0625
330 256 0.0625
330 235 0.0625
330 266 0.5
330 231 0.015625
331 230 0.5
331 364 0.015625
332 280 0.5
332 292 0.015625
332 383 0.0625
332 387 0.5
333 269 0.5
333 287 0.015625
333 353 0.0625
334 227 0.5
335 270 0.015625
335 378 0.0625
336 276 0.015625
336 274 0.0625
337 246 0.0625
338 260 0.015625
338 240 0.015625
338 241 0.015625
339 277 0.5
339 254 0.015625
339 374 0.015625
340 324 0.015625
341 261 0.0625
342 299 0.0625
342 384 0.0625
343 286 0.015625
344 283 0.0625
344 297 0.0625
344 329 0.5
344 270 0.015625
345 287 0.0625
345 269 0.015625
345 333 0.015625
346 337 0.015625
346 246 0.015625
346 356 0.015625
346 376 0.0625
347 275 0.0625
348 261 0.015625
348 409 0.0625
349 300 0.0625
350 325 0.5
350 257 0.015625
350 282 0.5
350 327 0.015625
350 371 0.0625
351 237 0.0625
351 279 0.015625
352 231 0.5
352 256 0.0625
352 235 0.015625
352 266 0.5
353 287 0.0625
353 269 0.0625
353 333 0.5
355 306 0.015625
356 246 0.0625
356 310 0.5
356 237 0.0625
356 346 0.5
357 286 0.015625
357 343 0.015625
358 282 0.5
358 312 0.5
358 325 0.5
358 366 0.5
359 226 0.0625
361 233 0.5
362 329 0.5
362 244 0.0625
363 290 0.0625
363 361 0.0625
363 316 0.0625
363 231 0.5
364 290 0.0625
364 331 0.0625
365 321 0.5
365 240 0.015625
365 405 0.015625
366 325 0.015625
366 358 0.015625
367 313 0.5
367 262 0.5
367 407 0.015625
368 237 0.5
369 252 0.5
370 354 0.015625
371 350 0.015625
372 259 0.0625
372 395 0.5
373 290 0.015625
374 339 0.0625
374 240 0.0625
374 277 0.0625
374 405 0.5
375 267 0.015625
375 231 0.0625
375 303 0.015625
375 266 0.015625
376 246 0.015625
376 346 0.015625
377 241 0.0625
378 270 0.5
378 335 0.0625
379 274 0.5
380 306 0.5
380 252 0.5
380 408 0.5
381 243 0.015625
382 315 0.015625
382 403 0.015625
383 332 0.5
383 387 0.5
384 342 0.0625
384 299 0.5
385 253 0.0625
386 269 0.0625
386 333 0.015625
386 353 0.015625
386 287 0.5
387 332 0.015625
387 383 0.5
388 274 0.5
388 336 0.0625
389 286 0.015625
389 259 0.5
389 385 0.0625
389 343 0.5
389 391 0.5
390 248 0.0625
391 389 0.015625
392 243 0.5
393 257 0.0625
394 272 0.0625
394 317 0.5
394 305 0.0625
394 401 0.015625
395 259 0.5
395 261 0.5
395 253 0.5
395 372 0.015625
395 234 0.5
396 308 0.5
396 296 0.5
396 283 0.0625
397 274 0.0625
397 388 0.015625
399 295 0.5
399 309 0.0625
399 296 0.015625
400 231 0.5
400 267 0.0625
400 330 0.015625
400 303 0.0625
401 225 0.0625
401 394 0.0625
402 246 0.5
402 346 0.015625
403 315 0.0625
403 382 0.5
404 231 0.015625
404 256 0.015625
404 303 0.5
404 235 0.0625
405 254 0.5
405 374 0.015625
405 240 0.0625
405 365 0.0625
406 300 0.015625
407 234 0.015625
407 367 0.5
408 380 0.0625
409 261 0.0625
409 348 0.015625
410 309 0.0625
410 295 0.015625
410 296 0.0625
411 259 0.0625
411 372 0.0625
412 194 0.5
412 393 0.0625
412 119 0.0625
412 380 0.5
412 209 0.0625
412 413 0.5
413 412 0.015625
413 414 0.015625
414 413 0.0625
414 412 0.0625
415 395 0.5
415 121 0.015625
415 18 0.0625
415 19 0.0625
415 88 0.015625
415 416 0.5
415 417 0.0625
415 418 0.0625
416 415 0.0625
416 419 0.015625
416 421 0.015625
416 423 0.015625
416 424 0.015625
416 425 0.0625
417 415 0.015625
418 415 0.5
418 421 0.015625
418 423 0.0625
418 426 0.5
419 416 0.5
419 420 0.0625
419 422 0.5
419 429 0.5
420 419 0.015625
420 422 0.015625
420 429 0.5
421 418 0.0625
421 416 0.5
422 420 0.015625
422 419 0.5
422 423 0.0625
423 422 0.0625
423 416 0.015625
423 418 0.0625
424 416 0.015625
424 427 0.015625
425 416 0.0625
426 418 0.5
427 424 0.015625
427 428 0.5
428 427 0.015625
429 419 0.5
429 420 0.0625
430 286 0.5
430 257 0.5
430 306 0.015625
430 270 0.5
430 431 0.0625
431 430 0.0625
432 231 0.5
432 346 0.0625
432 165 0.015625
432 94 0.5
432 261 0.015625
432 433 0.0625
432 434 0.0625
432 436 0.0625
432 439 0.5
433 432 0.5
434 432 0.0625
434 435 0.015625
435 434 0.015625
436 432 0.0625
436 437 0.0625
436 438 0.5
437 436 0.0625
437 440 0.0625
438 436 0.5
439 432 0.015625
439 441 0.015625
440 437 0.5
441 439 0.015625
442 244 0.015625
442 226 0.015625
442 27 0.0625
442 405 0.015625
442 192 0.5
442 443 0.015625
442 445 0.0625
443 442 0.0625
443 444 0.0625
443 445 0.015625
443 448 0.0625
444 443 0.0625
444 447 0.5
445 442 0.015625
445 443 0.0625
445 446 0.0625
445 449 0.0625
446 445 0.5
447 444 0.0625
448 443 0.5
448 449 0.015625
449 448 0.0625
449 445 0.0625
