300
0 1 0.25
1 0 0.25
1 2 0.015625
2 1 0.0625
7 6 0.015625
7 5 0.0625
7 8 0.25
7 11 0.015625
7 40 0.0625
7 105 0.25
7 146 0.0625
8 7 0.015625
8 9 0.0625
8 10 0.25
8 14 0.25
8 19 0.0625
8 30 0.25
8 36 0.25
8 39 0.25
8 61 0.015625
8 63 0.0625
8 98 0.25
9 8 0.0625
9 10 0.25
9 12 0.015625
9 19 0.0625
9 34 0.015625
9 48 0.25
9 83 0.015625
9 87 0.25
10 8 0.015625
10 9 0.015625
10 13 0.015625
10 23 0.25
10 31 0.015625
10 71 0.25
10 74 0.0625
11 7 0.0625
11 95 0.0625
11 101 0.015625
12 8 0.015625
12 9 0.015625
12 14 0.0625
12 20 0.25
12 30 0.015625
12 57 0.25
12 58 0.25
12 62 0.25
13 10 0.0625
13 46 0.0625
13 96 0.25
13 286 0.015625
14 8 0.015625
14 12 0.25
14 22 0.015625
14 107 0.25
14 108 0.25
15 102 0.015625
16 22 0.25
18 20 0.25
18 29 0.25
18 47 0.25
19 9 0.25
19 11 0.015625
19 8 0.0625
19 21 0.015625
19 124 0.25
19 132 0.25
20 12 0.015625
20 14 0.0625
20 18 0.015625
20 42 0.25
20 51 0.0625
20 89 0.015625
21 19 0.015625
21 43 0.25
21 58 0.0625
21 78 0.015625
21 128 0.25
22 16 0.015625
22 14 0.0625
22 57 0.0625
22 70 0.015625
23 10 0.25
23 31 0.015625
23 59 0.015625
23 71 0.25
23 134 0.25
24 97 0.25
25 41 0.25
25 102 0.015625
27 46 0.015625
27 84 0.25
27 122 0.0625
27 131 0.0625
28 32 0.015625
28 35 0.015625
28 49 0.0625
28 50 0.015625
29 18 0.25
30 12 0.015625
30 9 0.015625
30 8 0.25
30 130 0.015625
31 23 0.015625
31 10 0.0625
32 28 0.25
33 73 0.0625
34 9 0.015625
34 44 0.25
34 76 0.015625
34 120 0.015625
35 28 0.0625
36 8 0.015625
36 39 0.015625
39 36 0.25
39 8 0.25
40 7 0.25
41 25 0.0625
41 75 0.0625
41 104 0.25
42 20 0.25
42 82 0.0625
43 21 0.25
44 34 0.25
44 76 0.015625
45 117 0.0625
46 27 0.0625
46 13 0.0625
46 11 0.25
46 121 0.0625
47 18 0.0625
48 9 0.015625
48 83 0.0625
48 87 0.015625
49 28 0.015625
49 79 0.015625
49 100 0.25
50 28 0.25
50 23 0.015625
51 20 0.25
51 60 0.0625
51 80 0.25
51 115 0.25
52 60 0.015625
53 77 0.0625
54 16 0.25
54 123 0.015625
55 51 0.015625
55 52 0.015625
55 113 0.015625
56 7 0.25
56 11 0.015625
57 12 0.25
57 9 0.25
57 22 0.0625
57 114 0.015625
57 118 0.0625
57 129 0.25
58 18 0.25
58 12 0.0625
58 21 0.25
58 78 0.015625
59 23 0.0625
60 51 0.015625
60 52 0.015625
60 69 0.25
61 30 0.015625
61 8 0.015625
61 46 0.25
61 64 0.015625
62 12 0.0625
63 8 0.015625
63 67 0.0625
63 72 0.015625
63 86 0.25
63 126 0.0625
64 61 0.25
64 58 0.0625
65 112 0.015625
66 85 0.0625
67 63 0.0625
67 294 0.015625
68 15 0.0625
68 102 0.25
69 60 0.015625
69 7 0.0625
70 22 0.0625
71 10 0.015625
71 13 0.015625
71 23 0.25
71 96 0.015625
72 63 0.015625
72 67 0.25
72 86 0.25
72 126 0.0625
73 33 0.015625
74 37 0.0625
74 10 0.0625
74 50 0.0625
74 103 0.0625
75 41 0.015625
76 34 0.25
76 44 0.0625
77 53 0.0625
78 21 0.0625
78 58 0.015625
79 49 0.0625
80 51 0.0625
81 66 0.25
81 88 0.25
82 42 0.0625
83 9 0.25
83 48 0.25
84 27 0.25
85 58 0.0625
85 66 0.25
85 284 0.0625
86 63 0.25
86 67 0.015625
86 72 0.0625
86 126 0.015625
87 9 0.0625
87 48 0.015625
88 66 0.015625
88 81 0.25
89 20 0.0625
89 115 0.0625
92 38 0.0625
94 27 0.25
94 84 0.0625
95 11 0.015625
96 71 0.0625
96 13 0.0625
97 24 0.0625
98 8 0.0625
100 34 0.25
100 49 0.015625
100 76 0.015625
101 11 0.0625
102 15 0.0625
102 25 0.0625
102 68 0.25
102 110 0.015625
102 116 0.25
103 74 0.015625
104 41 0.25
104 25 0.015625
105 7 0.015625
107 14 0.25
108 107 0.0625
108 14 0.0625
109 7 0.015625
109 105 0.25
110 102 0.015625
111 162 0.015625
112 65 0.25
112 117 0.015625
113 55 0.015625
114 57 0.015625
114 118 0.015625
115 89 0.015625
115 51 0.015625
116 102 0.0625
117 112 0.0625
117 45 0.0625
118 114 0.015625
118 57 0.0625
119 32 0.015625
120 27 0.25
120 63 0.0625
120 34 0.25
121 46 0.0625
122 27 0.015625
123 54 0.0625
124 19 0.015625
125 61 0.25
126 63 0.015625
126 72 0.0625
126 86 0.0625
128 43 0.25
128 21 0.015625
129 118 0.25
129 57 0.015625
130 30 0.25
131 122 0.0625
131 27 0.015625
132 19 0.015625
134 23 0.0625
136 138 0.0625
136 141 0.015625
137 142 0.25
138 136 0.015625
138 139 0.25
138 143 0.015625
139 138 0.015625
141 136 0.015625
142 137 0.0625
143 138 0.25
143 139 0.25
145 139 0.25
146 27 0.0625
146 7 0.25
146 147 0.015625
146 148 0.25
146 153 0.25
146 154 0.015625
147 146 0.015625
147 149 0.0625
147 150 0.015625
147 151 0.0625
147 159 0.25
148 146 0.0625
148 152 0.015625
148 154 0.25
148 156 0.015625
148 159 0.015625
149 147 0.0625
149 151 0.0625
150 147 0.015625
151 147 0.25
151 149 0.25
152 148 0.015625
152 153 0.015625
152 155 0.0625
152 156 0.015625
153 146 0.0625
153 152 0.0625
153 157 0.25
154 146 0.25
154 148 0.25
155 152 0.25
156 152 0.0625
156 148 0.015625
157 153 0.015625
159 147 0.0625
159 148 0.0625
162 74 0.25
162 111 0.0625
162 150 0.25
162 163 0.0625
162 164 0.015625
162 204 0.25
162 206 0.0625
162 211 0.25
163 162 0.015625
163 165 0.25
163 212 0.0625
164 162 0.015625
164 168 0.25
164 170 0.015625
164 178 0.015625
164 195 0.015625
164 197 0.0625
164 198 0.015625
165 163 0.0625
165 183 0.015625
165 185 0.015625
165 189 0.0625
165 213 0.0625
166 190 0.015625
166 194 0.015625
167 168 0.25
167 169 0.015625
167 171 0.0625
167 173 0.0625
167 174 0.015625
167 187 0.25
167 188 0.25
167 214 0.015625
167 216 0.015625
167 223 0.25
167 247 0.25
167 263 0.25
167 280 0.015625
167 294 0.015625
168 167 0.25
168 164 0.015625
168 170 0.0625
169 167 0.25
169 177 0.25
169 197 0.0625
169 246 0.015625
169 251 0.0625
169 260 0.25
170 168 0.015625
170 164 0.0625
170 175 0.25
170 192 0.0625
171 167 0.25
171 173 0.25
171 187 0.25
171 216 0.015625
172 208 0.25
173 167 0.0625
173 171 0.0625
173 201 0.25
174 167 0.015625
174 271 0.015625
175 170 0.25
177 169 0.0625
177 191 0.25
177 261 0.0625
177 264 0.0625
178 164 0.25
178 268 0.0625
178 274 0.015625
180 165 0.015625
180 186 0.015625
182 163 0.25
182 237 0.0625
183 180 0.0625
183 165 0.0625
183 189 0.0625
183 202 0.25
183 240 0.0625
183 294 0.015625
184 259 0.015625
185 165 0.25
186 180 0.015625
186 192 0.015625
186 222 0.015625
187 171 0.25
187 167 0.0625
187 188 0.25
187 223 0.015625
187 225 0.0625
187 232 0.015625
187 263 0.015625
188 167 0.25
188 171 0.015625
188 187 0.015625
188 216 0.015625
188 225 0.25
188 263 0.015625
189 183 0.25
189 165 0.0625
189 199 0.25
189 207 0.25
189 229 0.0625
189 258 0.25
190 166 0.25
191 177 0.015625
191 167 0.0625
191 203 0.015625
191 234 0.0625
191 248 0.25
192 186 0.015625
192 170 0.0625
193 208 0.25
193 228 0.015625
194 166 0.25
194 180 0.015625
194 235 0.0625
194 269 0.0625
194 276 0.0625
195 164 0.015625
195 243 0.015625
196 238 0.0625
197 169 0.25
197 164 0.015625
198 164 0.015625
198 195 0.25
199 189 0.25
200 256 0.015625
201 173 0.0625
202 181 0.25
202 183 0.0625
202 241 0.0625
202 270 0.0625
203 191 0.25
203 234 0.0625
204 162 0.25
206 162 0.015625
207 189 0.25
207 199 0.015625
208 172 0.25
208 193 0.015625
209 163 0.015625
209 210 0.25
210 209 0.25
210 215 0.015625
210 275 0.25
211 162 0.25
212 163 0.0625
212 267 0.015625
213 165 0.0625
214 187 0.25
214 167 0.015625
214 225 0.25
214 263 0.25
214 280 0.0625
215 210 0.0625
215 209 0.015625
216 167 0.015625
216 188 0.015625
216 171 0.25
216 250 0.25
216 264 0.25
217 275 0.25
219 265 0.0625
219 279 0.25
221 226 0.015625
222 186 0.015625
223 171 0.25
223 167 0.015625
223 187 0.25
225 187 0.015625
225 214 0.015625
225 167 0.015625
225 188 0.0625
226 221 0.25
227 217 0.0625
228 193 0.015625
228 239 0.015625
229 189 0.015625
229 245 0.25
229 252 0.25
229 258 0.0625
231 208 0.0625
231 254 0.0625
232 187 0.0625
232 167 0.0625
233 256 0.015625
234 191 0.0625
234 203 0.25
234 248 0.25
235 194 0.015625
237 182 0.015625
238 196 0.0625
239 228 0.25
240 183 0.0625
241 202 0.015625
242 231 0.0625
243 195 0.015625
245 229 0.0625
245 199 0.015625
245 262 0.0625
246 169 0.0625
246 197 0.25
247 167 0.0625
247 187 0.0625
248 203 0.25
248 191 0.25
248 234 0.015625
250 216 0.015625
251 169 0.0625
252 199 0.015625
252 229 0.015625
252 258 0.0625
254 231 0.25
255 220 0.015625
255 167 0.25
255 200 0.015625
256 200 0.0625
256 233 0.25
257 281 0.25
258 229 0.0625
258 189 0.015625
258 252 0.015625
259 184 0.015625
259 283 0.0625
260 169 0.015625
261 177 0.015625
262 245 0.015625
263 188 0.0625
263 167 0.25
263 214 0.25
263 187 0.0625
264 216 0.25
264 177 0.0625
265 219 0.25
265 279 0.25
267 212 0.25
268 178 0.015625
269 194 0.0625
269 235 0.0625
270 202 0.015625
270 181 0.25
270 268 0.015625
270 241 0.0625
271 174 0.015625
273 221 0.25
273 277 0.0625
274 181 0.25
274 183 0.015625
274 178 0.015625
275 217 0.0625
275 210 0.0625
276 194 0.0625
276 269 0.015625
277 162 0.25
277 273 0.015625
279 219 0.25
279 265 0.25
280 167 0.015625
280 214 0.015625
281 257 0.0625
283 259 0.015625
284 272 0.015625
284 85 0.25
284 264 0.0625
284 152 0.25
285 284 0.25
286 274 0.0625
286 87 0.0625
286 13 0.25
286 14 0.0625
286 63 0.015625
286 287 0.015625
287 286 0.25
288 292 0.015625
292 288 0.015625
294 167 0.0625
294 124 0.015625
294 67 0.25
294 183 0.0625
294 296 0.25
296 294 0.0625
296 297 0.0625
297 296 0.015625
