500
0 1 0.5
0 2 0.0625
1 0 0.015625
1 3 0.015625
2 0 0.015625
2 4 0.015625
2 5 0.0625
3 1 0.015625
4 2 0.5
5 2 0.0625
5 1 0.0625
5 6 0.015625
5 7 0.0625
5 10 0.0625
6 5 0.5
6 8 0.0625
6 9 0.5
6 11 0.015625
6 12 0.015625
7 5 0.5
8 6 0.015625
8 9 0.0625
9 6 0.015625
9 8 0.015625
9 10 0.5
10 9 0.015625
10 5 0.0625
11 6 0.0625
12 11 0.015625
12 5 0.5
12 9 0.015625
12 6 0.5
12 13 0.0625
12 14 0.0625
12 19 0.015625
12 43 0.0625
12 69 0.0625
12 154 0.015625
12 168 0.015625
12 192 0.0625
12 238 0.0625
13 12 0.015625
13 17 0.015625
13 18 0.0625
13 24 0.015625
13 33 0.015625
13 39 0.0625
13 55 0.015625
13 63 0.5
13 68 0.0625
13 75 0.0625
13 102 0.0625
13 104 0.0625
13 124 0.5
13 158 0.5
14 12 0.015625
14 15 0.015625
14 20 0.0625
14 27 0.5
14 30 0.015625
14 31 0.015625
14 37 0.0625
14 201 0.015625
15 14 0.015625
15 16 0.015625
15 22 0.015625
15 27 0.5
15 31 0.5
15 37 0.0625
15 143 0.0625
15 147 0.5
16 14 0.0625
16 15 0.5
16 46 0.5
16 106 0.015625
16 176 0.015625
17 13 0.5
17 18 0.015625
17 21 0.015625
17 26 0.015625
17 33 0.5
17 59 0.0625
17 73 0.015625
17 79 0.015625
17 125 0.0625
17 134 0.015625
17 141 0.5
17 171 0.0625
17 197 0.015625
17 199 0.015625
18 13 0.0625
18 17 0.015625
18 23 0.0625
18 45 0.0625
18 56 0.015625
18 94 0.0625
18 96 0.015625
18 117 0.015625
18 122 0.0625
18 135 0.5
18 185 0.5
18 256 0.5
19 12 0.0625
19 38 0.015625
19 155 0.0625
19 162 0.015625
20 14 0.015625
20 15 0.015625
20 65 0.0625
20 151 0.015625
20 198 0.015625
21 13 0.5
21 17 0.0625
21 24 0.5
21 29 0.5
21 34 0.015625
21 55 0.015625
21 95 0.5
21 97 0.015625
21 103 0.015625
21 112 0.015625
21 136 0.015625
22 15 0.015625
22 14 0.0625
22 26 0.015625
22 28 0.0625
22 30 0.0625
22 90 0.015625
23 18 0.0625
23 77 0.0625
23 156 0.015625
23 464 0.0625
24 13 0.0625
24 21 0.0625
24 40 0.0625
24 42 0.015625
24 170 0.015625
24 172 0.015625
25 20 0.5
25 41 0.015625
25 101 0.015625
25 163 0.015625
25 183 0.0625
26 17 0.0625
26 22 0.5
27 15 0.5
27 14 0.015625
27 36 0.015625
27 61 0.5
27 159 0.015625
28 22 0.5
28 40 0.5
29 21 0.0625
29 32 0.5
30 14 0.0625
30 22 0.015625
30 40 0.015625
30 49 0.0625
30 118 0.5
30 150 0.015625
31 14 0.0625
31 15 0.0625
32 29 0.5
32 34 0.0625
32 54 0.015625
32 78 0.5
32 112 0.015625
33 17 0.015625
33 19 0.0625
33 13 0.5
33 35 0.0625
33 43 0.0625
33 47 0.0625
33 165 0.0625
33 196 0.015625
33 218 0.0625
33 223 0.5
34 21 0.0625
34 24 0.015625
34 32 0.015625
34 29 0.0625
34 37 0.5
34 67 0.015625
34 71 0.015625
34 85 0.015625
34 143 0.0625
35 33 0.5
35 51 0.015625
35 72 0.015625
35 80 0.5
35 97 0.5
35 116 0.0625
35 129 0.015625
35 181 0.5
35 206 0.5
36 27 0.0625
36 20 0.0625
36 48 0.5
36 61 0.5
36 123 0.015625
36 163 0.0625
36 167 0.0625
36 221 0.015625
37 34 0.5
37 14 0.5
37 15 0.5
37 35 0.015625
37 76 0.015625
37 85 0.015625
37 184 0.5
37 214 0.0625
37 238 0.015625
38 19 0.015625
38 44 0.0625
38 47 0.5
38 58 0.015625
38 77 0.0625
38 120 0.015625
38 121 0.0625
38 187 0.0625
39 13 0.015625
39 17 0.015625
39 52 0.0625
39 84 0.5
39 138 0.0625
39 153 0.0625
39 164 0.0625
39 169 0.015625
39 191 0.5
39 216 0.015625
40 30 0.0625
40 15 0.5
40 28 0.015625
40 24 0.015625
40 95 0.5
40 115 0.5
40 160 0.0625
40 195 0.5
40 210 0.015625
41 25 0.0625
41 111 0.015625
41 183 0.015625
42 24 0.0625
42 172 0.0625
43 12 0.0625
43 33 0.015625
43 83 0.0625
43 131 0.015625
43 154 0.0625
44 18 0.5
44 23 0.5
44 38 0.5
44 53 0.015625
44 60 0.015625
44 87 0.0625
44 100 0.015625
44 149 0.5
44 175 0.5
44 194 0.0625
45 18 0.5
45 56 0.5
45 93 0.015625
45 98 0.0625
45 108 0.015625
45 117 0.5
45 220 0.5
46 16 0.015625
46 157 0.015625
47 33 0.5
47 38 0.5
47 77 0.5
47 146 0.0625
47 202 0.015625
48 36 0.0625
48 70 0.5
48 163 0.5
48 221 0.0625
49 30 0.0625
50 24 0.015625
50 13 0.0625
50 42 0.015625
50 85 0.5
50 107 0.5
50 132 0.5
50 142 0.0625
51 35 0.015625
51 89 0.5
51 90 0.5
52 39 0.0625
52 77 0.0625
52 84 0.0625
52 138 0.0625
52 191 0.0625
52 216 0.0625
53 44 0.015625
53 57 0.0625
53 60 0.5
53 66 0.0625
53 81 0.0625
53 82 0.5
53 100 0.0625
53 109 0.5
54 32 0.015625
54 29 0.015625
55 21 0.015625
55 17 0.015625
55 13 0.5
55 88 0.015625
55 212 0.5
56 44 0.015625
56 45 0.0625
56 18 0.0625
56 209 0.015625
57 53 0.015625
57 127 0.015625
58 38 0.015625
58 120 0.015625
58 187 0.015625
59 17 0.015625
59 62 0.0625
59 74 0.5
59 88 0.5
59 126 0.015625
59 189 0.5
60 53 0.015625
60 44 0.0625
60 204 0.015625
61 27 0.0625
61 36 0.015625
61 14 0.5
61 86 0.5
61 148 0.5
61 152 0.5
61 217 0.0625
62 59 0.5
62 64 0.0625
62 81 0.5
62 211 0.015625
62 219 0.5
63 13 0.5
63 68 0.015625
64 62 0.015625
65 20 0.015625
65 198 0.0625
66 53 0.015625
67 34 0.5
68 63 0.015625
68 13 0.015625
69 12 0.5
69 192 0.5
70 48 0.0625
70 36 0.015625
70 123 0.0625
70 167 0.5
70 221 0.5
71 34 0.0625
71 67 0.0625
71 41 0.0625
71 133 0.0625
72 35 0.015625
73 17 0.5
74 59 0.0625
74 126 0.5
75 13 0.015625
75 104 0.0625
76 61 0.5
76 37 0.5
76 184 0.0625
77 52 0.0625
77 23 0.5
77 47 0.015625
77 19 0.0625
77 38 0.015625
77 127 0.0625
77 190 0.0625
78 32 0.5
78 29 0.015625
79 17 0.5
79 134 0.5
79 141 0.015625
79 199 0.0625
80 35 0.5
80 72 0.0625
80 116 0.0625
80 181 0.5
80 206 0.0625
81 66 0.0625
81 62 0.015625
81 53 0.015625
81 130 0.015625
81 161 0.015625
82 53 0.015625
82 45 0.5
83 43 0.5
83 127 0.5
84 52 0.0625
84 39 0.015625
84 164 0.015625
84 216 0.5
85 50 0.015625
85 37 0.5
85 34 0.015625
85 99 0.015625
85 112 0.015625
85 131 0.015625
85 179 0.5
86 61 0.015625
86 99 0.015625
87 44 0.015625
87 128 0.0625
87 137 0.015625
87 144 0.5
88 59 0.5
88 55 0.015625
89 51 0.015625
89 47 0.0625
90 22 0.0625
90 51 0.0625
90 28 0.0625
90 193 0.5
91 85 0.015625
91 86 0.015625
91 177 0.015625
91 215 0.5
92 12 0.5
92 26 0.015625
92 19 0.0625
93 45 0.0625
94 18 0.5
95 21 0.0625
95 17 0.5
95 40 0.0625
95 178 0.015625
95 186 0.015625
95 208 0.0625
96 18 0.5
96 135 0.5
97 32 0.5
97 21 0.5
97 35 0.5
97 116 0.015625
97 129 0.5
98 45 0.015625
98 108 0.0625
99 85 0.5
99 86 0.5
99 114 0.015625
100 53 0.0625
100 57 0.0625
100 44 0.5
100 113 0.015625
101 25 0.0625
101 111 0.5
101 143 0.015625
101 179 0.5
101 183 0.5
102 55 0.015625
102 13 0.015625
102 77 0.5
102 47 0.5
102 105 0.0625
103 21 0.5
104 13 0.0625
104 75 0.015625
104 110 0.5
104 119 0.0625
104 140 0.015625
104 203 0.015625
104 207 0.0625
105 102 0.015625
105 97 0.0625
106 16 0.015625
106 176 0.015625
107 50 0.015625
107 139 0.015625
108 45 0.5
108 98 0.0625
108 220 0.5
109 53 0.0625
109 66 0.015625
110 104 0.015625
110 481 0.0625
111 25 0.015625
111 41 0.5
111 101 0.5
111 163 0.5
111 183 0.0625
112 21 0.0625
112 34 0.5
112 32 0.0625
112 85 0.0625
112 139 0.5
112 145 0.0625
113 100 0.015625
113 162 0.0625
114 99 0.5
114 12 0.0625
115 40 0.0625
115 160 0.0625
116 97 0.0625
116 35 0.5
116 80 0.015625
116 165 0.015625
117 18 0.5
117 23 0.0625
117 45 0.5
117 156 0.0625
118 30 0.5
118 49 0.015625
119 104 0.015625
119 110 0.5
119 140 0.0625
119 203 0.5
119 207 0.0625
120 58 0.015625
120 38 0.015625
121 38 0.0625
121 137 0.5
122 64 0.0625
122 18 0.0625
122 82 0.015625
122 166 0.0625
122 256 0.0625
123 70 0.0625
123 36 0.5
124 13 0.015625
125 17 0.5
125 79 0.015625
125 171 0.0625
126 59 0.5
126 74 0.0625
127 23 0.5
127 77 0.015625
127 60 0.015625
127 57 0.015625
127 83 0.0625
128 87 0.5
128 144 0.015625
129 80 0.015625
129 35 0.015625
129 97 0.015625
129 89 0.5
130 81 0.5
131 85 0.015625
131 43 0.015625
132 50 0.0625
132 107 0.015625
132 142 0.015625
133 71 0.0625
134 17 0.0625
134 79 0.0625
135 18 0.015625
135 96 0.0625
135 185 0.5
136 103 0.015625
136 21 0.0625
137 87 0.0625
137 121 0.015625
138 39 0.5
138 52 0.015625
138 84 0.0625
139 97 0.015625
139 107 0.0625
139 112 0.5
139 50 0.5
139 461 0.015625
140 104 0.015625
140 110 0.5
140 119 0.015625
140 203 0.5
140 207 0.015625
141 17 0.0625
141 79 0.0625
142 107 0.5
142 132 0.0625
142 50 0.5
142 223 0.0625
143 34 0.5
143 15 0.0625
143 101 0.015625
143 179 0.015625
144 87 0.015625
144 128 0.5
145 112 0.5
146 47 0.0625
147 15 0.0625
147 14 0.015625
148 61 0.015625
148 152 0.0625
148 217 0.0625
149 44 0.015625
150 30 0.5
150 118 0.0625
151 20 0.0625
151 65 0.015625
151 198 0.015625
152 61 0.015625
152 148 0.0625
153 39 0.5
153 52 0.5
153 138 0.0625
153 84 0.5
154 12 0.0625
154 43 0.5
155 19 0.5
156 117 0.5
156 23 0.015625
157 46 0.5
158 13 0.0625
159 27 0.015625
160 40 0.5
160 115 0.0625
161 59 0.0625
161 81 0.0625
161 126 0.0625
161 213 0.0625
162 113 0.015625
162 19 0.0625
163 25 0.015625
163 101 0.015625
163 36 0.0625
163 48 0.0625
163 111 0.5
163 174 0.015625
163 182 0.0625
164 52 0.5
164 39 0.0625
164 84 0.0625
165 33 0.5
165 116 0.0625
165 180 0.5
166 122 0.015625
167 70 0.015625
167 36 0.015625
167 48 0.0625
168 12 0.0625
169 164 0.015625
169 39 0.0625
170 24 0.015625
171 134 0.5
171 17 0.015625
171 125 0.0625
172 42 0.5
172 170 0.015625
172 24 0.5
173 12 0.5
173 168 0.5
174 163 0.5
175 44 0.0625
175 263 0.0625
176 16 0.0625
176 106 0.015625
176 184 0.5
177 91 0.5
178 95 0.5
178 186 0.0625
179 143 0.5
179 85 0.0625
179 101 0.5
179 14 0.0625
180 165 0.015625
181 35 0.0625
181 80 0.0625
182 163 0.015625
183 111 0.5
183 101 0.5
183 25 0.0625
183 41 0.5
184 176 0.5
184 37 0.5
184 76 0.0625
185 18 0.0625
185 135 0.0625
186 178 0.0625
186 95 0.015625
187 58 0.015625
187 38 0.015625
188 57 0.015625
189 84 0.015625
189 52 0.0625
189 104 0.0625
189 39 0.015625
189 59 0.5
190 77 0.0625
191 39 0.015625
191 52 0.5
191 84 0.015625
192 69 0.0625
192 12 0.5
193 90 0.015625
194 44 0.015625
194 175 0.0625
195 115 0.0625
195 40 0.015625
195 160 0.5
196 33 0.015625
197 17 0.015625
197 125 0.5
197 134 0.5
198 65 0.015625
198 20 0.015625
198 151 0.0625
199 17 0.015625
199 79 0.0625
200 102 0.5
201 14 0.015625
201 15 0.5
201 147 0.5
202 47 0.5
202 146 0.0625
203 104 0.5
203 119 0.0625
203 140 0.5
204 60 0.015625
205 26 0.0625
206 72 0.5
206 35 0.015625
206 80 0.0625
207 119 0.015625
207 203 0.5
207 104 0.0625
207 110 0.015625
207 140 0.5
208 186 0.0625
208 95 0.015625
209 56 0.0625
210 40 0.5
211 62 0.5
211 261 0.5
212 55 0.015625
213 161 0.5
214 37 0.015625
215 91 0.015625
216 84 0.015625
216 39 0.015625
216 191 0.015625
216 52 0.5
217 61 0.5
217 148 0.5
218 33 0.015625
218 51 0.0625
218 187 0.5
219 62 0.015625
219 211 0.5
220 108 0.0625
220 45 0.5
221 48 0.015625
221 70 0.015625
221 36 0.015625
221 123 0.5
222 165 0.015625
222 180 0.015625
223 33 0.0625
223 142 0.0625
223 13 0.015625
223 43 0.5
223 225 0.015625
223 226 0.0625
223 234 0.5
224 223 0.015625
224 226 0.015625
224 227 0.015625
224 230 0.5
224 233 0.0625
225 223 0.015625
225 227 0.0625
225 234 0.5
226 223 0.015625
226 224 0.015625
226 228 0.0625
226 229 0.5
226 235 0.0625
227 225 0.015625
227 224 0.5
227 230 0.0625
227 233 0.5
228 226 0.5
228 229 0.0625
229 226 0.0625
229 228 0.0625
229 231 0.5
229 461 0.015625
230 224 0.5
230 227 0.0625
230 236 0.015625
231 229 0.0625
231 232 0.015625
232 231 0.015625
233 224 0.0625
233 223 0.015625
233 227 0.5
234 225 0.5
234 223 0.5
235 226 0.5
235 228 0.0625
236 230 0.5
237 228 0.5
238 52 0.015625
238 192 0.015625
238 12 0.5
238 37 0.0625
238 187 0.0625
238 239 0.5
238 240 0.015625
238 241 0.5
238 246 0.015625
238 247 0.0625
238 255 0.015625
239 238 0.015625
239 242 0.015625
239 243 0.015625
239 244 0.0625
239 254 0.5
239 255 0.0625
240 238 0.5
241 238 0.5
241 245 0.015625
241 247 0.015625
241 249 0.5
241 251 0.5
241 254 0.015625
242 239 0.015625
242 244 0.015625
243 239 0.015625
243 255 0.5
243 261 0.0625
244 239 0.015625
244 242 0.0625
245 241 0.0625
245 246 0.5
245 248 0.0625
245 249 0.015625
246 238 0.015625
246 245 0.0625
246 250 0.0625
247 238 0.5
247 241 0.015625
248 245 0.5
249 245 0.015625
249 241 0.0625
250 246 0.0625
251 241 0.5
251 252 0.015625
251 253 0.0625
252 251 0.0625
252 253 0.0625
253 252 0.015625
253 251 0.015625
254 239 0.0625
254 241 0.0625
255 243 0.5
255 238 0.5
255 249 0.015625
255 239 0.5
256 18 0.0625
256 87 0.015625
256 156 0.0625
256 122 0.015625
256 257 0.015625
256 259 0.015625
257 256 0.015625
257 258 0.0625
258 257 0.0625
258 260 0.0625
259 256 0.5
260 258 0.5
261 189 0.0625
261 211 0.015625
261 243 0.0625
261 26 0.0625
261 126 0.0625
261 262 0.5
262 261 0.5
263 122 0.5
263 175 0.0625
263 231 0.0625
263 243 0.0625
263 127 0.015625
263 264 0.015625
263 266 0.5
263 315 0.0625
263 321 0.5
263 333 0.0625
263 336 0.5
263 342 0.5
264 263 0.015625
264 265 0.015625
264 267 0.5
264 270 0.0625
264 291 0.015625
264 307 0.015625
264 343 0.5
264 359 0.015625
264 492 0.015625
265 264 0.015625
265 268 0.015625
265 271 0.0625
265 273 0.5
265 274 0.5
265 282 0.0625
265 284 0.5
265 288 0.0625
265 338 0.0625
266 263 0.015625
266 272 0.0625
266 279 0.015625
266 294 0.015625
266 318 0.0625
266 322 0.5
266 324 0.015625
266 381 0.015625
266 405 0.0625
267 264 0.5
267 269 0.015625
267 303 0.5
267 305 0.015625
267 310 0.015625
267 346 0.0625
267 373 0.0625
268 265 0.5
268 274 0.5
268 275 0.015625
268 285 0.015625
268 286 0.015625
268 311 0.015625
268 317 0.0625
268 355 0.0625
269 267 0.015625
269 326 0.0625
269 361 0.5
269 375 0.5
269 378 0.015625
270 264 0.0625
270 348 0.5
270 351 0.5
270 407 0.015625
271 265 0.0625
271 272 0.015625
271 276 0.5
271 278 0.5
271 280 0.0625
271 282 0.0625
271 284 0.0625
271 287 0.0625
271 289 0.5
271 297 0.0625
271 308 0.5
271 309 0.5
271 347 0.5
271 350 0.5
271 364 0.5
271 366 0.0625
271 399 0.0625
271 423 0.5
271 448 0.0625
271 452 0.015625
271 481 0.015625
272 271 0.5
272 266 0.5
272 275 0.015625
272 279 0.0625
272 345 0.0625
273 265 0.0625
273 275 0.015625
273 277 0.015625
273 316 0.5
273 409 0.015625
274 265 0.015625
274 268 0.0625
274 285 0.5
274 299 0.5
274 300 0.5
274 301 0.0625
274 455 0.015625
275 273 0.5
275 272 0.5
275 268 0.015625
275 326 0.0625
275 371 0.5
275 408 0.015625
276 271 0.5
276 278 0.0625
276 280 0.015625
276 452 0.5
277 265 0.5
277 273 0.0625
277 291 0.5
278 271 0.5
278 276 0.0625
278 287 0.5
278 293 0.5
278 322 0.5
278 323 0.0625
278 328 0.015625
278 398 0.015625
278 403 0.0625
278 416 0.5
279 272 0.5
279 266 0.5
279 290 0.015625
279 314 0.5
280 271 0.5
280 276 0.5
280 284 0.015625
280 297 0.5
280 308 0.5
280 350 0.0625
281 264 0.015625
281 270 0.015625
281 295 0.5
281 302 0.5
281 320 0.015625
281 327 0.5
281 367 0.015625
281 385 0.5
281 413 0.0625
281 422 0.5
282 271 0.0625
282 265 0.015625
282 289 0.015625
282 385 0.5
282 425 0.015625
283 265 0.015625
283 338 0.5
284 265 0.015625
284 271 0.015625
284 280 0.5
284 329 0.0625
284 429 0.5
284 440 0.5
285 268 0.5
285 265 0.5
285 274 0.0625
285 338 0.0625
285 376 0.5
285 410 0.015625
286 268 0.015625
286 317 0.015625
286 355 0.5
287 271 0.0625
287 278 0.0625
287 296 0.0625
287 303 0.015625
287 312 0.015625
287 384 0.5
287 393 0.0625
287 403 0.0625
287 424 0.015625
287 450 0.5
288 283 0.015625
288 265 0.0625
289 282 0.015625
289 271 0.015625
289 438 0.0625
290 279 0.5
291 277 0.015625
291 264 0.0625
291 292 0.015625
291 360 0.015625
291 376 0.5
292 277 0.0625
292 291 0.5
292 327 0.5
292 344 0.015625
293 278 0.015625
293 312 0.015625
293 321 0.0625
293 417 0.5
293 428 0.015625
294 266 0.0625
294 433 0.015625
294 443 0.0625
295 281 0.015625
295 327 0.5
295 386 0.0625
296 287 0.0625
296 269 0.0625
297 280 0.5
297 276 0.0625
297 271 0.5
297 298 0.015625
297 309 0.5
297 347 0.5
297 364 0.015625
297 377 0.015625
297 452 0.015625
298 271 0.0625
298 297 0.0625
298 301 0.0625
298 303 0.0625
298 313 0.5
298 330 0.5
298 335 0.015625
298 374 0.015625
298 397 0.5
298 441 0.0625
298 479 0.015625
299 267 0.015625
299 274 0.5
299 306 0.015625
299 313 0.5
300 274 0.5
300 301 0.0625
300 313 0.015625
300 371 0.5
300 401 0.5
300 418 0.0625
301 300 0.5
301 274 0.015625
301 298 0.0625
301 420 0.0625
301 460 0.015625
302 281 0.0625
302 282 0.0625
302 264 0.0625
302 385 0.5
303 298 0.015625
303 287 0.5
303 299 0.015625
303 267 0.0625
303 310 0.015625
303 330 0.5
303 388 0.015625
303 395 0.5
303 457 0.0625
303 481 0.0625
304 300 0.5
304 358 0.0625
304 415 0.015625
305 267 0.0625
305 373 0.5
306 299 0.015625
306 314 0.0625
306 363 0.0625
307 264 0.0625
307 270 0.5
307 351 0.015625
307 359 0.0625
308 280 0.015625
308 276 0.0625
308 271 0.5
308 309 0.5
308 364 0.0625
308 368 0.0625
308 377 0.0625
308 423 0.015625
309 271 0.0625
309 280 0.0625
309 297 0.5
309 308 0.015625
309 350 0.5
309 368 0.015625
309 423 0.015625
309 448 0.5
310 303 0.015625
310 267 0.015625
310 325 0.5
310 337 0.015625
310 357 0.015625
310 372 0.015625
310 414 0.5
311 268 0.0625
311 286 0.5
312 293 0.5
312 287 0.5
312 271 0.015625
312 331 0.0625
312 380 0.0625
312 400 0.0625
313 300 0.5
313 298 0.015625
313 299 0.5
313 301 0.5
313 346 0.5
313 382 0.0625
313 391 0.0625
313 426 0.5
314 287 0.015625
314 306 0.5
314 279 0.5
315 263 0.015625
315 349 0.5
315 356 0.015625
315 362 0.5
315 369 0.0625
315 442 0.015625
316 273 0.0625
316 338 0.0625
316 371 0.5
317 268 0.015625
317 282 0.015625
317 299 0.0625
317 286 0.0625
317 319 0.5
317 383 0.015625
317 427 0.5
317 436 0.5
317 445 0.5
318 266 0.5
318 394 0.0625
319 317 0.015625
319 332 0.5
320 295 0.015625
320 281 0.015625
320 327 0.5
320 367 0.015625
320 386 0.0625
320 422 0.5
321 293 0.015625
321 263 0.0625
321 323 0.0625
321 342 0.5
322 278 0.5
322 266 0.0625
323 278 0.015625
323 321 0.0625
324 266 0.5
324 318 0.5
325 310 0.015625
325 357 0.015625
326 269 0.015625
326 275 0.015625
326 334 0.015625
326 412 0.5
326 421 0.015625
327 320 0.015625
327 295 0.015625
327 281 0.5
327 292 0.5
327 339 0.015625
327 353 0.0625
327 370 0.015625
327 391 0.5
328 278 0.0625
329 284 0.015625
330 301 0.015625
330 303 0.5
330 298 0.0625
330 390 0.0625
330 404 0.5
330 437 0.0625
331 312 0.015625
331 380 0.5
331 392 0.0625
332 319 0.0625
332 331 0.0625
332 289 0.015625
332 317 0.5
333 263 0.0625
334 326 0.5
334 411 0.5
334 421 0.0625
335 298 0.015625
336 263 0.0625
337 310 0.015625
337 325 0.5
338 283 0.5
338 265 0.5
338 285 0.0625
338 316 0.015625
339 264 0.5
339 327 0.0625
339 340 0.5
339 354 0.0625
339 447 0.5
339 459 0.015625
340 339 0.0625
340 341 0.015625
340 348 0.0625
340 354 0.015625
340 444 0.0625
340 459 0.015625
341 340 0.015625
341 267 0.0625
341 313 0.015625
342 321 0.5
342 263 0.5
343 332 0.5
343 264 0.5
343 270 0.0625
343 389 0.015625
343 432 0.0625
344 292 0.0625
344 396 0.015625
344 454 0.5
345 272 0.5
346 313 0.5
346 267 0.0625
347 297 0.015625
347 308 0.015625
347 271 0.5
347 368 0.015625
347 423 0.015625
347 452 0.0625
348 340 0.015625
348 270 0.5
348 339 0.5
349 315 0.015625
349 356 0.5
349 362 0.5
350 271 0.5
350 309 0.015625
350 280 0.015625
350 352 0.0625
350 402 0.0625
350 428 0.015625
351 270 0.015625
351 281 0.0625
351 307 0.5
351 365 0.0625
352 350 0.0625
353 327 0.0625
353 444 0.0625
354 339 0.5
354 340 0.015625
354 447 0.015625
354 459 0.0625
355 268 0.0625
355 286 0.0625
355 403 0.0625
356 349 0.015625
356 315 0.5
357 325 0.015625
357 310 0.015625
357 372 0.5
357 406 0.015625
358 304 0.5
358 415 0.0625
359 307 0.015625
359 270 0.0625
359 264 0.5
360 291 0.5
360 344 0.0625
360 430 0.5
360 451 0.015625
361 269 0.0625
362 315 0.5
362 349 0.0625
362 369 0.0625
363 306 0.0625
364 297 0.015625
364 280 0.0625
364 271 0.5
364 308 0.015625
365 351 0.0625
366 335 0.5
366 271 0.5
366 280 0.0625
366 347 0.015625
367 281 0.0625
367 320 0.5
368 308 0.0625
368 347 0.5
368 271 0.5
368 309 0.015625
369 315 0.015625
369 349 0.015625
369 362 0.5
369 405 0.5
370 327 0.015625
370 353 0.5
371 275 0.5
371 316 0.5
371 273 0.5
371 300 0.015625
371 387 0.5
372 357 0.0625
372 310 0.5
372 397 0.0625
372 406 0.015625
372 414 0.015625
373 267 0.015625
373 305 0.5
374 330 0.5
374 298 0.0625
374 397 0.0625
375 269 0.0625
376 285 0.015625
376 338 0.015625
376 291 0.5
376 410 0.015625
377 297 0.0625
377 276 0.0625
377 308 0.015625
377 271 0.0625
378 269 0.0625
378 412 0.015625
379 323 0.0625
379 336 0.015625
379 431 0.5
379 435 0.5
380 312 0.0625
380 331 0.5
380 400 0.015625
381 266 0.5
382 313 0.5
382 426 0.0625
383 319 0.0625
383 317 0.015625
384 287 0.015625
385 302 0.5
385 281 0.5
385 282 0.0625
386 320 0.015625
386 295 0.5
386 422 0.0625
387 371 0.5
388 303 0.015625
389 343 0.0625
389 432 0.0625
390 330 0.5
391 327 0.015625
391 341 0.0625
391 376 0.0625
391 313 0.5
392 331 0.0625
392 312 0.015625
392 380 0.0625
393 384 0.0625
393 287 0.0625
393 403 0.015625
393 424 0.0625
394 318 0.0625
394 405 0.0625
395 303 0.015625
395 457 0.0625
396 344 0.5
397 372 0.5
397 298 0.5
397 325 0.5
397 374 0.0625
397 419 0.5
398 278 0.5
398 322 0.5
399 271 0.5
399 297 0.0625
399 276 0.015625
399 308 0.015625
400 331 0.015625
400 312 0.5
400 380 0.015625
401 300 0.0625
402 350 0.5
403 287 0.5
403 355 0.5
403 278 0.5
403 393 0.015625
404 330 0.0625
404 390 0.0625
405 266 0.5
405 394 0.5
405 369 0.0625
405 446 0.5
405 458 0.015625
406 325 0.5
406 357 0.0625
406 372 0.015625
406 414 0.015625
407 264 0.0625
407 270 0.015625
408 275 0.0625
409 273 0.015625
410 376 0.015625
410 285 0.0625
411 334 0.015625
411 409 0.5
411 361 0.5
411 271 0.0625
411 326 0.015625
412 334 0.0625
412 326 0.5
412 378 0.0625
413 367 0.0625
413 281 0.5
413 453 0.5
414 372 0.5
414 310 0.5
414 406 0.015625
415 358 0.0625
415 304 0.5
415 455 0.015625
416 278 0.5
417 293 0.0625
418 300 0.5
418 401 0.0625
419 397 0.5
420 301 0.5
420 443 0.0625
421 326 0.0625
421 334 0.0625
422 386 0.015625
422 281 0.015625
422 320 0.5
422 453 0.015625
423 309 0.5
423 271 0.0625
423 347 0.0625
423 308 0.5
424 287 0.015625
424 393 0.0625
425 282 0.5
426 313 0.0625
426 382 0.5
427 317 0.5
428 350 0.0625
428 293 0.0625
428 456 0.0625
429 284 0.5
430 360 0.0625
430 451 0.5
431 379 0.015625
431 435 0.0625
432 389 0.0625
432 343 0.5
433 294 0.5
434 312 0.015625
434 380 0.015625
434 400 0.015625
434 331 0.015625
435 379 0.015625
435 431 0.015625
436 317 0.5
436 383 0.5
437 330 0.0625
437 301 0.015625
437 433 0.0625
437 390 0.015625
437 439 0.015625
438 289 0.0625
439 437 0.5
440 284 0.5
441 298 0.0625
442 315 0.015625
442 362 0.015625
442 349 0.015625
442 449 0.015625
443 301 0.015625
443 303 0.5
443 294 0.0625
443 420 0.015625
443 274 0.015625
444 353 0.015625
444 340 0.5
444 327 0.015625
445 317 0.0625
445 436 0.0625
446 405 0.015625
446 458 0.0625
447 339 0.0625
447 354 0.015625
447 340 0.015625
448 271 0.5
448 309 0.015625
448 377 0.5
448 347 0.5
449 263 0.0625
449 442 0.015625
450 287 0.015625
450 393 0.5
451 360 0.0625
451 430 0.015625
452 271 0.015625
452 297 0.0625
452 347 0.5
452 276 0.015625
453 295 0.0625
453 422 0.5
453 281 0.015625
453 413 0.5
454 344 0.015625
455 274 0.0625
455 415 0.015625
456 428 0.015625
457 303 0.015625
457 395 0.0625
458 405 0.5
458 446 0.5
459 354 0.0625
459 339 0.0625
459 340 0.015625
460 301 0.0625
460 420 0.015625
461 229 0.0625
461 441 0.5
461 139 0.015625
461 428 0.0625
461 245 0.015625
461 462 0.015625
462 461 0.5
462 463 0.0625
463 462 0.5
463 461 0.015625
464 443 0.015625
464 141 0.0625
464 23 0.5
464 24 0.015625
464 104 0.0625
464 465 0.5
464 466 0.5
464 467 0.5
465 464 0.5
465 468 0.0625
465 470 0.0625
465 472 0.0625
465 473 0.0625
465 474 0.5
466 464 0.0625
467 464 0.015625
467 470 0.015625
467 472 0.0625
467 475 0.5
468 465 0.0625
468 469 0.5
468 471 0.0625
468 478 0.015625
469 468 0.5
469 471 0.5
469 478 0.0625
470 467 0.015625
470 465 0.5
471 469 0.0625
471 468 0.0625
471 472 0.015625
472 471 0.015625
472 465 0.015625
472 467 0.5
473 465 0.0625
473 476 0.5
474 465 0.015625
475 467 0.5
476 473 0.015625
476 477 0.015625
477 476 0.0625
478 468 0.015625
478 469 0.5
479 330 0.015625
479 298 0.0625
479 350 0.5
479 313 0.0625
479 480 0.015625
480 479 0.5
481 271 0.015625
481 393 0.015625
481 196 0.015625
481 110 0.0625
481 303 0.0625
481 482 0.5
481 483 0.015625
481 485 0.5
481 489 0.0625
482 481 0.0625
482 488 0.0625
483 481 0.015625
483 484 0.0625
484 483 0.5
485 481 0.5
485 486 0.015625
485 487 0.015625
486 485 0.015625
486 490 0.5
487 485 0.015625
488 482 0.5
489 481 0.015625
489 491 0.0625
490 486 0.015625
491 489 0.0625
492 285 0.5
492 264 0.0625
492 36 0.0625
492 453 0.015625
492 227 0.015625
492 493 0.5
492 495 0.015625
493 492 0.5
493 494 0.5
493 495 0.0625
493 498 0.015625
494 493 0.5
494 497 0.5
495 492 0.0625
495 493 0.5
495 496 0.5
495 499 0.0625
496 495 0.0625
497 494 0.0625
498 493 0.015625
498 499 0.0625
499 498 0.0625
499 495 0.015625
