250
2 3 0.5
3 2 0.0625
4 5 0.0625
4 8 0.5
4 29 0.0625
4 54 0.0625
4 73 0.015625
4 85 0.0625
5 4 0.0625
5 11 0.015625
5 17 0.5
5 46 0.0625
6 28 0.0625
6 64 0.0625
7 14 0.5
7 39 0.015625
8 4 0.5
9 49 0.0625
10 11 0.5
10 46 0.0625
11 5 0.015625
11 10 0.5
11 24 0.015625
12 20 0.5
12 28 0.0625
12 50 0.0625
13 4 0.015625
13 31 0.5
13 61 0.5
13 69 0.015625
13 72 0.0625
13 82 0.0625
14 7 0.0625
14 45 0.015625
15 74 0.5
16 34 0.0625
17 5 0.015625
17 4 0.015625
17 33 0.015625
19 51 0.5
20 12 0.0625
20 50 0.015625
23 93 0.015625
24 11 0.5
24 14 0.5
28 6 0.015625
28 12 0.5
28 51 0.0625
29 4 0.5
29 54 0.5
30 25 0.0625
31 13 0.5
31 69 0.0625
32 52 0.015625
32 55 0.5
33 17 0.5
34 16 0.0625
37 47 0.5
38 19 0.0625
39 7 0.0625
39 45 0.015625
41 77 0.015625
42 56 0.0625
44 239 0.5
45 7 0.015625
45 14 0.5
45 39 0.015625
46 5 0.015625
46 11 0.015625
46 10 0.5
46 56 0.0625
47 37 0.5
48 67 0.5
49 9 0.0625
50 20 0.5
50 12 0.015625
51 6 0.015625
51 28 0.5
51 21 0.0625
51 19 0.015625
52 32 0.015625
54 4 0.015625
54 29 0.5
55 32 0.0625
56 42 0.5
56 46 0.5
57 44 0.0625
58 60 0.015625
58 90 0.0625
60 58 0.5
61 13 0.015625
61 31 0.0625
64 6 0.015625
67 48 0.015625
69 13 0.015625
69 31 0.0625
70 79 0.0625
72 69 0.015625
72 13 0.015625
73 54 0.0625
73 4 0.015625
74 15 0.0625
76 114 0.015625
77 41 0.5
79 70 0.015625
81 31 0.0625
81 13 0.0625
82 13 0.5
82 31 0.0625
84 76 0.5
85 4 0.5
85 54 0.015625
87 8 0.5
88 112 0.0625
90 58 0.0625
91 16 0.0625
92 88 0.015625
93 23 0.0625
99 83 0.0625
99 100 0.015625
99 104 0.5
99 108 0.5
100 99 0.015625
100 101 0.5
100 102 0.5
100 103 0.015625
100 108 0.015625
101 100 0.015625
101 103 0.015625
102 100 0.015625
102 108 0.5
102 112 0.0625
103 100 0.0625
103 101 0.0625
104 99 0.015625
106 107 0.5
107 106 0.5
108 102 0.015625
108 99 0.015625
108 100 0.015625
109 32 0.5
109 64 0.0625
109 110 0.0625
110 109 0.0625
110 111 0.5
111 110 0.015625
112 81 0.5
112 88 0.0625
112 102 0.0625
112 8 0.5
112 113 0.5
113 112 0.5
114 76 0.5
114 102 0.015625
114 51 0.015625
114 115 0.5
114 117 0.015625
114 142 0.0625
114 152 0.0625
114 153 0.015625
115 114 0.5
115 116 0.5
115 118 0.0625
115 120 0.0625
115 158 0.015625
115 167 0.5
116 115 0.015625
116 119 0.015625
116 122 0.5
116 123 0.5
116 127 0.015625
116 131 0.0625
117 114 0.015625
117 121 0.0625
117 141 0.0625
117 144 0.015625
117 196 0.0625
118 115 0.015625
118 136 0.5
118 138 0.015625
118 178 0.5
119 116 0.015625
119 123 0.5
119 124 0.015625
119 129 0.015625
119 165 0.5
120 115 0.5
120 160 0.015625
120 198 0.015625
121 117 0.015625
121 124 0.015625
121 159 0.5
122 116 0.0625
122 124 0.0625
123 116 0.5
123 119 0.5
123 129 0.015625
123 224 0.015625
124 122 0.0625
124 121 0.0625
124 119 0.0625
124 146 0.5
124 176 0.015625
124 199 0.5
126 115 0.5
126 120 0.5
126 173 0.5
127 116 0.5
127 132 0.0625
128 116 0.015625
129 119 0.0625
129 116 0.015625
129 123 0.0625
129 180 0.0625
129 200 0.0625
130 135 0.5
130 136 0.0625
130 184 0.0625
130 187 0.015625
130 194 0.015625
131 128 0.0625
131 116 0.0625
132 127 0.0625
132 216 0.0625
135 130 0.5
136 130 0.0625
136 118 0.015625
136 149 0.5
136 239 0.015625
138 118 0.015625
138 178 0.5
139 161 0.015625
139 174 0.5
139 206 0.5
140 207 0.0625
141 117 0.5
141 188 0.5
142 114 0.0625
142 143 0.015625
143 142 0.0625
144 117 0.015625
144 141 0.015625
146 124 0.0625
146 202 0.0625
149 136 0.0625
149 186 0.5
149 195 0.015625
151 150 0.5
151 132 0.5
152 114 0.0625
153 114 0.015625
154 145 0.0625
155 115 0.0625
155 156 0.015625
155 164 0.015625
155 220 0.0625
155 226 0.5
156 155 0.5
156 157 0.015625
156 160 0.0625
156 164 0.0625
156 226 0.5
157 156 0.015625
157 118 0.015625
157 140 0.5
158 151 0.5
158 115 0.0625
158 120 0.5
158 185 0.0625
159 121 0.5
160 156 0.015625
160 120 0.015625
160 155 0.5
161 139 0.5
161 162 0.0625
161 193 0.015625
161 209 0.0625
162 161 0.0625
164 155 0.0625
164 156 0.0625
164 220 0.5
164 226 0.0625
165 119 0.0625
165 194 0.015625
167 120 0.015625
167 115 0.0625
169 175 0.0625
173 126 0.0625
174 139 0.5
175 169 0.0625
175 196 0.5
176 124 0.015625
176 122 0.5
177 197 0.015625
178 118 0.015625
178 138 0.015625
179 149 0.0625
180 129 0.5
180 200 0.0625
181 125 0.5
182 202 0.015625
184 130 0.5
185 158 0.0625
186 149 0.5
187 184 0.015625
187 130 0.0625
187 194 0.015625
188 141 0.015625
188 196 0.5
190 125 0.0625
191 150 0.5
193 161 0.0625
194 130 0.0625
194 165 0.0625
194 187 0.0625
195 149 0.0625
195 186 0.5
196 117 0.0625
196 188 0.0625
196 175 0.0625
197 145 0.015625
197 177 0.5
198 115 0.015625
198 120 0.015625
199 124 0.5
200 180 0.015625
200 129 0.015625
201 146 0.015625
202 146 0.0625
202 182 0.015625
204 192 0.0625
206 139 0.0625
207 140 0.0625
209 161 0.5
209 225 0.015625
211 214 0.015625
213 191 0.0625
213 150 0.5
214 211 0.0625
215 183 0.0625
216 132 0.0625
218 169 0.015625
218 221 0.015625
219 136 0.0625
219 123 0.5
220 155 0.0625
220 164 0.015625
220 156 0.5
221 114 0.015625
221 218 0.5
222 126 0.0625
224 123 0.0625
225 209 0.015625
226 164 0.5
226 155 0.0625
226 156 0.5
228 229 0.0625
229 228 0.015625
231 233 0.015625
231 234 0.015625
232 233 0.0625
233 232 0.015625
233 231 0.5
234 231 0.0625
237 149 0.5
237 161 0.015625
237 140 0.0625
237 238 0.015625
238 237 0.015625
239 187 0.015625
239 44 0.015625
239 136 0.0625
239 240 0.015625
239 244 0.5
240 239 0.5
240 241 0.0625
240 242 0.0625
241 240 0.0625
241 245 0.5
242 240 0.015625
244 239 0.015625
244 246 0.5
245 241 0.5
246 244 0.5
247 248 0.015625
248 247 0.015625
