300
0 1 0.0625
0 2 0.0625
1 0 0.0625
1 3 0.5
2 0 0.015625
2 4 0.0625
3 1 0.5
4 2 0.0625
4 1 0.0625
4 5 0.5
4 6 0.015625
5 4 0.015625
5 7 0.5
5 8 0.015625
6 4 0.5
7 5 0.015625
8 4 0.015625
8 5 0.5
8 9 0.015625
8 10 0.015625
8 27 0.5
8 42 0.0625
8 87 0.0625
8 133 0.5
9 8 0.015625
9 14 0.015625
9 21 0.5
9 38 0.0625
9 41 0.5
9 45 0.015625
9 61 0.0625
9 91 0.015625
10 8 0.015625
10 12 0.5
10 17 0.0625
10 20 0.015625
10 23 0.0625
10 112 0.5
11 10 0.015625
11 62 0.015625
11 98 0.015625
12 10 0.0625
12 39 0.0625
12 109 0.5
13 47 0.015625
13 89 0.5
14 9 0.5
14 24 0.0625
14 26 0.015625
14 96 0.015625
15 12 0.0625
15 25 0.0625
15 93 0.015625
17 10 0.0625
17 36 0.0625
18 24 0.015625
20 10 0.5
20 24 0.5
20 30 0.015625
20 67 0.0625
20 84 0.0625
21 9 0.5
21 22 0.015625
21 27 0.0625
21 29 0.015625
21 94 0.015625
21 108 0.5
21 119 0.0625
21 122 0.5
22 21 0.5
22 31 0.0625
22 50 0.0625
22 72 0.5
22 101 0.015625
23 10 0.5
23 22 0.5
23 46 0.5
23 53 0.0625
23 133 0.5
24 20 0.015625
24 18 0.015625
24 14 0.5
24 107 0.0625
24 115 0.5
25 15 0.0625
26 14 0.015625
27 8 0.5
27 21 0.015625
27 73 0.5
27 87 0.5
28 13 0.0625
28 32 0.0625
28 60 0.015625
29 21 0.015625
29 47 0.5
29 83 0.0625
30 20 0.5
31 22 0.015625
31 55 0.0625
32 28 0.5
32 51 0.015625
32 52 0.5
32 60 0.015625
32 63 0.5
33 19 0.5
34 68 0.5
34 103 0.015625
35 37 0.0625
35 54 0.015625
35 105 0.015625
36 17 0.015625
36 10 0.5
36 85 0.0625
37 35 0.015625
37 51 0.0625
37 116 0.0625
37 120 0.5
38 9 0.015625
38 41 0.015625
39 12 0.0625
39 109 0.015625
41 38 0.0625
41 9 0.0625
42 8 0.015625
45 9 0.0625
46 36 0.015625
46 23 0.5
47 13 0.5
47 29 0.5
47 70 0.5
48 19 0.5
49 110 0.5
50 22 0.015625
50 101 0.015625
51 37 0.015625
51 32 0.0625
52 32 0.5
53 23 0.5
53 59 0.0625
53 65 0.0625
53 73 0.0625
54 35 0.015625
55 31 0.0625
55 29 0.015625
56 8 0.5
56 16 0.5
58 75 0.0625
59 53 0.5
59 66 0.015625
60 32 0.015625
60 28 0.015625
61 9 0.0625
61 47 0.5
61 29 0.5
62 11 0.0625
62 98 0.5
63 32 0.015625
65 53 0.015625
65 78 0.015625
65 82 0.0625
66 59 0.5
66 8 0.0625
67 20 0.5
67 30 0.5
68 34 0.0625
69 77 0.5
70 13 0.0625
70 47 0.015625
71 81 0.015625
72 50 0.0625
72 22 0.015625
72 55 0.0625
73 53 0.5
73 27 0.015625
75 58 0.015625
75 102 0.0625
77 69 0.015625
78 65 0.5
78 273 0.015625
79 64 0.5
81 71 0.5
82 65 0.015625
83 29 0.015625
84 20 0.0625
84 67 0.015625
85 36 0.015625
87 8 0.0625
87 27 0.015625
89 13 0.015625
91 9 0.015625
93 15 0.5
93 97 0.5
94 21 0.5
94 100 0.0625
96 14 0.015625
97 93 0.5
98 11 0.5
98 62 0.0625
100 94 0.015625
101 22 0.5
101 50 0.015625
102 75 0.015625
103 34 0.015625
105 35 0.0625
107 24 0.5
108 21 0.0625
109 39 0.015625
109 12 0.5
110 49 0.015625
111 61 0.5
112 10 0.0625
113 16 0.015625
115 24 0.5
116 37 0.5
116 146 0.5
119 21 0.0625
119 31 0.015625
119 103 0.015625
120 37 0.015625
120 116 0.5
122 21 0.015625
122 9 0.0625
122 27 0.0625
122 123 0.0625
122 131 0.015625
123 122 0.5
123 124 0.0625
123 131 0.0625
124 123 0.0625
124 127 0.5
124 130 0.5
125 126 0.5
126 125 0.5
126 128 0.015625
126 273 0.0625
127 124 0.015625
128 126 0.015625
128 129 0.0625
129 128 0.0625
130 122 0.0625
130 124 0.5
131 123 0.015625
131 122 0.5
132 125 0.5
133 8 0.0625
133 23 0.0625
133 103 0.5
133 137 0.5
133 138 0.5
133 142 0.0625
134 136 0.5
135 142 0.5
135 146 0.5
136 134 0.0625
137 133 0.5
137 140 0.0625
138 133 0.015625
140 137 0.015625
142 135 0.5
142 133 0.5
143 144 0.015625
144 143 0.015625
144 145 0.0625
145 144 0.015625
146 105 0.0625
146 116 0.015625
146 135 0.015625
146 16 0.5
146 147 0.0625
147 146 0.5
148 149 0.5
148 150 0.0625
148 170 0.015625
148 200 0.015625
149 148 0.0625
149 151 0.0625
149 153 0.5
149 154 0.015625
149 155 0.5
149 161 0.015625
149 163 0.0625
149 167 0.0625
149 195 0.015625
150 148 0.5
150 152 0.015625
150 180 0.015625
150 201 0.015625
151 149 0.0625
151 155 0.5
151 156 0.5
151 164 0.5
151 165 0.5
151 205 0.015625
152 150 0.5
152 188 0.015625
152 215 0.5
153 149 0.5
153 159 0.5
153 161 0.5
153 163 0.0625
153 166 0.5
153 168 0.015625
153 174 0.5
153 181 0.015625
153 210 0.0625
153 236 0.015625
153 252 0.015625
153 269 0.5
154 149 0.0625
154 156 0.5
154 157 0.015625
154 185 0.015625
154 242 0.5
155 149 0.0625
155 151 0.5
155 164 0.0625
155 176 0.0625
155 177 0.5
155 270 0.5
156 154 0.0625
156 151 0.5
156 188 0.015625
156 213 0.5
157 149 0.5
157 154 0.015625
157 170 0.015625
158 169 0.0625
159 153 0.0625
159 163 0.015625
159 174 0.5
160 148 0.015625
160 172 0.015625
160 178 0.015625
160 189 0.0625
160 223 0.015625
160 245 0.5
161 153 0.5
161 149 0.5
161 168 0.015625
161 223 0.015625
161 254 0.015625
162 149 0.5
162 195 0.015625
163 149 0.015625
163 153 0.5
163 159 0.5
163 191 0.0625
163 256 0.015625
164 151 0.015625
164 149 0.0625
164 155 0.0625
164 195 0.5
164 216 0.0625
165 151 0.5
165 205 0.0625
166 153 0.0625
166 173 0.015625
166 182 0.5
166 222 0.5
166 238 0.0625
166 253 0.5
167 162 0.0625
167 149 0.5
168 161 0.015625
168 153 0.0625
168 263 0.015625
169 158 0.015625
170 157 0.0625
170 148 0.5
170 171 0.0625
170 208 0.5
170 216 0.5
171 157 0.5
171 170 0.0625
171 189 0.5
172 160 0.0625
172 189 0.5
172 224 0.0625
173 166 0.015625
173 152 0.5
174 159 0.5
174 153 0.5
174 175 0.015625
174 181 0.0625
174 217 0.0625
174 269 0.5
175 153 0.5
175 174 0.015625
175 183 0.5
175 194 0.5
175 234 0.5
176 150 0.5
176 155 0.0625
176 183 0.0625
177 155 0.0625
177 183 0.5
177 213 0.0625
177 248 0.0625
178 160 0.015625
178 161 0.0625
178 148 0.0625
178 223 0.5
179 177 0.015625
179 207 0.0625
180 150 0.5
181 153 0.0625
181 159 0.015625
181 174 0.015625
181 211 0.015625
181 252 0.5
182 166 0.5
182 153 0.5
182 192 0.0625
182 219 0.5
182 237 0.015625
183 177 0.0625
183 175 0.5
183 176 0.0625
183 201 0.5
183 221 0.5
183 229 0.5
183 255 0.0625
184 203 0.0625
184 206 0.015625
184 212 0.5
185 154 0.0625
185 195 0.015625
185 213 0.5
186 231 0.0625
188 152 0.015625
188 156 0.0625
188 193 0.5
188 244 0.0625
188 251 0.0625
189 172 0.5
189 160 0.5
189 171 0.0625
189 196 0.0625
189 229 0.5
191 163 0.0625
192 182 0.5
192 219 0.5
192 230 0.015625
193 188 0.0625
193 243 0.5
193 251 0.015625
194 175 0.0625
195 162 0.015625
195 149 0.015625
195 164 0.5
195 185 0.0625
196 148 0.0625
196 189 0.0625
196 197 0.0625
196 204 0.5
196 267 0.0625
197 196 0.0625
197 198 0.0625
197 202 0.0625
197 204 0.0625
198 197 0.0625
198 150 0.015625
198 183 0.5
200 148 0.015625
200 227 0.015625
201 183 0.5
201 150 0.015625
202 197 0.5
202 196 0.0625
203 184 0.015625
203 206 0.5
204 196 0.5
204 197 0.015625
204 267 0.0625
205 151 0.015625
205 165 0.5
205 238 0.5
206 203 0.0625
206 184 0.5
207 179 0.0625
208 170 0.015625
208 257 0.015625
210 194 0.015625
210 153 0.5
210 159 0.5
211 153 0.5
211 181 0.0625
212 184 0.015625
212 203 0.015625
212 240 0.5
213 156 0.015625
213 185 0.5
213 154 0.015625
213 177 0.015625
213 225 0.015625
214 234 0.015625
214 241 0.5
214 246 0.0625
215 152 0.0625
216 164 0.0625
216 195 0.0625
216 170 0.0625
217 174 0.0625
217 153 0.5
218 258 0.5
218 260 0.0625
219 182 0.0625
219 192 0.0625
219 237 0.5
221 183 0.015625
221 255 0.5
222 166 0.0625
223 178 0.0625
223 160 0.5
223 161 0.015625
224 172 0.5
225 213 0.015625
227 200 0.5
229 189 0.015625
229 198 0.015625
229 216 0.0625
229 183 0.0625
230 192 0.015625
230 182 0.0625
230 219 0.015625
231 186 0.5
231 240 0.015625
234 214 0.0625
234 175 0.015625
234 249 0.5
236 153 0.015625
236 174 0.015625
237 192 0.015625
237 182 0.5
237 219 0.0625
238 166 0.0625
238 205 0.0625
239 228 0.5
240 231 0.0625
240 212 0.5
240 266 0.5
241 214 0.015625
241 246 0.5
242 154 0.5
243 193 0.5
243 242 0.0625
243 153 0.015625
243 188 0.5
244 193 0.015625
244 188 0.015625
245 160 0.015625
246 214 0.0625
246 241 0.0625
248 177 0.0625
249 234 0.5
251 188 0.0625
251 193 0.015625
252 181 0.0625
252 153 0.5
253 166 0.015625
254 161 0.5
255 183 0.015625
255 221 0.0625
256 163 0.0625
257 208 0.015625
258 218 0.5
258 260 0.5
259 182 0.015625
259 219 0.5
259 237 0.015625
259 192 0.0625
260 218 0.015625
260 258 0.0625
262 228 0.5
262 264 0.015625
263 168 0.015625
264 262 0.5
265 261 0.015625
266 240 0.5
267 196 0.015625
267 204 0.015625
267 197 0.0625
269 153 0.5
269 174 0.015625
270 155 0.0625
272 250 0.5
273 126 0.015625
273 78 0.5
273 274 0.0625
274 273 0.0625
275 277 0.015625
275 279 0.0625
275 280 0.5
275 281 0.015625
275 282 0.015625
277 275 0.0625
277 278 0.0625
277 285 0.0625
278 277 0.5
278 285 0.0625
279 275 0.0625
280 275 0.5
281 275 0.0625
282 275 0.5
285 277 0.015625
285 278 0.0625
287 291 0.5
289 290 0.0625
290 289 0.0625
291 287 0.015625
292 293 0.5
293 292 0.015625
294 295 0.0625
294 298 0.015625
295 294 0.5
295 297 0.5
297 295 0.0625
298 294 0.015625
298 299 0.015625
299 298 0.0625
