400
0 2 0.015625
1 3 0.0625
2 0 0.0625
3 1 0.25
3 0 0.0625
3 4 0.015625
3 5 0.015625
3 7 0.0625
4 3 0.25
4 6 0.25
4 8 0.015625
4 9 0.015625
5 3 0.0625
6 4 0.25
7 3 0.015625
8 4 0.25
9 8 0.0625
9 3 0.0625
9 4 0.015625
9 10 0.25
9 11 0.0625
9 15 0.015625
9 36 0.25
9 56 0.0625
9 124 0.25
9 134 0.015625
9 151 0.0625
9 190 0.015625
10 9 0.0625
10 13 0.015625
10 14 0.015625
10 20 0.0625
10 27 0.25
10 32 0.25
10 43 0.0625
10 51 0.25
10 55 0.0625
10 60 0.0625
10 80 0.25
10 81 0.25
10 98 0.015625
10 128 0.0625
11 9 0.0625
11 12 0.0625
11 16 0.015625
11 23 0.0625
11 25 0.0625
11 30 0.25
11 157 0.25
12 11 0.0625
12 18 0.0625
12 23 0.015625
12 30 0.015625
12 115 0.0625
13 10 0.25
13 14 0.25
13 17 0.015625
13 22 0.25
13 27 0.0625
13 47 0.015625
13 59 0.0625
13 99 0.0625
13 107 0.015625
13 155 0.0625
14 10 0.0625
14 13 0.25
14 19 0.0625
14 37 0.0625
14 44 0.25
14 74 0.0625
14 76 0.0625
14 92 0.0625
14 108 0.015625
15 9 0.25
15 31 0.25
15 125 0.25
16 11 0.0625
16 12 0.0625
16 52 0.0625
16 121 0.015625
16 156 0.015625
17 10 0.015625
17 13 0.015625
17 20 0.0625
17 24 0.0625
17 28 0.0625
17 43 0.25
17 75 0.015625
17 88 0.0625
17 109 0.015625
18 12 0.0625
18 11 0.25
18 22 0.015625
18 25 0.0625
18 71 0.0625
19 14 0.015625
19 61 0.25
19 126 0.25
19 368 0.0625
20 10 0.015625
20 17 0.015625
20 33 0.015625
20 35 0.015625
20 136 0.015625
21 16 0.0625
21 34 0.0625
21 79 0.25
21 130 0.0625
21 144 0.0625
22 13 0.015625
22 18 0.0625
23 12 0.015625
23 11 0.0625
23 49 0.25
24 17 0.015625
24 26 0.0625
25 11 0.25
25 18 0.015625
25 33 0.0625
25 40 0.0625
25 93 0.0625
26 24 0.25
26 28 0.0625
26 42 0.015625
26 62 0.25
26 88 0.015625
27 13 0.015625
27 15 0.25
27 10 0.25
27 29 0.0625
27 36 0.0625
27 39 0.25
27 132 0.25
27 172 0.0625
27 176 0.015625
28 17 0.015625
28 20 0.25
28 26 0.25
28 24 0.0625
28 30 0.015625
28 54 0.015625
28 68 0.25
28 115 0.25
29 27 0.25
29 41 0.015625
29 58 0.0625
29 63 0.0625
29 91 0.0625
29 102 0.0625
29 142 0.015625
29 161 0.015625
30 28 0.25
30 11 0.25
30 12 0.015625
30 29 0.0625
30 68 0.25
30 145 0.25
30 168 0.0625
30 190 0.25
31 15 0.015625
31 39 0.25
31 46 0.25
31 61 0.25
31 95 0.25
31 96 0.015625
31 147 0.015625
32 10 0.25
32 13 0.0625
32 67 0.25
32 111 0.015625
32 123 0.25
32 131 0.0625
32 135 0.25
32 150 0.015625
32 170 0.0625
33 25 0.25
33 12 0.015625
33 20 0.015625
33 75 0.25
33 90 0.0625
33 154 0.0625
33 164 0.0625
34 21 0.0625
34 87 0.25
34 144 0.25
35 20 0.015625
36 9 0.25
36 27 0.015625
36 66 0.0625
36 104 0.25
36 124 0.25
37 14 0.015625
37 44 0.015625
37 73 0.25
37 77 0.015625
37 84 0.015625
37 92 0.0625
37 174 0.25
38 127 0.0625
39 27 0.25
39 31 0.25
39 61 0.015625
39 118 0.0625
39 158 0.25
40 25 0.015625
41 29 0.015625
41 71 0.015625
42 26 0.015625
42 24 0.25
43 17 0.015625
43 13 0.015625
43 10 0.25
43 70 0.25
43 166 0.0625
44 37 0.015625
44 14 0.0625
44 163 0.015625
45 100 0.0625
46 31 0.0625
46 95 0.0625
46 147 0.015625
47 13 0.015625
47 50 0.0625
47 70 0.0625
47 148 0.0625
48 159 0.0625
49 23 0.0625
49 11 0.25
49 69 0.0625
49 119 0.015625
49 122 0.015625
49 171 0.0625
50 47 0.0625
50 64 0.25
50 165 0.015625
50 173 0.25
51 10 0.25
51 55 0.015625
52 16 0.25
52 156 0.25
54 28 0.25
55 51 0.015625
55 10 0.015625
56 9 0.0625
56 151 0.25
57 97 0.0625
57 175 0.25
58 29 0.25
59 13 0.015625
60 10 0.0625
60 81 0.25
61 19 0.015625
61 39 0.0625
61 15 0.015625
61 31 0.0625
61 100 0.0625
61 149 0.25
62 26 0.25
62 24 0.25
63 29 0.25
63 58 0.0625
63 91 0.0625
63 142 0.015625
63 161 0.25
64 53 0.25
64 50 0.25
64 103 0.25
64 129 0.015625
65 37 0.25
66 36 0.25
66 100 0.25
67 32 0.015625
67 131 0.25
67 170 0.015625
68 30 0.0625
68 28 0.0625
68 88 0.0625
68 104 0.015625
69 49 0.0625
70 47 0.25
70 43 0.25
71 18 0.015625
71 41 0.015625
71 152 0.25
72 9 0.015625
72 22 0.015625
72 15 0.015625
73 37 0.0625
74 14 0.25
75 17 0.015625
75 13 0.25
75 33 0.0625
75 146 0.0625
76 14 0.25
76 108 0.0625
77 37 0.0625
77 84 0.0625
78 45 0.25
79 21 0.0625
79 87 0.015625
79 115 0.015625
79 144 0.0625
80 43 0.015625
80 10 0.25
80 61 0.25
80 39 0.015625
80 82 0.0625
81 10 0.015625
81 60 0.25
81 86 0.015625
81 94 0.015625
81 113 0.25
81 162 0.0625
82 80 0.25
83 139 0.0625
84 37 0.25
84 77 0.25
84 174 0.25
85 53 0.0625
86 81 0.0625
87 21 0.015625
87 34 0.015625
87 79 0.015625
87 130 0.25
87 144 0.25
88 17 0.25
88 28 0.25
88 26 0.015625
88 68 0.015625
88 112 0.25
88 117 0.0625
89 9 0.0625
90 33 0.25
91 29 0.015625
91 63 0.015625
91 132 0.015625
92 14 0.0625
92 19 0.25
92 37 0.25
92 126 0.0625
93 25 0.015625
93 40 0.25
94 81 0.015625
94 86 0.015625
94 113 0.015625
94 162 0.015625
95 46 0.25
95 31 0.25
96 31 0.0625
96 110 0.25
97 57 0.015625
98 10 0.0625
99 13 0.0625
100 19 0.25
100 61 0.25
100 48 0.25
100 45 0.25
100 66 0.0625
101 116 0.25
102 63 0.0625
102 29 0.015625
103 64 0.015625
104 68 0.0625
104 36 0.015625
105 114 0.0625
107 13 0.25
108 14 0.015625
108 76 0.25
109 17 0.25
110 96 0.25
111 32 0.25
111 67 0.25
112 88 0.0625
112 366 0.0625
113 81 0.0625
113 86 0.0625
113 94 0.0625
113 162 0.25
114 105 0.0625
114 176 0.0625
115 28 0.25
115 12 0.015625
115 79 0.0625
116 101 0.25
117 88 0.0625
118 39 0.0625
119 49 0.015625
119 122 0.015625
119 171 0.25
121 16 0.015625
121 52 0.015625
121 156 0.015625
122 49 0.25
122 119 0.25
123 32 0.25
123 111 0.0625
123 67 0.015625
124 9 0.015625
124 36 0.0625
125 15 0.015625
126 92 0.015625
126 19 0.015625
127 38 0.015625
128 10 0.0625
129 47 0.0625
129 64 0.0625
129 167 0.25
130 21 0.015625
130 79 0.25
130 87 0.015625
130 138 0.015625
130 143 0.25
131 32 0.25
131 67 0.25
132 27 0.25
132 91 0.0625
132 141 0.25
134 9 0.0625
135 131 0.015625
135 32 0.015625
136 20 0.25
137 9 0.015625
137 134 0.015625
138 130 0.0625
139 83 0.0625
139 145 0.25
141 132 0.0625
142 29 0.0625
142 63 0.015625
143 130 0.015625
144 87 0.0625
144 79 0.25
144 21 0.015625
144 34 0.25
145 139 0.015625
145 30 0.015625
146 75 0.0625
147 46 0.0625
147 31 0.015625
148 67 0.25
148 81 0.0625
148 32 0.0625
148 47 0.25
149 61 0.25
150 32 0.0625
150 67 0.25
151 56 0.015625
151 9 0.0625
152 71 0.25
154 90 0.25
154 33 0.25
155 13 0.25
155 99 0.25
155 107 0.25
156 52 0.0625
156 16 0.015625
156 121 0.25
157 11 0.25
157 12 0.0625
158 39 0.25
158 118 0.25
159 48 0.0625
160 22 0.25
161 58 0.0625
161 29 0.015625
161 63 0.25
162 94 0.0625
162 81 0.0625
162 86 0.25
162 113 0.015625
163 44 0.25
164 33 0.0625
165 50 0.25
165 210 0.25
166 43 0.0625
167 129 0.0625
168 30 0.0625
170 67 0.25
170 32 0.0625
170 150 0.015625
171 49 0.015625
171 119 0.0625
172 27 0.0625
172 41 0.0625
172 147 0.0625
173 50 0.015625
173 165 0.0625
174 84 0.0625
174 37 0.015625
175 57 0.25
175 97 0.25
176 27 0.25
176 114 0.25
176 10 0.25
176 36 0.015625
176 178 0.25
176 179 0.25
176 187 0.0625
177 176 0.0625
177 179 0.0625
177 180 0.015625
177 183 0.25
177 186 0.015625
178 176 0.25
178 180 0.015625
178 187 0.25
179 176 0.0625
179 177 0.015625
179 181 0.25
179 182 0.015625
179 188 0.25
180 178 0.25
180 177 0.0625
180 183 0.0625
180 186 0.0625
181 179 0.015625
181 182 0.015625
182 179 0.0625
182 181 0.015625
182 184 0.25
182 366 0.0625
183 177 0.25
183 180 0.25
184 182 0.0625
184 185 0.0625
185 184 0.25
186 177 0.25
186 176 0.25
186 180 0.25
187 178 0.0625
187 176 0.25
188 179 0.25
188 181 0.0625
189 181 0.25
190 151 0.25
190 9 0.015625
190 30 0.015625
190 147 0.0625
190 191 0.25
190 192 0.015625
190 193 0.015625
190 198 0.25
190 199 0.0625
190 205 0.25
191 190 0.015625
191 194 0.25
191 195 0.0625
191 196 0.25
191 204 0.25
191 205 0.015625
192 190 0.25
193 190 0.25
193 197 0.015625
193 199 0.25
193 201 0.25
193 204 0.015625
194 191 0.015625
194 196 0.015625
195 191 0.0625
195 205 0.0625
195 210 0.0625
196 191 0.25
196 194 0.25
197 193 0.25
197 198 0.015625
197 200 0.015625
197 201 0.015625
198 190 0.0625
198 197 0.015625
198 202 0.25
199 190 0.015625
199 193 0.25
200 197 0.015625
201 197 0.0625
201 193 0.015625
202 198 0.015625
204 191 0.0625
204 193 0.0625
205 195 0.015625
205 190 0.015625
205 201 0.0625
205 191 0.015625
206 207 0.0625
207 206 0.25
207 209 0.015625
209 207 0.0625
210 148 0.015625
210 165 0.25
210 195 0.015625
210 22 0.0625
210 211 0.0625
211 210 0.0625
212 184 0.25
212 195 0.0625
212 100 0.015625
212 213 0.0625
212 254 0.0625
212 262 0.015625
212 264 0.015625
212 267 0.015625
213 212 0.0625
213 214 0.015625
213 215 0.25
213 218 0.015625
213 268 0.0625
213 392 0.015625
214 213 0.25
214 216 0.0625
214 220 0.0625
214 221 0.25
214 229 0.25
214 233 0.25
214 266 0.0625
215 213 0.015625
215 217 0.25
215 245 0.015625
215 248 0.25
215 271 0.25
215 292 0.015625
216 214 0.0625
216 221 0.25
216 222 0.25
216 230 0.015625
216 231 0.015625
216 279 0.0625
217 215 0.015625
217 283 0.25
217 295 0.0625
218 213 0.25
218 273 0.015625
218 276 0.25
218 319 0.015625
219 222 0.015625
219 225 0.015625
219 270 0.015625
220 214 0.015625
220 222 0.0625
220 224 0.0625
220 250 0.015625
220 321 0.25
221 214 0.25
221 216 0.25
221 230 0.0625
221 241 0.0625
221 242 0.25
221 361 0.0625
222 220 0.0625
222 219 0.0625
222 216 0.0625
222 320 0.0625
223 226 0.015625
224 214 0.25
224 220 0.015625
225 219 0.25
225 234 0.25
226 223 0.0625
226 229 0.0625
226 275 0.015625
227 213 0.25
227 218 0.015625
227 238 0.0625
227 243 0.015625
227 253 0.25
227 259 0.015625
227 287 0.015625
227 302 0.015625
228 214 0.25
228 266 0.25
229 214 0.25
229 226 0.015625
229 260 0.0625
229 339 0.015625
229 347 0.015625
230 216 0.0625
230 214 0.0625
230 221 0.015625
230 266 0.015625
230 294 0.0625
230 322 0.015625
231 216 0.0625
231 279 0.015625
232 239 0.015625
232 301 0.25
232 309 0.25
232 315 0.015625
232 334 0.0625
232 357 0.015625
233 228 0.015625
233 214 0.015625
234 225 0.015625
235 224 0.0625
235 259 0.015625
235 269 0.015625
236 254 0.0625
236 328 0.015625
236 338 0.015625
237 342 0.25
237 350 0.25
238 227 0.25
238 259 0.25
238 303 0.015625
239 232 0.015625
239 217 0.25
240 242 0.25
240 249 0.0625
240 293 0.015625
240 348 0.25
240 381 0.015625
241 215 0.25
241 221 0.0625
241 246 0.015625
241 249 0.015625
242 221 0.25
242 240 0.0625
242 331 0.25
242 365 0.0625
243 227 0.0625
243 213 0.015625
243 302 0.0625
244 281 0.015625
244 326 0.0625
245 215 0.25
245 292 0.25
246 241 0.0625
246 285 0.015625
247 226 0.015625
247 275 0.0625
247 288 0.015625
247 333 0.0625
247 355 0.015625
248 215 0.015625
248 258 0.015625
248 265 0.0625
248 291 0.0625
248 325 0.015625
249 240 0.0625
249 241 0.0625
249 242 0.0625
249 271 0.015625
249 299 0.015625
249 307 0.0625
249 336 0.015625
250 220 0.015625
250 266 0.015625
251 310 0.015625
252 261 0.015625
253 238 0.25
253 227 0.25
253 259 0.0625
253 287 0.0625
253 303 0.015625
254 236 0.25
254 212 0.0625
254 256 0.25
254 267 0.015625
256 254 0.25
257 251 0.0625
258 248 0.015625
259 253 0.0625
259 238 0.25
259 227 0.0625
259 235 0.015625
259 278 0.0625
259 290 0.0625
259 307 0.0625
260 229 0.25
261 252 0.0625
262 212 0.0625
263 323 0.0625
263 332 0.015625
264 212 0.0625
265 248 0.015625
265 258 0.25
266 228 0.25
266 214 0.0625
266 230 0.015625
266 250 0.25
267 254 0.25
267 212 0.0625
268 261 0.015625
268 213 0.0625
268 218 0.0625
268 305 0.0625
269 235 0.0625
269 360 0.0625
270 219 0.015625
271 249 0.25
271 215 0.015625
272 288 0.015625
272 333 0.015625
273 218 0.0625
274 280 0.015625
274 284 0.0625
275 247 0.0625
275 226 0.25
275 277 0.25
275 314 0.25
275 338 0.25
276 218 0.015625
276 227 0.015625
276 286 0.015625
277 275 0.0625
278 259 0.25
278 351 0.25
279 216 0.015625
279 231 0.25
279 315 0.015625
280 274 0.25
281 244 0.0625
281 326 0.0625
282 269 0.25
282 340 0.015625
282 358 0.0625
283 217 0.015625
284 274 0.0625
284 289 0.015625
285 246 0.0625
286 276 0.25
287 227 0.0625
287 253 0.0625
288 272 0.25
288 247 0.25
289 274 0.0625
289 284 0.25
289 317 0.015625
290 259 0.015625
290 278 0.0625
291 248 0.25
291 318 0.0625
291 325 0.015625
292 215 0.015625
292 245 0.0625
293 240 0.015625
294 230 0.015625
294 266 0.25
294 322 0.0625
295 217 0.25
295 324 0.25
296 256 0.0625
296 264 0.015625
296 341 0.25
296 343 0.015625
297 312 0.25
299 249 0.0625
299 336 0.015625
300 252 0.0625
301 232 0.0625
302 243 0.015625
302 227 0.25
303 253 0.015625
303 238 0.0625
305 268 0.0625
307 259 0.25
307 294 0.25
307 249 0.25
308 297 0.0625
309 301 0.25
309 232 0.015625
309 315 0.25
309 334 0.0625
310 251 0.0625
310 317 0.25
311 223 0.25
312 297 0.25
314 275 0.25
315 232 0.0625
315 279 0.0625
315 309 0.0625
316 306 0.0625
317 310 0.25
317 289 0.25
317 353 0.015625
317 364 0.015625
318 258 0.25
318 291 0.25
318 325 0.0625
319 213 0.25
319 218 0.25
320 222 0.0625
321 220 0.015625
322 294 0.0625
322 230 0.25
323 263 0.0625
323 321 0.25
323 283 0.0625
324 263 0.25
324 295 0.25
325 291 0.0625
325 248 0.0625
325 318 0.015625
326 281 0.015625
326 244 0.0625
326 361 0.015625
328 236 0.015625
329 313 0.015625
331 242 0.0625
331 350 0.015625
332 263 0.25
333 247 0.015625
333 272 0.015625
334 232 0.0625
334 309 0.015625
336 249 0.25
336 299 0.015625
338 275 0.015625
338 236 0.25
338 362 0.25
339 229 0.0625
340 282 0.0625
340 358 0.015625
341 296 0.0625
341 343 0.0625
342 237 0.25
343 296 0.25
343 341 0.015625
344 300 0.25
345 242 0.015625
345 342 0.0625
345 306 0.015625
347 229 0.25
348 240 0.25
349 284 0.0625
349 274 0.25
349 356 0.0625
350 242 0.0625
350 237 0.0625
350 331 0.0625
350 221 0.25
351 278 0.25
351 259 0.015625
352 344 0.0625
353 317 0.015625
353 364 0.015625
355 247 0.0625
355 272 0.25
356 212 0.25
356 349 0.0625
357 232 0.25
357 309 0.015625
358 282 0.25
358 340 0.015625
359 238 0.25
359 227 0.015625
360 269 0.25
361 221 0.0625
361 326 0.015625
362 338 0.0625
364 317 0.015625
364 353 0.015625
365 242 0.25
365 331 0.25
366 182 0.0625
366 348 0.0625
366 112 0.015625
366 338 0.015625
366 197 0.0625
366 367 0.0625
367 366 0.0625
368 350 0.0625
368 19 0.015625
368 20 0.015625
368 81 0.015625
368 369 0.0625
368 370 0.0625
368 371 0.25
369 368 0.25
369 373 0.25
369 375 0.0625
369 376 0.25
369 377 0.0625
370 368 0.0625
371 368 0.25
371 373 0.0625
371 375 0.25
371 378 0.015625
372 374 0.015625
372 380 0.25
373 371 0.015625
373 369 0.25
374 372 0.25
374 375 0.0625
375 374 0.015625
375 369 0.0625
375 371 0.25
376 369 0.0625
377 369 0.015625
378 371 0.015625
380 372 0.0625
381 240 0.0625
381 275 0.015625
381 249 0.25
381 382 0.25
382 381 0.015625
383 388 0.25
385 386 0.0625
385 387 0.0625
386 385 0.015625
386 390 0.25
387 385 0.25
388 383 0.0625
389 391 0.0625
390 386 0.25
391 389 0.0625
392 230 0.25
392 213 0.25
392 359 0.25
392 180 0.25
392 393 0.25
392 395 0.015625
393 392 0.015625
393 394 0.25
393 395 0.0625
393 398 0.0625
394 393 0.0625
394 397 0.015625
395 392 0.0625
395 393 0.015625
395 396 0.0625
395 399 0.0625
396 395 0.015625
397 394 0.015625
398 393 0.25
398 399 0.015625
399 398 0.25
399 395 0.0625
