400
0 1 0.0625
0 2 0.5
1 0 0.0625
2 0 0.5
2 3 0.5
3 2 0.5
4 5 0.0625
4 7 0.5
4 8 0.5
5 4 0.015625
5 6 0.5
6 5 0.015625
7 4 0.0625
8 7 0.5
8 5 0.5
8 4 0.5
8 9 0.0625
8 10 0.0625
8 15 0.015625
8 35 0.0625
8 56 0.015625
8 156 0.5
8 193 0.5
9 8 0.0625
9 13 0.015625
9 14 0.5
9 18 0.015625
9 27 0.5
9 33 0.0625
9 46 0.015625
9 55 0.015625
9 80 0.5
9 82 0.015625
9 98 0.5
9 129 0.0625
10 8 0.5
10 11 0.015625
10 16 0.015625
10 21 0.0625
10 24 0.5
10 25 0.015625
10 31 0.0625
10 162 0.0625
11 10 0.5
11 12 0.5
11 21 0.5
11 25 0.015625
11 31 0.0625
11 116 0.0625
11 120 0.015625
12 10 0.015625
12 11 0.5
12 37 0.5
12 83 0.5
13 9 0.0625
13 14 0.0625
13 17 0.015625
13 20 0.5
13 27 0.0625
13 49 0.0625
13 60 0.015625
13 64 0.5
13 99 0.0625
13 108 0.0625
13 114 0.0625
13 141 0.0625
13 158 0.015625
13 160 0.0625
14 9 0.5
14 13 0.0625
14 47 0.015625
14 96 0.0625
14 206 0.015625
15 8 0.0625
15 32 0.0625
15 126 0.0625
15 133 0.5
16 10 0.0625
16 11 0.015625
16 159 0.5
17 9 0.015625
17 13 0.0625
17 18 0.5
17 23 0.5
17 28 0.0625
17 46 0.0625
17 74 0.5
17 75 0.0625
17 81 0.5
17 89 0.015625
17 109 0.5
18 9 0.5
18 17 0.5
18 34 0.015625
18 140 0.015625
18 142 0.015625
19 16 0.0625
19 79 0.015625
19 134 0.015625
19 149 0.5
20 13 0.0625
21 11 0.015625
21 10 0.015625
21 30 0.5
21 130 0.5
23 17 0.0625
23 26 0.5
24 10 0.5
24 40 0.0625
24 93 0.5
24 123 0.015625
25 10 0.015625
25 11 0.0625
26 23 0.5
26 28 0.0625
26 45 0.5
26 63 0.0625
26 89 0.5
27 13 0.015625
27 15 0.015625
27 9 0.015625
27 29 0.015625
27 35 0.5
27 38 0.5
27 136 0.0625
27 177 0.015625
27 180 0.5
28 17 0.015625
28 18 0.0625
28 26 0.0625
28 23 0.015625
28 31 0.015625
28 54 0.5
28 58 0.0625
28 68 0.0625
28 116 0.0625
29 27 0.5
29 42 0.0625
29 59 0.5
29 65 0.015625
29 75 0.0625
29 92 0.0625
29 103 0.015625
29 148 0.5
29 167 0.015625
30 21 0.0625
30 16 0.015625
30 39 0.015625
30 97 0.5
30 134 0.5
30 138 0.015625
30 178 0.015625
31 28 0.0625
31 10 0.5
31 11 0.0625
31 29 0.0625
31 61 0.5
31 68 0.5
31 150 0.015625
31 173 0.0625
31 193 0.015625
32 15 0.0625
32 36 0.0625
32 38 0.0625
32 62 0.5
32 95 0.0625
32 152 0.015625
33 9 0.5
33 13 0.5
33 43 0.015625
33 67 0.5
33 111 0.0625
33 125 0.015625
33 135 0.5
33 139 0.5
33 175 0.5
34 18 0.0625
34 142 0.5
35 8 0.015625
35 27 0.0625
35 105 0.0625
36 14 0.0625
36 32 0.0625
36 44 0.015625
36 50 0.5
36 70 0.5
36 78 0.0625
36 122 0.015625
36 145 0.015625
37 12 0.015625
37 128 0.015625
38 27 0.0625
38 32 0.0625
38 62 0.5
38 119 0.015625
38 163 0.0625
39 30 0.015625
39 57 0.5
39 134 0.015625
39 178 0.015625
40 24 0.0625
41 18 0.5
41 9 0.015625
41 34 0.0625
41 68 0.0625
41 84 0.0625
41 106 0.0625
41 115 0.015625
42 29 0.0625
42 72 0.015625
43 33 0.015625
43 62 0.015625
43 67 0.5
43 111 0.5
43 175 0.0625
44 36 0.5
44 48 0.015625
44 50 0.015625
44 53 0.015625
44 66 0.015625
44 78 0.0625
44 86 0.015625
45 26 0.015625
45 23 0.015625
46 17 0.015625
46 13 0.0625
46 9 0.015625
46 71 0.0625
46 171 0.015625
47 36 0.5
47 14 0.5
47 169 0.0625
48 44 0.015625
48 101 0.5
49 13 0.0625
49 51 0.015625
49 71 0.0625
49 100 0.0625
49 154 0.0625
50 44 0.015625
50 36 0.0625
50 165 0.0625
51 49 0.0625
51 52 0.015625
51 170 0.015625
52 51 0.5
53 44 0.0625
54 28 0.015625
55 9 0.5
56 8 0.0625
56 156 0.5
57 39 0.0625
57 30 0.015625
57 97 0.0625
57 138 0.5
57 178 0.015625
58 28 0.5
58 54 0.0625
58 107 0.5
59 29 0.015625
60 13 0.015625
61 31 0.015625
61 150 0.5
62 43 0.0625
62 38 0.5
62 15 0.015625
62 32 0.015625
62 101 0.0625
62 155 0.0625
63 26 0.0625
63 23 0.0625
64 13 0.0625
64 108 0.015625
64 114 0.0625
64 160 0.0625
65 29 0.015625
65 59 0.015625
65 92 0.015625
65 148 0.5
65 167 0.0625
66 44 0.5
67 43 0.5
67 33 0.015625
67 135 0.5
67 175 0.015625
68 41 0.0625
68 31 0.5
68 28 0.5
68 77 0.5
68 89 0.0625
68 105 0.015625
69 77 0.0625
70 36 0.0625
70 102 0.5
70 110 0.5
70 117 0.0625
71 49 0.015625
71 46 0.0625
72 42 0.0625
72 38 0.5
73 8 0.5
73 20 0.0625
73 15 0.0625
74 17 0.0625
74 13 0.5
74 147 0.5
74 151 0.0625
74 168 0.015625
75 26 0.015625
75 17 0.015625
75 29 0.5
75 92 0.5
75 103 0.0625
76 85 0.0625
77 68 0.0625
77 69 0.5
77 90 0.0625
78 44 0.0625
78 48 0.015625
78 36 0.0625
79 19 0.0625
79 88 0.015625
79 116 0.015625
79 149 0.0625
80 46 0.015625
80 9 0.5
80 62 0.015625
80 38 0.015625
81 17 0.5
82 9 0.5
82 87 0.0625
82 94 0.0625
82 113 0.015625
82 164 0.015625
83 12 0.5
84 41 0.0625
84 112 0.5
85 76 0.015625
86 44 0.015625
86 53 0.5
87 82 0.015625
87 386 0.015625
88 19 0.0625
88 79 0.015625
88 134 0.0625
88 149 0.0625
89 17 0.0625
89 28 0.0625
89 26 0.0625
89 68 0.5
89 112 0.5
89 118 0.0625
90 77 0.5
90 8 0.0625
91 131 0.5
92 75 0.0625
92 29 0.5
92 65 0.5
92 136 0.0625
93 24 0.015625
93 40 0.5
94 82 0.5
94 87 0.5
94 113 0.0625
94 164 0.015625
95 32 0.5
95 110 0.015625
96 52 0.0625
96 14 0.5
96 66 0.0625
96 137 0.0625
96 206 0.0625
97 57 0.0625
97 30 0.5
98 9 0.0625
99 13 0.015625
99 64 0.0625
99 141 0.015625
100 49 0.015625
101 62 0.0625
101 50 0.015625
101 48 0.015625
102 70 0.0625
102 117 0.015625
103 65 0.0625
103 29 0.5
103 75 0.0625
103 72 0.0625
105 68 0.5
105 35 0.015625
106 41 0.015625
106 84 0.015625
106 115 0.015625
107 58 0.0625
108 13 0.0625
108 64 0.0625
109 81 0.0625
109 17 0.5
110 70 0.5
110 95 0.5
111 33 0.5
111 43 0.5
111 67 0.0625
112 75 0.015625
112 84 0.0625
112 89 0.0625
112 41 0.0625
112 370 0.0625
113 82 0.015625
113 87 0.015625
113 94 0.0625
113 164 0.5
114 13 0.015625
114 64 0.0625
115 84 0.015625
115 106 0.015625
115 41 0.015625
115 180 0.0625
116 28 0.0625
116 11 0.015625
116 79 0.0625
117 70 0.5
117 102 0.5
118 89 0.5
119 38 0.0625
120 11 0.5
120 10 0.0625
121 124 0.015625
121 176 0.015625
122 36 0.5
123 24 0.015625
123 93 0.0625
124 121 0.0625
125 33 0.0625
125 43 0.0625
125 111 0.015625
125 67 0.5
126 15 0.5
128 37 0.0625
129 9 0.5
130 21 0.015625
131 91 0.0625
132 49 0.015625
132 100 0.0625
132 172 0.015625
133 15 0.5
134 19 0.0625
134 79 0.015625
134 30 0.5
134 39 0.5
134 88 0.5
134 144 0.5
135 43 0.5
135 33 0.5
135 67 0.015625
136 27 0.015625
136 92 0.5
137 96 0.0625
138 57 0.5
138 30 0.5
138 39 0.5
139 135 0.0625
139 33 0.5
140 18 0.015625
141 108 0.0625
141 13 0.5
141 99 0.015625
142 34 0.0625
142 140 0.015625
142 18 0.015625
143 8 0.015625
144 134 0.5
145 36 0.015625
145 211 0.015625
147 74 0.0625
147 151 0.5
148 29 0.5
148 65 0.015625
149 88 0.0625
149 79 0.5
149 19 0.0625
150 31 0.5
150 61 0.0625
151 147 0.0625
151 74 0.5
152 32 0.0625
153 48 0.015625
154 67 0.0625
154 43 0.015625
154 82 0.0625
154 33 0.015625
154 49 0.5
155 62 0.015625
156 56 0.0625
156 8 0.5
158 13 0.015625
158 99 0.0625
158 108 0.015625
159 16 0.5
160 13 0.5
160 64 0.015625
161 80 0.015625
162 10 0.5
162 11 0.5
162 120 0.0625
163 38 0.0625
163 119 0.015625
164 82 0.0625
164 94 0.0625
164 113 0.5
165 50 0.015625
166 20 0.5
167 59 0.0625
167 29 0.0625
167 65 0.5
168 151 0.5
168 74 0.015625
169 47 0.5
170 51 0.015625
170 209 0.015625
171 46 0.5
172 132 0.5
173 31 0.015625
175 67 0.5
175 33 0.015625
175 43 0.015625
176 121 0.0625
177 27 0.0625
177 42 0.5
177 152 0.015625
178 39 0.5
178 57 0.0625
178 30 0.5
178 97 0.5
179 136 0.015625
180 27 0.015625
180 115 0.0625
180 9 0.0625
180 35 0.0625
180 182 0.015625
180 183 0.015625
181 180 0.5
181 183 0.015625
181 184 0.0625
181 187 0.015625
181 190 0.015625
182 180 0.5
182 184 0.0625
183 180 0.0625
183 181 0.5
183 185 0.5
183 186 0.5
183 191 0.0625
184 182 0.0625
184 181 0.015625
184 187 0.015625
184 190 0.0625
185 183 0.015625
185 186 0.015625
186 183 0.5
186 185 0.015625
186 188 0.015625
186 370 0.015625
187 181 0.5
187 184 0.5
187 192 0.5
188 186 0.5
188 189 0.015625
189 188 0.015625
190 181 0.5
190 180 0.5
190 184 0.0625
191 183 0.015625
191 185 0.5
192 187 0.5
193 43 0.015625
193 156 0.0625
193 8 0.015625
193 31 0.5
193 152 0.015625
193 194 0.015625
193 197 0.015625
193 198 0.0625
193 205 0.0625
194 193 0.015625
194 196 0.5
194 198 0.015625
194 200 0.0625
194 201 0.5
194 204 0.5
196 194 0.5
196 197 0.0625
196 199 0.5
196 200 0.5
197 193 0.5
197 196 0.015625
198 193 0.0625
198 194 0.0625
199 196 0.5
200 196 0.0625
200 194 0.015625
201 194 0.015625
201 202 0.015625
201 203 0.015625
202 201 0.015625
202 203 0.0625
203 202 0.015625
203 201 0.0625
204 194 0.015625
205 193 0.015625
205 200 0.015625
206 14 0.5
206 70 0.5
206 127 0.0625
206 96 0.015625
206 208 0.5
208 206 0.0625
209 154 0.5
209 170 0.015625
209 20 0.0625
209 100 0.015625
209 210 0.5
210 209 0.015625
211 96 0.0625
211 145 0.5
211 188 0.0625
211 101 0.5
211 213 0.5
211 251 0.015625
211 256 0.0625
211 266 0.0625
211 269 0.015625
211 275 0.0625
212 216 0.5
212 218 0.0625
212 219 0.0625
212 224 0.5
212 226 0.015625
212 230 0.5
212 271 0.0625
213 211 0.5
213 217 0.5
213 222 0.015625
213 235 0.0625
213 254 0.5
213 258 0.5
213 307 0.015625
213 329 0.015625
214 246 0.5
214 279 0.5
214 299 0.0625
215 281 0.0625
215 283 0.015625
215 331 0.0625
216 212 0.015625
216 217 0.5
216 221 0.0625
216 224 0.015625
216 226 0.5
216 229 0.0625
216 231 0.0625
216 245 0.0625
216 280 0.015625
216 293 0.5
216 294 0.5
216 323 0.015625
216 339 0.5
216 358 0.0625
216 386 0.015625
217 216 0.0625
217 213 0.0625
217 222 0.0625
217 278 0.0625
218 212 0.0625
218 220 0.0625
218 252 0.015625
219 212 0.015625
219 227 0.0625
219 239 0.015625
219 240 0.5
219 241 0.015625
219 364 0.015625
220 212 0.015625
220 218 0.0625
220 233 0.5
221 216 0.5
221 229 0.5
221 257 0.015625
221 261 0.0625
221 327 0.5
222 217 0.015625
222 213 0.0625
222 232 0.015625
222 250 0.5
223 215 0.015625
223 236 0.0625
223 242 0.0625
223 255 0.5
223 260 0.5
223 311 0.0625
223 338 0.015625
224 216 0.5
224 212 0.5
224 231 0.015625
224 311 0.015625
224 341 0.0625
225 212 0.0625
225 271 0.0625
226 212 0.5
226 216 0.5
226 262 0.5
226 343 0.5
227 212 0.0625
227 219 0.5
227 271 0.5
227 302 0.5
227 333 0.015625
228 253 0.0625
228 286 0.5
229 216 0.5
229 221 0.5
229 237 0.0625
229 248 0.015625
229 310 0.015625
229 318 0.015625
229 327 0.0625
229 340 0.5
229 360 0.015625
230 225 0.5
230 212 0.015625
231 224 0.5
231 216 0.5
231 352 0.5
232 222 0.5
233 220 0.5
233 234 0.5
233 290 0.015625
233 302 0.015625
234 220 0.0625
234 233 0.0625
234 260 0.5
234 277 0.015625
235 213 0.0625
235 347 0.015625
236 223 0.5
236 260 0.5
236 312 0.0625
237 229 0.0625
238 216 0.015625
238 241 0.5
238 249 0.015625
238 263 0.5
238 268 0.015625
238 300 0.0625
238 322 0.0625
238 384 0.015625
239 214 0.0625
239 219 0.5
239 243 0.5
239 249 0.0625
240 219 0.015625
240 241 0.5
240 249 0.015625
240 298 0.5
240 325 0.015625
241 240 0.0625
241 219 0.5
241 238 0.015625
241 369 0.0625
242 223 0.015625
242 224 0.0625
242 311 0.5
243 239 0.015625
243 250 0.015625
244 215 0.0625
244 283 0.5
244 289 0.5
245 216 0.5
245 295 0.0625
245 339 0.015625
245 358 0.0625
246 214 0.5
246 270 0.5
246 287 0.0625
246 336 0.0625
247 228 0.015625
248 229 0.0625
248 216 0.0625
248 264 0.015625
248 306 0.5
248 324 0.015625
249 240 0.015625
249 238 0.5
249 239 0.5
249 241 0.015625
249 279 0.5
249 308 0.015625
249 317 0.0625
249 342 0.015625
250 229 0.0625
250 243 0.5
250 222 0.0625
251 211 0.5
251 282 0.0625
251 292 0.0625
251 296 0.015625
251 354 0.5
252 218 0.5
252 271 0.5
252 298 0.5
253 224 0.015625
253 239 0.0625
253 228 0.5
253 309 0.015625
253 350 0.015625
253 355 0.015625
254 213 0.015625
254 319 0.0625
255 236 0.0625
255 223 0.0625
255 260 0.0625
255 312 0.5
255 338 0.5
256 211 0.5
256 257 0.5
256 275 0.015625
257 221 0.5
257 256 0.0625
258 213 0.0625
258 254 0.5
259 267 0.5
259 335 0.015625
260 255 0.0625
260 236 0.5
260 223 0.0625
260 234 0.5
260 272 0.0625
260 285 0.015625
260 297 0.5
260 317 0.5
261 221 0.5
262 226 0.5
263 241 0.0625
263 238 0.0625
263 316 0.015625
263 328 0.0625
263 351 0.5
264 248 0.5
264 306 0.015625
265 264 0.0625
265 231 0.015625
265 253 0.015625
266 211 0.015625
267 259 0.0625
267 334 0.015625
268 238 0.5
269 211 0.5
270 246 0.015625
271 225 0.0625
271 212 0.0625
271 227 0.0625
271 252 0.0625
272 260 0.015625
272 273 0.015625
272 357 0.5
272 368 0.0625
273 272 0.5
273 274 0.015625
273 281 0.0625
273 368 0.0625
274 273 0.015625
274 214 0.0625
274 249 0.0625
275 256 0.015625
275 211 0.015625
276 265 0.015625
276 215 0.0625
276 315 0.015625
276 346 0.0625
277 234 0.0625
277 321 0.015625
277 363 0.0625
278 217 0.0625
279 249 0.0625
279 214 0.0625
280 216 0.5
280 295 0.015625
280 339 0.0625
281 273 0.0625
281 215 0.0625
281 272 0.0625
282 251 0.015625
282 292 0.015625
283 215 0.0625
283 223 0.5
283 244 0.5
285 260 0.0625
286 228 0.0625
286 327 0.015625
287 246 0.0625
287 330 0.0625
289 244 0.0625
289 215 0.0625
290 233 0.5
290 277 0.015625
290 344 0.015625
290 361 0.5
292 251 0.015625
292 282 0.0625
292 296 0.0625
293 216 0.0625
294 268 0.015625
294 216 0.5
294 280 0.5
295 280 0.0625
295 216 0.5
295 245 0.015625
296 251 0.5
296 282 0.5
296 292 0.0625
296 329 0.5
297 260 0.015625
297 285 0.5
298 252 0.0625
298 218 0.0625
298 240 0.0625
298 313 0.015625
299 214 0.5
300 263 0.0625
300 238 0.015625
300 322 0.015625
302 227 0.015625
302 271 0.5
302 233 0.015625
302 333 0.0625
303 216 0.0625
304 335 0.0625
305 257 0.0625
305 269 0.015625
305 345 0.015625
305 349 0.0625
306 248 0.0625
306 264 0.0625
306 324 0.0625
307 213 0.0625
308 249 0.0625
308 342 0.015625
309 253 0.0625
310 229 0.015625
311 242 0.0625
311 223 0.5
311 224 0.015625
312 255 0.5
312 236 0.015625
312 338 0.5
313 298 0.5
315 276 0.015625
315 346 0.0625
316 263 0.5
317 260 0.0625
317 274 0.015625
317 302 0.5
317 249 0.015625
318 310 0.015625
318 229 0.5
318 327 0.5
318 340 0.0625
319 254 0.015625
319 329 0.0625
320 366 0.0625
321 277 0.015625
322 238 0.015625
322 300 0.5
322 337 0.015625
323 216 0.015625
324 264 0.015625
324 248 0.015625
324 306 0.015625
325 240 0.0625
327 229 0.015625
327 286 0.0625
327 221 0.5
327 318 0.5
328 263 0.0625
328 316 0.015625
329 213 0.5
329 319 0.5
329 296 0.5
329 356 0.5
329 367 0.015625
330 287 0.015625
330 336 0.0625
331 215 0.0625
333 302 0.5
333 227 0.5
334 267 0.0625
334 291 0.0625
334 216 0.0625
334 259 0.0625
335 267 0.5
335 259 0.0625
335 304 0.015625
336 246 0.015625
336 330 0.5
337 322 0.5
338 312 0.015625
338 223 0.015625
338 255 0.0625
338 362 0.015625
339 245 0.0625
339 216 0.5
339 280 0.015625
340 229 0.015625
340 318 0.5
341 224 0.015625
342 249 0.5
342 308 0.015625
343 226 0.0625
344 290 0.015625
344 361 0.5
345 305 0.015625
345 349 0.0625
346 315 0.5
346 276 0.0625
347 235 0.0625
348 248 0.0625
348 306 0.0625
348 324 0.5
348 264 0.5
349 305 0.0625
349 345 0.5
350 253 0.015625
350 309 0.015625
351 263 0.015625
351 241 0.015625
351 347 0.5
351 316 0.0625
351 353 0.5
352 231 0.5
353 351 0.0625
354 251 0.5
354 292 0.5
354 282 0.0625
354 359 0.0625
355 253 0.5
355 350 0.015625
356 329 0.0625
356 367 0.015625
357 272 0.0625
357 273 0.5
358 216 0.0625
358 245 0.5
358 303 0.0625
358 280 0.5
359 211 0.015625
359 354 0.5
360 229 0.0625
360 318 0.0625
361 290 0.0625
361 344 0.015625
362 236 0.015625
362 338 0.0625
362 223 0.0625
363 277 0.0625
364 219 0.5
366 320 0.015625
367 329 0.0625
367 356 0.5
368 272 0.5
368 273 0.5
369 241 0.0625
370 186 0.5
370 112 0.015625
370 196 0.0625
370 371 0.5
371 370 0.015625
372 114 0.015625
372 18 0.5
372 82 0.5
372 373 0.015625
372 374 0.5
373 372 0.5
373 375 0.5
373 377 0.015625
373 379 0.015625
373 380 0.0625
373 381 0.015625
374 372 0.5
374 377 0.0625
374 379 0.5
375 373 0.5
375 376 0.0625
375 378 0.5
375 383 0.015625
376 375 0.0625
376 378 0.0625
376 383 0.015625
377 374 0.015625
377 373 0.015625
378 376 0.0625
378 375 0.015625
378 379 0.5
379 378 0.015625
379 373 0.015625
379 374 0.5
380 373 0.0625
380 382 0.5
381 373 0.0625
382 380 0.0625
383 375 0.015625
383 376 0.0625
384 263 0.0625
384 238 0.5
384 249 0.5
384 385 0.5
385 384 0.0625
386 216 0.0625
386 318 0.5
386 87 0.5
386 387 0.5
386 389 0.5
386 392 0.0625
387 386 0.5
387 388 0.015625
388 387 0.5
389 386 0.015625
389 390 0.0625
390 389 0.5
392 386 0.5
394 395 0.015625
394 396 0.015625
394 398 0.0625
395 394 0.015625
396 394 0.5
396 397 0.015625
396 399 0.015625
397 396 0.0625
398 394 0.015625
398 399 0.5
399 398 0.0625
399 396 0.0625
