200
0 1 0.25
1 0 0.015625
1 2 0.0625
1 3 0.015625
1 5 0.0625
1 13 0.015625
1 62 0.25
1 69 0.0625
1 98 0.0625
2 1 0.0625
2 10 0.015625
2 20 0.25
2 39 0.25
2 40 0.015625
2 49 0.0625
2 65 0.0625
3 1 0.0625
3 4 0.0625
3 8 0.015625
3 83 0.015625
4 3 0.25
4 6 0.015625
4 8 0.0625
4 59 0.25
5 1 0.0625
5 9 0.0625
5 63 0.015625
6 4 0.0625
6 3 0.25
6 34 0.25
7 30 0.0625
7 183 0.0625
8 4 0.25
8 3 0.015625
9 5 0.015625
9 14 0.0625
9 16 0.25
9 30 0.015625
10 2 0.0625
10 19 0.015625
10 66 0.015625
11 4 0.25
11 36 0.015625
11 44 0.015625
11 82 0.0625
12 77 0.015625
13 1 0.0625
13 62 0.015625
14 7 0.0625
14 9 0.25
14 24 0.015625
14 38 0.015625
15 64 0.25
16 9 0.015625
16 30 0.25
16 84 0.25
18 2 0.015625
18 54 0.25
19 10 0.015625
19 30 0.25
20 2 0.015625
21 14 0.0625
22 51 0.25
23 25 0.25
24 14 0.25
24 85 0.0625
25 23 0.015625
25 32 0.015625
25 88 0.0625
27 48 0.015625
28 12 0.015625
28 55 0.25
29 78 0.25
30 19 0.0625
30 7 0.25
30 16 0.25
30 5 0.25
30 9 0.25
30 51 0.25
31 45 0.015625
31 76 0.0625
32 26 0.015625
32 25 0.015625
33 37 0.015625
34 6 0.25
35 1 0.015625
35 5 0.0625
36 11 0.25
36 75 0.015625
36 80 0.25
37 33 0.0625
38 22 0.0625
38 14 0.015625
39 20 0.015625
39 2 0.015625
39 30 0.0625
39 16 0.0625
40 2 0.25
40 46 0.25
40 58 0.0625
41 73 0.0625
43 26 0.0625
44 11 0.25
45 31 0.25
45 67 0.0625
46 40 0.015625
46 58 0.25
47 68 0.0625
48 27 0.015625
49 2 0.015625
51 7 0.015625
51 30 0.015625
51 24 0.25
51 22 0.015625
53 31 0.25
54 18 0.25
55 28 0.0625
57 18 0.015625
58 40 0.25
58 46 0.0625
59 4 0.015625
62 1 0.25
62 13 0.0625
63 5 0.25
64 15 0.015625
65 2 0.015625
66 19 0.015625
66 10 0.015625
67 45 0.25
68 47 0.25
69 1 0.25
71 1 0.015625
71 69 0.25
73 41 0.0625
73 78 0.0625
75 36 0.25
75 80 0.0625
76 31 0.0625
77 12 0.015625
78 73 0.25
78 29 0.25
80 75 0.25
80 36 0.25
81 22 0.0625
82 44 0.0625
82 11 0.015625
83 3 0.015625
83 4 0.0625
84 16 0.0625
85 24 0.25
88 25 0.25
89 67 0.25
90 2 0.015625
90 13 0.25
90 91 0.015625
90 95 0.0625
91 90 0.015625
91 96 0.0625
92 93 0.0625
93 92 0.0625
94 90 0.0625
95 90 0.0625
96 91 0.0625
98 19 0.25
98 1 0.25
98 99 0.015625
98 100 0.0625
98 102 0.0625
98 103 0.25
99 98 0.0625
100 98 0.0625
101 102 0.015625
102 98 0.25
102 101 0.25
103 98 0.25
107 108 0.0625
107 110 0.015625
107 142 0.0625
108 107 0.25
108 111 0.0625
108 114 0.0625
108 118 0.25
108 120 0.25
108 141 0.25
109 113 0.0625
109 130 0.25
109 133 0.25
109 134 0.015625
110 107 0.25
110 112 0.25
110 126 0.25
110 152 0.0625
111 108 0.0625
111 114 0.25
111 115 0.0625
111 119 0.25
111 129 0.015625
112 110 0.25
112 135 0.25
113 109 0.0625
113 115 0.0625
113 143 0.25
114 108 0.0625
114 111 0.25
114 119 0.25
114 122 0.25
114 179 0.015625
115 113 0.015625
115 111 0.0625
115 135 0.25
115 164 0.25
116 107 0.015625
116 121 0.0625
116 123 0.0625
116 132 0.25
117 108 0.0625
117 141 0.25
118 108 0.25
119 111 0.015625
119 108 0.25
119 114 0.0625
119 141 0.25
119 154 0.25
119 165 0.015625
120 117 0.25
120 108 0.015625
121 116 0.25
121 157 0.0625
122 114 0.25
122 169 0.25
123 116 0.0625
123 107 0.015625
124 148 0.0625
125 145 0.25
125 150 0.0625
126 110 0.0625
126 140 0.0625
126 147 0.0625
126 151 0.25
127 122 0.0625
127 155 0.0625
127 159 0.015625
128 141 0.0625
129 111 0.25
129 131 0.25
129 175 0.015625
130 109 0.015625
131 129 0.0625
131 138 0.015625
132 121 0.015625
132 116 0.0625
132 157 0.25
133 109 0.0625
134 109 0.015625
134 130 0.015625
135 112 0.0625
135 115 0.25
137 160 0.015625
138 131 0.25
138 137 0.015625
138 129 0.0625
140 126 0.015625
141 117 0.015625
141 108 0.015625
141 119 0.25
141 128 0.25
142 138 0.015625
142 107 0.25
143 113 0.0625
145 125 0.015625
146 116 0.25
147 126 0.015625
147 151 0.0625
148 124 0.0625
149 139 0.25
150 125 0.015625
151 147 0.25
151 126 0.25
152 110 0.25
154 119 0.0625
154 141 0.0625
154 165 0.015625
155 127 0.25
157 132 0.015625
157 121 0.015625
159 154 0.0625
159 127 0.015625
160 137 0.0625
164 115 0.25
165 154 0.25
165 119 0.25
166 135 0.015625
169 122 0.0625
171 177 0.25
172 137 0.0625
173 176 0.015625
175 129 0.015625
176 173 0.015625
177 171 0.25
179 114 0.015625
181 182 0.25
182 181 0.25
183 7 0.0625
183 40 0.015625
183 184 0.0625
183 185 0.015625
183 186 0.25
184 183 0.25
184 188 0.25
184 189 0.25
184 190 0.015625
185 183 0.015625
186 183 0.015625
186 188 0.25
186 191 0.015625
188 186 0.25
188 184 0.0625
189 184 0.25
189 192 0.015625
190 184 0.015625
191 186 0.25
192 189 0.25
196 197 0.0625
197 196 0.0625
