150
2 29 0.0625
3 17 0.25
3 34 0.015625
3 58 0.015625
4 54 0.0625
4 55 0.015625
5 11 0.25
7 16 0.015625
8 13 0.25
8 35 0.015625
9 12 0.015625
9 33 0.0625
10 47 0.0625
10 53 0.0625
11 5 0.0625
12 9 0.015625
12 66 0.25
13 8 0.015625
15 25 0.0625
16 7 0.015625
17 3 0.0625
20 65 0.015625
21 11 0.015625
21 39 0.015625
25 15 0.015625
25 37 0.25
28 12 0.015625
29 2 0.015625
32 30 0.015625
32 42 0.0625
32 67 0.015625
33 9 0.25
33 41 0.25
34 3 0.25
34 51 0.0625
35 8 0.0625
37 25 0.25
38 43 0.25
39 21 0.25
41 33 0.25
42 30 0.0625
42 32 0.25
42 67 0.0625
43 38 0.015625
46 20 0.25
46 65 0.0625
47 10 0.015625
50 57 0.0625
51 34 0.015625
53 10 0.0625
54 4 0.25
55 54 0.0625
55 4 0.015625
57 50 0.25
58 3 0.015625
65 20 0.0625
65 46 0.25
66 12 0.0625
67 32 0.25
67 42 0.015625
68 59 0.25
69 70 0.0625
70 69 0.015625
80 81 0.0625
80 83 0.015625
80 99 0.015625
81 80 0.0625
82 86 0.015625
82 108 0.0625
83 80 0.25
83 95 0.25
86 82 0.0625
86 108 0.015625
87 100 0.015625
87 121 0.0625
88 91 0.015625
88 102 0.25
89 90 0.0625
89 104 0.25
90 89 0.015625
90 104 0.015625
90 128 0.015625
91 88 0.0625
94 111 0.25
95 83 0.0625
96 110 0.25
96 124 0.015625
97 89 0.0625
97 104 0.25
99 80 0.015625
100 87 0.015625
100 121 0.25
102 88 0.015625
103 97 0.25
104 89 0.015625
104 97 0.25
104 90 0.015625
106 119 0.015625
108 86 0.25
108 82 0.25
110 96 0.0625
110 124 0.0625
111 94 0.015625
115 94 0.25
116 120 0.015625
119 106 0.25
120 116 0.0625
121 100 0.0625
121 87 0.015625
123 130 0.015625
124 110 0.015625
124 96 0.015625
128 90 0.25
128 97 0.015625
130 123 0.0625
133 134 0.25
133 135 0.0625
134 133 0.015625
135 133 0.015625
140 141 0.0625
141 140 0.015625
142 145 0.25
144 146 0.015625
145 142 0.25
146 144 0.015625
147 148 0.25
148 147 0.015625
