450
0 1 0.25
0 2 0.015625
1 0 0.015625
1 3 0.015625
2 0 0.0625
2 4 0.25
2 5 0.0625
3 1 0.25
4 2 0.015625
5 2 0.0625
5 1 0.25
5 6 0.0625
5 7 0.25
5 10 0.015625
6 5 0.25
6 8 0.0625
6 9 0.015625
6 11 0.25
6 12 0.015625
7 5 0.0625
8 6 0.015625
8 9 0.25
9 6 0.015625
9 8 0.0625
9 10 0.0625
10 9 0.0625
10 5 0.015625
11 6 0.015625
12 11 0.0625
12 5 0.25
12 9 0.0625
12 6 0.015625
12 13 0.015625
12 14 0.015625
12 19 0.25
12 40 0.015625
12 64 0.0625
12 137 0.0625
12 151 0.25
12 173 0.25
13 12 0.25
13 17 0.25
13 18 0.015625
13 23 0.0625
13 32 0.25
13 37 0.015625
13 50 0.0625
13 58 0.015625
13 63 0.0625
13 69 0.0625
13 90 0.0625
13 92 0.015625
13 111 0.015625
13 141 0.0625
14 12 0.25
14 15 0.0625
14 26 0.25
14 29 0.25
14 30 0.25
14 182 0.0625
15 14 0.0625
15 16 0.25
15 21 0.015625
15 26 0.0625
15 30 0.0625
15 127 0.015625
15 130 0.0625
16 14 0.0625
16 15 0.015625
16 42 0.25
16 94 0.0625
16 159 0.015625
17 13 0.25
17 18 0.25
17 20 0.0625
17 25 0.0625
17 32 0.015625
17 54 0.25
17 68 0.015625
17 73 0.0625
17 112 0.25
17 120 0.25
17 154 0.25
17 178 0.015625
17 180 0.25
18 13 0.015625
18 17 0.25
18 22 0.015625
18 41 0.015625
18 51 0.015625
18 84 0.0625
18 85 0.25
18 104 0.015625
18 109 0.25
18 121 0.0625
18 167 0.25
18 228 0.0625
19 12 0.25
19 36 0.25
19 138 0.015625
19 145 0.015625
20 13 0.015625
20 17 0.015625
20 23 0.25
20 28 0.25
20 33 0.0625
20 50 0.015625
20 86 0.015625
20 91 0.0625
20 100 0.25
20 122 0.25
21 15 0.25
21 14 0.25
21 25 0.25
21 27 0.0625
21 29 0.25
22 18 0.25
22 71 0.015625
22 139 0.25
22 419 0.25
23 13 0.25
23 20 0.25
23 38 0.25
23 153 0.015625
23 155 0.015625
24 39 0.0625
24 89 0.25
24 146 0.015625
24 165 0.25
25 17 0.015625
25 21 0.25
26 15 0.0625
26 14 0.25
26 35 0.25
26 56 0.015625
26 142 0.0625
27 21 0.25
27 38 0.0625
28 20 0.0625
28 31 0.015625
29 14 0.0625
29 21 0.25
29 38 0.25
29 44 0.015625
29 105 0.015625
29 133 0.0625
30 14 0.0625
30 15 0.25
31 28 0.015625
31 33 0.0625
31 49 0.0625
31 72 0.0625
31 100 0.015625
32 17 0.0625
32 19 0.0625
32 13 0.0625
32 34 0.015625
32 40 0.0625
32 43 0.25
32 148 0.0625
32 177 0.0625
32 199 0.015625
32 204 0.0625
33 20 0.25
33 23 0.25
33 31 0.25
33 28 0.25
33 62 0.0625
33 66 0.0625
33 79 0.015625
33 127 0.0625
34 32 0.015625
34 46 0.25
34 67 0.015625
34 74 0.015625
34 86 0.0625
34 103 0.25
34 116 0.015625
34 163 0.015625
34 187 0.0625
35 26 0.0625
35 56 0.25
35 110 0.25
35 146 0.015625
35 150 0.015625
35 202 0.0625
36 19 0.25
36 43 0.015625
36 53 0.25
36 71 0.25
36 107 0.25
36 108 0.015625
36 169 0.0625
37 13 0.25
37 17 0.25
37 47 0.015625
37 78 0.015625
37 124 0.0625
37 136 0.0625
37 147 0.0625
37 152 0.0625
37 197 0.0625
38 29 0.0625
38 15 0.0625
38 27 0.0625
38 23 0.0625
38 102 0.015625
38 143 0.25
38 176 0.015625
38 191 0.0625
39 24 0.0625
39 99 0.015625
39 165 0.25
40 12 0.0625
40 32 0.015625
40 77 0.015625
40 137 0.0625
41 18 0.0625
41 51 0.015625
41 83 0.25
41 87 0.0625
41 96 0.015625
41 104 0.0625
41 201 0.25
42 16 0.0625
42 140 0.015625
43 32 0.25
43 36 0.25
43 71 0.0625
43 183 0.25
44 29 0.0625
45 23 0.0625
45 13 0.015625
45 79 0.25
45 95 0.015625
45 118 0.015625
45 126 0.25
46 34 0.015625
47 37 0.25
47 71 0.0625
47 78 0.25
47 124 0.0625
47 197 0.0625
48 52 0.015625
48 55 0.0625
48 61 0.0625
48 75 0.25
48 76 0.25
48 88 0.25
48 97 0.015625
49 31 0.015625
49 28 0.0625
50 20 0.25
50 17 0.015625
50 13 0.015625
50 82 0.015625
50 193 0.0625
51 41 0.25
51 18 0.015625
51 190 0.015625
52 48 0.015625
52 114 0.0625
53 36 0.015625
53 107 0.0625
53 169 0.0625
54 17 0.015625
54 57 0.015625
54 82 0.25
54 113 0.015625
54 171 0.0625
55 48 0.25
55 185 0.015625
56 26 0.25
56 35 0.25
56 14 0.0625
56 80 0.25
56 131 0.015625
56 135 0.015625
56 198 0.25
57 54 0.0625
57 59 0.015625
57 75 0.0625
57 192 0.25
57 200 0.015625
58 13 0.015625
58 63 0.015625
59 57 0.0625
60 179 0.25
61 48 0.25
62 33 0.0625
63 58 0.25
63 13 0.015625
64 12 0.25
64 173 0.0625
65 35 0.015625
65 110 0.25
65 150 0.0625
65 202 0.015625
66 33 0.0625
66 62 0.0625
66 39 0.015625
66 119 0.25
67 34 0.015625
68 17 0.0625
69 13 0.015625
69 92 0.015625
70 56 0.0625
70 166 0.0625
71 47 0.25
71 22 0.25
71 43 0.015625
71 19 0.0625
71 36 0.0625
71 114 0.25
71 172 0.015625
72 31 0.015625
72 28 0.25
73 17 0.015625
73 120 0.25
73 180 0.0625
74 34 0.25
74 67 0.25
74 103 0.25
74 163 0.25
74 187 0.0625
75 61 0.25
75 57 0.015625
75 48 0.015625
75 117 0.015625
75 144 0.0625
76 48 0.0625
76 41 0.25
77 40 0.0625
77 114 0.25
78 47 0.25
78 37 0.015625
78 147 0.25
78 197 0.25
79 45 0.25
79 33 0.015625
79 100 0.015625
79 162 0.015625
80 56 0.015625
81 115 0.0625
81 123 0.0625
81 128 0.25
82 54 0.25
82 50 0.25
83 41 0.015625
84 18 0.015625
85 18 0.25
85 121 0.015625
86 31 0.0625
86 20 0.25
86 34 0.0625
86 103 0.0625
86 116 0.25
87 41 0.0625
87 96 0.015625
88 48 0.25
88 52 0.25
88 101 0.0625
89 24 0.25
89 99 0.0625
89 127 0.015625
89 162 0.0625
89 165 0.015625
90 50 0.25
90 13 0.015625
90 71 0.015625
90 43 0.25
90 93 0.25
91 20 0.25
92 13 0.0625
92 69 0.25
92 98 0.015625
92 106 0.015625
92 125 0.015625
92 184 0.25
92 188 0.25
93 90 0.015625
93 86 0.25
94 16 0.25
94 159 0.015625
95 45 0.015625
96 41 0.25
96 87 0.015625
96 201 0.25
97 48 0.25
97 61 0.0625
98 92 0.015625
98 434 0.0625
99 24 0.25
99 39 0.0625
99 89 0.25
99 146 0.015625
99 165 0.25
100 20 0.015625
100 33 0.25
100 31 0.0625
100 79 0.25
100 129 0.25
101 88 0.0625
101 145 0.015625
102 38 0.25
102 143 0.25
103 86 0.0625
103 34 0.0625
103 74 0.015625
103 148 0.0625
104 18 0.0625
104 22 0.0625
104 41 0.015625
104 139 0.015625
105 29 0.25
105 44 0.25
106 92 0.0625
106 98 0.25
106 125 0.25
106 184 0.0625
106 188 0.25
107 53 0.25
107 36 0.25
108 36 0.0625
108 123 0.25
109 59 0.25
109 18 0.015625
109 76 0.015625
109 149 0.25
109 228 0.015625
110 65 0.0625
110 35 0.25
111 13 0.015625
112 17 0.25
112 73 0.015625
112 154 0.015625
113 54 0.015625
114 22 0.25
114 71 0.0625
114 55 0.015625
114 52 0.0625
114 77 0.015625
115 81 0.25
115 128 0.015625
116 74 0.0625
116 34 0.0625
116 86 0.0625
117 75 0.0625
118 45 0.015625
118 95 0.25
118 126 0.0625
119 66 0.25
120 17 0.0625
120 73 0.0625
121 18 0.015625
121 85 0.25
121 167 0.0625
122 91 0.0625
122 20 0.0625
123 81 0.015625
123 108 0.25
124 37 0.015625
124 47 0.0625
124 78 0.0625
125 92 0.0625
125 98 0.0625
125 106 0.0625
125 184 0.0625
125 188 0.25
126 95 0.015625
126 118 0.0625
126 45 0.015625
126 204 0.25
127 33 0.015625
127 15 0.0625
127 89 0.0625
127 162 0.25
128 81 0.0625
128 115 0.25
129 100 0.25
130 15 0.015625
130 14 0.25
131 56 0.015625
131 135 0.0625
131 198 0.25
133 29 0.0625
133 105 0.25
134 60 0.25
134 179 0.25
135 56 0.015625
135 131 0.0625
136 37 0.25
136 47 0.015625
136 124 0.0625
136 78 0.25
137 12 0.015625
137 40 0.0625
138 19 0.0625
139 104 0.25
139 22 0.25
140 42 0.015625
141 13 0.0625
142 26 0.015625
143 38 0.015625
143 102 0.25
144 54 0.015625
144 75 0.25
144 113 0.0625
144 194 0.25
145 101 0.015625
145 19 0.25
146 24 0.0625
146 89 0.015625
146 35 0.25
146 99 0.25
146 157 0.015625
146 164 0.0625
147 47 0.25
147 37 0.0625
147 78 0.015625
148 32 0.015625
148 103 0.0625
149 109 0.015625
150 65 0.015625
150 35 0.015625
151 12 0.0625
152 147 0.015625
152 37 0.0625
153 23 0.25
154 120 0.015625
154 17 0.0625
154 112 0.25
155 153 0.015625
155 23 0.25
156 12 0.25
156 151 0.015625
157 146 0.25
158 235 0.015625
159 16 0.0625
159 94 0.25
159 166 0.0625
161 168 0.015625
162 127 0.25
162 79 0.25
162 89 0.015625
162 14 0.0625
163 34 0.015625
163 74 0.015625
164 146 0.0625
165 99 0.25
165 89 0.015625
165 24 0.25
165 39 0.25
166 159 0.25
166 70 0.25
167 18 0.015625
167 121 0.015625
168 161 0.0625
169 53 0.0625
169 36 0.25
170 52 0.25
171 78 0.25
171 47 0.25
171 92 0.25
171 37 0.015625
171 54 0.25
172 71 0.015625
173 64 0.25
173 12 0.25
175 158 0.25
176 102 0.015625
176 38 0.015625
176 143 0.25
177 32 0.0625
178 17 0.25
178 112 0.25
178 120 0.015625
179 60 0.25
179 134 0.25
180 17 0.25
180 73 0.25
181 90 0.015625
182 14 0.0625
182 15 0.25
182 130 0.015625
183 43 0.0625
184 92 0.25
184 106 0.25
184 125 0.015625
185 55 0.25
186 25 0.015625
187 67 0.015625
187 34 0.0625
187 74 0.0625
188 106 0.25
188 184 0.015625
188 92 0.25
188 98 0.25
188 125 0.015625
189 168 0.25
190 51 0.25
191 38 0.25
192 57 0.25
192 233 0.25
193 50 0.25
194 144 0.0625
197 78 0.25
197 37 0.25
197 47 0.015625
198 56 0.25
198 131 0.25
199 32 0.25
199 46 0.25
199 169 0.015625
200 57 0.015625
200 192 0.015625
201 96 0.015625
201 41 0.015625
202 65 0.015625
202 35 0.25
202 110 0.25
203 148 0.0625
204 32 0.0625
204 126 0.25
204 13 0.25
204 40 0.015625
204 206 0.0625
204 207 0.25
204 214 0.0625
205 204 0.0625
205 207 0.25
205 208 0.0625
205 211 0.015625
205 213 0.0625
206 204 0.25
206 208 0.25
206 214 0.015625
207 204 0.25
207 205 0.015625
207 209 0.0625
207 210 0.0625
208 206 0.015625
208 205 0.25
208 211 0.015625
208 213 0.0625
209 207 0.0625
209 210 0.25
210 207 0.0625
210 209 0.25
210 416 0.015625
211 205 0.0625
211 208 0.0625
213 205 0.25
213 204 0.25
213 208 0.0625
214 206 0.25
214 204 0.25
215 209 0.015625
216 219 0.015625
216 220 0.015625
216 221 0.0625
218 222 0.015625
218 223 0.25
218 225 0.015625
218 227 0.0625
219 216 0.25
219 221 0.0625
220 216 0.0625
220 233 0.015625
221 216 0.25
221 219 0.0625
222 218 0.015625
222 224 0.0625
222 225 0.015625
223 218 0.25
224 222 0.0625
225 222 0.25
225 218 0.015625
227 218 0.25
228 18 0.0625
228 81 0.015625
228 139 0.0625
228 109 0.0625
228 229 0.015625
228 231 0.25
229 228 0.0625
229 230 0.015625
230 229 0.015625
230 232 0.25
231 228 0.015625
232 230 0.25
233 171 0.25
233 192 0.015625
233 220 0.015625
233 25 0.0625
233 113 0.0625
233 234 0.015625
234 233 0.0625
235 109 0.0625
235 158 0.0625
235 220 0.0625
235 114 0.015625
235 236 0.0625
235 238 0.25
235 286 0.0625
235 292 0.0625
235 305 0.0625
236 235 0.015625
236 237 0.25
236 239 0.0625
236 242 0.015625
236 263 0.25
236 278 0.015625
236 311 0.25
236 327 0.25
237 236 0.25
237 240 0.25
237 243 0.0625
237 245 0.015625
237 246 0.015625
237 254 0.25
237 256 0.0625
237 260 0.015625
237 307 0.015625
238 235 0.0625
238 244 0.015625
238 251 0.25
238 266 0.0625
238 289 0.25
238 293 0.015625
238 295 0.015625
238 347 0.25
238 368 0.015625
239 236 0.0625
239 241 0.015625
239 274 0.015625
239 276 0.25
239 281 0.015625
239 314 0.015625
239 339 0.25
240 237 0.25
240 246 0.25
240 247 0.25
240 257 0.25
240 258 0.0625
240 282 0.25
240 288 0.25
240 323 0.25
241 239 0.015625
241 296 0.0625
241 329 0.0625
241 341 0.015625
241 344 0.25
242 236 0.015625
242 316 0.25
242 319 0.25
242 370 0.0625
243 237 0.015625
243 244 0.0625
243 248 0.0625
243 250 0.0625
243 252 0.25
243 254 0.25
243 256 0.25
243 259 0.0625
243 261 0.015625
243 269 0.25
243 279 0.015625
243 280 0.25
243 315 0.25
243 318 0.015625
243 332 0.25
243 333 0.015625
243 363 0.25
243 383 0.015625
243 403 0.0625
243 407 0.015625
243 434 0.0625
244 243 0.25
244 238 0.015625
244 247 0.015625
244 251 0.25
244 313 0.0625
245 237 0.015625
245 247 0.0625
245 249 0.015625
245 287 0.015625
246 237 0.0625
246 240 0.25
246 257 0.25
246 271 0.015625
246 272 0.015625
246 273 0.015625
246 410 0.25
247 245 0.25
247 244 0.0625
247 240 0.015625
247 296 0.25
247 371 0.015625
248 243 0.015625
248 250 0.25
248 252 0.25
248 407 0.0625
249 237 0.0625
249 245 0.25
249 263 0.0625
250 243 0.0625
250 248 0.015625
250 259 0.015625
250 265 0.25
250 293 0.25
250 294 0.25
250 298 0.25
250 366 0.0625
250 377 0.0625
251 244 0.0625
251 238 0.0625
251 262 0.0625
251 285 0.25
252 243 0.015625
252 248 0.015625
252 256 0.015625
252 269 0.015625
252 279 0.0625
252 318 0.25
253 236 0.25
253 242 0.0625
253 267 0.25
253 291 0.015625
253 297 0.015625
253 334 0.015625
253 351 0.25
253 375 0.25
254 243 0.25
254 237 0.0625
254 261 0.015625
254 351 0.015625
254 385 0.015625
255 237 0.25
255 307 0.015625
256 237 0.015625
256 243 0.25
256 252 0.015625
256 299 0.0625
256 389 0.0625
256 397 0.015625
257 240 0.015625
257 237 0.0625
257 246 0.0625
257 307 0.015625
257 342 0.25
257 372 0.25
258 240 0.25
258 288 0.015625
258 323 0.0625
259 243 0.015625
259 250 0.25
259 268 0.0625
259 274 0.015625
259 283 0.015625
259 350 0.0625
259 358 0.25
259 366 0.015625
259 384 0.25
259 405 0.25
260 255 0.25
260 237 0.015625
261 254 0.015625
261 243 0.25
262 251 0.0625
263 249 0.015625
263 236 0.015625
263 264 0.0625
263 328 0.25
263 342 0.0625
264 249 0.25
264 263 0.0625
264 297 0.0625
264 312 0.015625
265 250 0.015625
265 283 0.25
265 292 0.015625
265 378 0.0625
265 388 0.015625
266 238 0.0625
266 392 0.0625
266 400 0.0625
267 253 0.25
267 297 0.0625
267 352 0.25
268 259 0.0625
268 241 0.015625
269 252 0.015625
269 248 0.0625
269 243 0.015625
269 270 0.25
269 280 0.015625
269 315 0.25
269 332 0.25
269 343 0.0625
269 407 0.25
270 243 0.015625
270 269 0.25
270 273 0.0625
270 274 0.0625
270 284 0.0625
270 300 0.015625
270 304 0.0625
270 340 0.0625
270 362 0.0625
270 398 0.0625
270 432 0.015625
271 239 0.25
271 246 0.0625
271 277 0.015625
271 284 0.25
272 246 0.0625
272 273 0.25
272 284 0.0625
272 379 0.0625
273 272 0.015625
273 246 0.25
273 270 0.015625
273 381 0.015625
273 415 0.0625
274 270 0.25
274 259 0.0625
274 271 0.0625
274 239 0.25
274 281 0.015625
274 300 0.015625
274 354 0.25
274 360 0.25
274 412 0.0625
274 434 0.25
275 272 0.25
275 326 0.015625
275 376 0.015625
276 239 0.015625
276 339 0.25
277 271 0.0625
277 285 0.015625
277 331 0.25
278 236 0.0625
278 242 0.0625
278 319 0.25
278 327 0.25
279 252 0.015625
279 248 0.0625
279 243 0.0625
279 280 0.25
279 332 0.25
279 335 0.0625
279 343 0.015625
279 383 0.0625
280 243 0.015625
280 252 0.25
280 269 0.0625
280 279 0.25
280 318 0.015625
280 335 0.25
280 383 0.25
280 403 0.015625
281 274 0.015625
281 239 0.015625
281 306 0.25
281 325 0.25
281 338 0.25
282 240 0.0625
282 258 0.25
283 265 0.015625
283 259 0.0625
283 243 0.25
283 301 0.015625
283 346 0.015625
283 364 0.015625
284 272 0.25
284 270 0.0625
284 271 0.015625
284 273 0.015625
284 314 0.25
284 348 0.015625
284 356 0.0625
284 386 0.015625
285 259 0.0625
285 277 0.0625
285 251 0.015625
286 235 0.015625
286 317 0.015625
286 324 0.25
286 330 0.015625
286 336 0.25
286 399 0.015625
287 245 0.25
287 307 0.015625
288 240 0.25
288 254 0.25
288 271 0.015625
288 258 0.25
288 290 0.0625
288 349 0.0625
288 387 0.0625
288 394 0.25
289 238 0.015625
289 359 0.25
290 288 0.0625
290 302 0.015625
291 267 0.015625
291 253 0.0625
291 297 0.0625
291 334 0.0625
291 352 0.015625
292 265 0.015625
292 235 0.0625
292 294 0.25
293 250 0.25
293 238 0.015625
294 250 0.0625
294 292 0.015625
295 238 0.25
295 289 0.0625
296 241 0.015625
296 247 0.015625
296 303 0.0625
296 374 0.0625
296 382 0.015625
297 291 0.0625
297 267 0.25
297 253 0.015625
297 264 0.015625
297 308 0.25
297 321 0.015625
297 337 0.015625
297 356 0.015625
298 250 0.015625
299 256 0.015625
300 273 0.015625
300 274 0.25
300 270 0.0625
300 367 0.0625
300 395 0.015625
301 283 0.25
301 346 0.25
301 357 0.25
302 290 0.015625
302 301 0.0625
302 261 0.25
302 288 0.25
303 296 0.0625
303 373 0.015625
303 382 0.25
304 270 0.25
305 235 0.015625
306 281 0.25
307 255 0.015625
307 237 0.0625
307 257 0.0625
307 287 0.25
308 236 0.25
308 297 0.015625
308 309 0.015625
308 322 0.25
308 402 0.25
308 414 0.015625
309 308 0.25
309 310 0.015625
309 316 0.0625
309 322 0.015625
309 401 0.0625
309 414 0.25
310 309 0.25
310 239 0.25
310 284 0.25
311 302 0.25
311 236 0.25
311 242 0.015625
311 355 0.015625
311 391 0.015625
312 264 0.25
312 361 0.0625
312 409 0.015625
313 244 0.0625
314 284 0.015625
314 239 0.0625
315 269 0.015625
315 279 0.0625
315 243 0.0625
315 335 0.0625
315 383 0.0625
315 407 0.0625
316 309 0.25
316 242 0.0625
316 308 0.015625
317 286 0.25
317 324 0.015625
317 330 0.25
318 243 0.25
318 280 0.0625
318 252 0.25
318 320 0.015625
318 365 0.0625
318 388 0.015625
319 242 0.015625
319 253 0.25
319 278 0.0625
320 318 0.015625
321 297 0.015625
321 401 0.015625
322 308 0.015625
322 309 0.0625
322 402 0.015625
322 414 0.0625
323 240 0.25
323 258 0.25
323 366 0.0625
324 317 0.015625
324 286 0.25
325 281 0.25
325 338 0.25
325 369 0.0625
326 275 0.015625
326 376 0.015625
327 278 0.015625
327 242 0.0625
327 236 0.015625
328 263 0.0625
328 312 0.0625
328 390 0.0625
328 406 0.25
329 241 0.0625
330 286 0.0625
330 317 0.015625
330 336 0.015625
331 277 0.0625
332 269 0.25
332 252 0.0625
332 243 0.25
332 279 0.25
333 304 0.25
333 243 0.0625
333 252 0.015625
333 315 0.015625
334 253 0.25
334 291 0.0625
335 279 0.0625
335 315 0.015625
335 243 0.25
335 280 0.25
336 286 0.25
336 317 0.25
336 330 0.015625
336 368 0.25
337 297 0.015625
337 321 0.0625
338 325 0.015625
338 281 0.015625
338 362 0.0625
338 369 0.015625
339 239 0.015625
339 276 0.0625
340 300 0.25
340 270 0.015625
340 362 0.0625
341 241 0.015625
342 257 0.015625
342 307 0.25
342 263 0.25
342 372 0.25
343 269 0.015625
343 248 0.0625
343 279 0.25
343 243 0.0625
344 241 0.015625
344 374 0.0625
345 294 0.015625
345 305 0.015625
345 393 0.25
346 283 0.015625
346 301 0.25
346 364 0.25
347 238 0.25
348 284 0.0625
348 386 0.25
349 290 0.25
349 288 0.0625
350 259 0.0625
351 253 0.25
351 254 0.0625
352 291 0.0625
352 267 0.015625
354 274 0.0625
355 311 0.015625
355 391 0.25
356 297 0.015625
356 310 0.015625
356 342 0.015625
356 284 0.015625
357 301 0.015625
357 283 0.0625
357 346 0.25
358 350 0.0625
358 259 0.015625
358 366 0.0625
358 384 0.0625
359 289 0.25
359 368 0.015625
360 274 0.25
360 412 0.015625
361 312 0.015625
362 338 0.25
362 270 0.0625
362 340 0.015625
362 380 0.25
363 243 0.25
363 269 0.25
363 248 0.015625
363 279 0.0625
364 301 0.015625
364 283 0.0625
364 346 0.015625
365 318 0.0625
366 259 0.015625
366 323 0.0625
366 250 0.015625
366 358 0.25
367 300 0.0625
368 238 0.0625
368 359 0.015625
368 336 0.25
368 413 0.015625
369 325 0.0625
369 338 0.25
370 236 0.0625
370 242 0.25
371 247 0.0625
372 342 0.25
372 257 0.015625
373 303 0.25
373 329 0.015625
373 243 0.0625
373 296 0.25
374 303 0.015625
374 296 0.0625
374 344 0.0625
375 334 0.0625
375 253 0.0625
375 408 0.015625
376 326 0.015625
376 275 0.0625
376 410 0.0625
377 250 0.25
378 265 0.0625
379 272 0.015625
380 362 0.015625
381 273 0.015625
381 400 0.0625
382 296 0.0625
382 303 0.015625
383 280 0.0625
383 243 0.0625
383 315 0.25
383 279 0.015625
384 259 0.25
384 358 0.015625
385 254 0.015625
386 284 0.25
386 348 0.0625
387 288 0.25
388 318 0.25
388 265 0.0625
388 411 0.015625
389 256 0.015625
390 328 0.25
390 406 0.015625
391 355 0.015625
391 311 0.25
392 266 0.0625
393 345 0.015625
394 288 0.0625
394 349 0.25
395 300 0.25
395 273 0.015625
395 392 0.0625
395 396 0.25
396 395 0.0625
397 256 0.25
398 270 0.0625
399 286 0.015625
399 330 0.0625
399 317 0.0625
399 404 0.0625
400 273 0.25
400 274 0.0625
400 266 0.0625
400 381 0.015625
400 246 0.015625
401 321 0.25
401 309 0.0625
401 297 0.015625
402 308 0.015625
402 322 0.0625
402 309 0.015625
403 243 0.0625
403 280 0.015625
403 343 0.0625
403 315 0.015625
404 235 0.0625
404 399 0.25
405 259 0.0625
405 358 0.25
406 328 0.0625
406 390 0.0625
407 243 0.25
407 269 0.015625
407 315 0.25
407 248 0.015625
408 267 0.0625
408 253 0.015625
408 375 0.015625
409 312 0.25
410 246 0.015625
410 376 0.0625
411 388 0.015625
412 274 0.25
412 360 0.0625
413 368 0.0625
414 322 0.015625
414 308 0.0625
414 309 0.015625
415 273 0.015625
415 381 0.015625
416 210 0.0625
416 398 0.0625
416 388 0.015625
416 222 0.015625
416 417 0.25
417 416 0.25
417 418 0.015625
418 417 0.0625
418 416 0.25
419 400 0.015625
419 22 0.25
419 23 0.0625
419 92 0.015625
419 420 0.0625
419 421 0.25
420 419 0.015625
420 423 0.015625
420 425 0.0625
420 426 0.25
420 427 0.25
421 419 0.0625
422 424 0.015625
422 431 0.25
423 420 0.0625
424 422 0.25
424 425 0.015625
425 424 0.015625
425 420 0.015625
426 420 0.25
426 429 0.25
427 420 0.0625
429 426 0.25
429 430 0.015625
430 429 0.0625
431 422 0.0625
432 300 0.25
432 270 0.0625
432 318 0.015625
432 284 0.0625
432 433 0.0625
433 432 0.25
434 243 0.015625
434 358 0.015625
434 177 0.0625
434 98 0.015625
434 274 0.015625
434 435 0.015625
434 436 0.0625
434 441 0.0625
435 434 0.015625
435 440 0.25
436 434 0.25
436 437 0.0625
437 436 0.015625
438 442 0.0625
440 435 0.25
441 434 0.0625
441 443 0.25
442 438 0.015625
443 441 0.25
444 445 0.0625
444 446 0.0625
444 448 0.015625
445 444 0.015625
446 444 0.015625
446 447 0.25
446 449 0.0625
447 446 0.0625
448 444 0.25
448 449 0.015625
449 448 0.0625
449 446 0.25
