250
1 2 0.015625
2 1 0.25
2 3 0.015625
3 2 0.0625
4 2 0.015625
4 5 0.015625
4 6 0.015625
4 9 0.25
4 34 0.25
4 75 0.0625
4 94 0.0625
4 118 0.25
5 4 0.0625
5 8 0.0625
5 24 0.0625
5 29 0.25
5 33 0.0625
5 36 0.0625
5 51 0.015625
5 62 0.25
5 78 0.0625
6 4 0.015625
6 10 0.25
6 14 0.015625
7 6 0.0625
7 86 0.015625
8 5 0.0625
8 12 0.25
8 19 0.25
9 4 0.015625
9 76 0.015625
9 79 0.25
10 6 0.0625
10 31 0.25
10 97 0.0625
11 5 0.0625
11 16 0.0625
11 24 0.25
11 47 0.25
11 52 0.25
12 8 0.0625
12 77 0.25
14 6 0.015625
15 16 0.25
15 38 0.015625
16 11 0.015625
16 15 0.0625
16 32 0.015625
17 22 0.0625
17 47 0.0625
17 59 0.25
17 66 0.0625
17 89 0.25
17 101 0.0625
19 8 0.015625
19 46 0.015625
19 53 0.0625
19 107 0.0625
21 35 0.25
21 108 0.0625
22 17 0.0625
22 43 0.25
23 41 0.015625
23 93 0.0625
23 105 0.0625
24 11 0.25
24 5 0.015625
24 104 0.25
25 64 0.0625
27 28 0.015625
28 27 0.015625
28 30 0.0625
28 39 0.25
28 103 0.25
29 5 0.015625
29 33 0.015625
30 28 0.25
31 10 0.015625
31 97 0.25
32 16 0.015625
33 29 0.0625
33 5 0.015625
34 4 0.015625
34 94 0.25
35 21 0.0625
35 81 0.0625
35 108 0.25
36 5 0.0625
37 90 0.015625
38 15 0.25
39 28 0.0625
40 64 0.015625
41 23 0.0625
41 105 0.0625
42 65 0.25
42 69 0.015625
43 22 0.25
45 4 0.25
45 13 0.25
45 9 0.25
46 19 0.015625
47 15 0.015625
47 11 0.015625
47 17 0.25
47 59 0.25
47 66 0.25
48 57 0.0625
49 25 0.015625
49 56 0.25
50 88 0.015625
51 24 0.0625
51 5 0.25
51 20 0.25
52 11 0.015625
53 19 0.015625
53 107 0.25
55 235 0.0625
56 49 0.0625
56 79 0.0625
57 48 0.25
57 4 0.015625
59 47 0.0625
59 17 0.015625
60 55 0.0625
60 99 0.0625
61 69 0.015625
62 5 0.25
63 84 0.25
64 12 0.015625
64 25 0.0625
64 40 0.25
65 42 0.25
66 17 0.015625
66 47 0.0625
69 42 0.25
69 61 0.25
72 6 0.0625
74 23 0.015625
74 41 0.015625
75 4 0.0625
76 9 0.25
77 12 0.25
78 5 0.25
79 56 0.25
79 9 0.0625
81 35 0.015625
81 21 0.0625
84 68 0.0625
84 63 0.25
85 4 0.0625
86 7 0.0625
86 90 0.25
87 91 0.0625
88 50 0.015625
88 6 0.015625
89 17 0.25
90 86 0.0625
90 37 0.25
91 87 0.25
93 23 0.015625
93 41 0.015625
94 34 0.25
94 4 0.0625
96 58 0.015625
97 31 0.25
97 10 0.25
98 51 0.0625
99 60 0.015625
100 13 0.0625
101 17 0.25
103 28 0.015625
103 129 0.015625
104 24 0.0625
105 41 0.0625
105 93 0.0625
105 23 0.0625
106 22 0.015625
107 53 0.015625
107 19 0.25
108 21 0.015625
108 35 0.015625
110 112 0.0625
111 116 0.25
112 110 0.25
112 113 0.0625
112 115 0.25
113 112 0.015625
113 117 0.25
115 112 0.25
116 111 0.0625
117 113 0.0625
118 23 0.015625
118 94 0.015625
118 4 0.015625
118 119 0.25
118 127 0.0625
119 118 0.0625
119 124 0.25
119 125 0.0625
120 122 0.0625
121 127 0.25
121 129 0.015625
122 120 0.25
124 119 0.015625
125 119 0.015625
125 126 0.0625
126 125 0.0625
127 121 0.0625
127 118 0.0625
127 124 0.0625
129 103 0.0625
129 121 0.25
129 13 0.015625
129 130 0.25
130 129 0.015625
131 114 0.0625
131 121 0.015625
131 64 0.0625
131 132 0.25
131 156 0.25
131 160 0.25
131 168 0.0625
132 131 0.0625
132 133 0.015625
132 150 0.0625
132 169 0.25
132 242 0.0625
133 132 0.0625
133 134 0.0625
133 135 0.0625
133 138 0.25
134 133 0.25
134 136 0.0625
134 137 0.0625
134 138 0.0625
134 142 0.0625
134 144 0.0625
134 176 0.015625
134 178 0.015625
134 218 0.015625
134 235 0.25
135 133 0.25
135 140 0.0625
135 146 0.015625
136 134 0.0625
136 161 0.0625
136 197 0.0625
136 204 0.0625
137 134 0.0625
137 144 0.0625
138 134 0.25
138 133 0.0625
138 142 0.0625
139 133 0.0625
140 133 0.0625
140 135 0.25
140 186 0.25
140 201 0.25
142 138 0.015625
142 134 0.25
142 214 0.25
144 137 0.0625
144 134 0.015625
144 145 0.0625
144 176 0.25
144 187 0.0625
144 218 0.015625
145 134 0.0625
145 144 0.0625
145 148 0.015625
145 154 0.25
145 165 0.25
145 184 0.25
145 195 0.015625
145 216 0.25
145 234 0.0625
146 135 0.015625
146 154 0.015625
146 182 0.015625
146 206 0.0625
147 138 0.25
147 132 0.015625
148 145 0.25
148 151 0.25
148 235 0.015625
149 146 0.0625
149 203 0.25
150 132 0.015625
151 148 0.25
151 183 0.015625
152 141 0.25
153 134 0.0625
153 162 0.015625
153 196 0.015625
154 146 0.015625
154 145 0.0625
154 170 0.015625
154 209 0.015625
156 131 0.25
156 173 0.015625
156 175 0.25
156 180 0.015625
157 182 0.015625
158 193 0.015625
159 163 0.0625
160 131 0.25
160 168 0.015625
161 136 0.25
162 153 0.015625
163 159 0.015625
163 162 0.25
163 142 0.0625
164 202 0.0625
165 145 0.25
166 132 0.25
166 167 0.015625
166 222 0.0625
167 166 0.25
167 222 0.25
168 160 0.015625
168 131 0.0625
169 163 0.25
169 132 0.0625
169 212 0.015625
170 154 0.015625
173 156 0.0625
175 156 0.015625
175 180 0.0625
176 144 0.015625
176 137 0.25
176 134 0.25
178 165 0.0625
178 134 0.25
178 137 0.0625
180 156 0.015625
180 175 0.25
180 198 0.0625
181 172 0.25
182 157 0.25
182 146 0.015625
182 191 0.015625
183 151 0.0625
183 195 0.0625
184 145 0.0625
184 195 0.015625
186 140 0.015625
186 201 0.015625
187 144 0.0625
187 134 0.25
190 159 0.25
191 182 0.0625
192 197 0.015625
193 158 0.25
193 198 0.015625
195 183 0.25
195 145 0.25
195 184 0.015625
195 207 0.0625
196 162 0.015625
196 153 0.0625
197 136 0.0625
197 192 0.015625
198 193 0.25
198 180 0.25
198 217 0.015625
198 221 0.015625
199 132 0.25
201 186 0.015625
201 140 0.015625
202 164 0.015625
202 174 0.25
202 134 0.0625
203 149 0.015625
204 136 0.25
206 146 0.0625
207 195 0.0625
208 219 0.25
209 154 0.015625
212 169 0.015625
213 215 0.015625
214 142 0.0625
215 213 0.25
216 145 0.25
217 198 0.25
217 221 0.0625
218 134 0.25
218 144 0.25
219 143 0.015625
219 208 0.015625
221 198 0.25
221 217 0.0625
222 166 0.0625
222 167 0.25
225 226 0.25
225 227 0.25
225 233 0.015625
226 225 0.25
226 227 0.0625
226 233 0.015625
227 226 0.25
227 225 0.25
227 228 0.015625
228 227 0.25
229 231 0.0625
231 229 0.25
231 232 0.0625
232 231 0.25
233 225 0.25
233 226 0.015625
234 145 0.25
234 154 0.0625
235 134 0.0625
235 192 0.015625
235 55 0.015625
235 148 0.25
235 236 0.0625
235 238 0.25
236 235 0.25
238 235 0.0625
238 239 0.015625
239 238 0.0625
239 240 0.25
240 239 0.25
242 140 0.015625
242 132 0.0625
242 219 0.0625
242 112 0.015625
242 243 0.0625
242 245 0.0625
243 242 0.0625
243 244 0.0625
243 245 0.25
243 248 0.015625
244 243 0.0625
244 247 0.015625
245 242 0.25
245 243 0.0625
245 246 0.25
245 249 0.015625
246 245 0.015625
247 244 0.015625
248 243 0.0625
248 249 0.0625
249 248 0.0625
249 245 0.25
