112
1 0 0.0625 
1 2 0.0625 
1 7 0.015625 
1 24 0.015625 
1 67 0.0625 
1 73 0.0625 
1 29 0.25 
1 70 0.0625 
1 66 0.25 
1 80 0.0625 
1 88 0.015625 
1 48 0.0625 
1 97 0.25 
1 99 0.015625 
1 102 0.0625 
1 104 0.25 
1 94 0.015625 
1 95 0.0625 
1 96 0.015625 
0 2 0.25 
0 7 0.25 
0 17 0.25 
0 3 0.0625 
0 20 0.0625 
0 19 0.25 
0 24 0.25 
0 26 0.25 
0 29 0.25 
0 11 0.25 
0 40 0.25 
0 51 0.0625 
0 50 0.0625 
0 36 0.015625 
0 34 0.015625 
0 67 0.0625 
0 70 0.25 
0 65 0.25 
0 69 0.0625 
0 66 0.25 
0 73 0.015625 
0 88 0.0625 
2 94 0.25 
2 93 0.0625 
2 99 0.0625 
2 98 0.015625 
2 97 0.015625 
2 73 0.015625 
2 102 0.015625 
2 104 0.0625 
2 70 0.015625 
2 24 0.25 
7 6 0.015625 
7 3 0.0625 
7 14 0.015625 
7 16 0.25 
7 12 0.25 
7 18 0.015625 
7 13 0.0625 
7 20 0.0625 
7 23 0.0625 
7 34 0.25 
7 32 0.015625 
7 33 0.25 
7 17 0.015625 
7 40 0.25 
7 5 0.25 
7 46 0.015625 
7 47 0.015625 
7 48 0.015625 
7 49 0.015625 
7 36 0.0625 
7 11 0.015625 
7 41 0.0625 
7 54 0.015625 
7 55 0.25 
7 4 0.015625 
7 53 0.0625 
7 57 0.0625 
7 58 0.0625 
7 24 0.25 
7 63 0.25 
7 64 0.25 
7 67 0.0625 
7 70 0.0625 
7 73 0.25 
7 66 0.015625 
17 12 0.015625 
17 3 0.25 
17 13 0.25 
17 14 0.25 
17 19 0.015625 
17 20 0.0625 
17 21 0.0625 
17 22 0.015625 
17 23 0.25 
17 24 0.0625 
17 26 0.25 
17 29 0.0625 
17 28 0.0625 
17 16 0.015625 
17 4 0.25 
17 11 0.25 
17 43 0.015625 
17 44 0.0625 
17 45 0.0625 
17 50 0.0625 
17 51 0.015625 
17 52 0.25 
17 32 0.015625 
17 53 0.25 
17 54 0.25 
17 55 0.0625 
17 34 0.015625 
17 36 0.25 
17 59 0.015625 
17 60 0.25 
17 61 0.0625 
17 40 0.0625 
3 4 0.25 
3 6 0.015625 
3 14 0.015625 
3 16 0.015625 
3 13 0.015625 
3 12 0.25 
3 18 0.25 
3 19 0.25 
3 20 0.25 
3 21 0.25 
3 22 0.015625 
3 23 0.0625 
3 26 0.0625 
3 27 0.25 
3 24 0.25 
3 29 0.0625 
3 30 0.0625 
3 11 0.25 
3 31 0.25 
3 32 0.0625 
3 33 0.25 
3 34 0.0625 
3 35 0.25 
3 36 0.0625 
20 19 0.015625 
20 21 0.015625 
20 14 0.0625 
20 22 0.015625 
20 23 0.015625 
20 24 0.015625 
20 26 0.015625 
20 27 0.015625 
20 29 0.0625 
20 30 0.015625 
20 12 0.0625 
20 18 0.015625 
20 32 0.0625 
20 33 0.25 
20 34 0.015625 
20 35 0.015625 
20 16 0.25 
20 38 0.015625 
20 39 0.015625 
20 40 0.0625 
20 13 0.015625 
20 43 0.015625 
20 44 0.25 
20 45 0.25 
20 50 0.0625 
20 51 0.015625 
20 52 0.015625 
20 54 0.25 
20 55 0.015625 
20 4 0.015625 
20 53 0.0625 
20 57 0.0625 
20 11 0.015625 
20 58 0.25 
20 36 0.25 
20 63 0.015625 
20 66 0.0625 
20 67 0.25 
19 24 0.25 
19 26 0.015625 
24 26 0.0625 
24 50 0.0625 
24 51 0.015625 
24 52 0.0625 
24 11 0.015625 
24 36 0.015625 
24 40 0.0625 
24 34 0.0625 
24 65 0.015625 
24 67 0.015625 
24 70 0.0625 
24 73 0.25 
24 69 0.0625 
24 77 0.0625 
24 81 0.015625 
24 80 0.0625 
24 88 0.25 
24 48 0.015625 
24 66 0.25 
24 90 0.015625 
24 29 0.015625 
24 91 0.0625 
24 60 0.015625 
24 92 0.0625 
24 94 0.25 
24 105 0.015625 
24 97 0.015625 
24 106 0.25 
26 27 0.25 
26 14 0.0625 
26 23 0.25 
29 28 0.0625 
29 23 0.25 
29 14 0.25 
29 21 0.015625 
29 73 0.015625 
29 67 0.25 
29 91 0.25 
29 90 0.0625 
11 12 0.015625 
11 13 0.0625 
11 4 0.0625 
11 9 0.25 
11 25 0.0625 
11 31 0.0625 
11 14 0.0625 
11 36 0.25 
11 37 0.015625 
11 41 0.0625 
11 42 0.0625 
11 32 0.015625 
11 34 0.0625 
11 33 0.015625 
11 53 0.25 
11 66 0.015625 
11 67 0.0625 
40 14 0.0625 
51 50 0.0625 
51 52 0.0625 
51 67 0.25 
51 70 0.0625 
50 52 0.25 
50 67 0.0625 
36 31 0.0625 
36 32 0.015625 
36 34 0.0625 
36 33 0.0625 
36 41 0.0625 
36 14 0.015625 
36 59 0.015625 
36 60 0.25 
36 61 0.015625 
36 65 0.015625 
34 32 0.0625 
34 33 0.0625 
34 35 0.015625 
34 41 0.015625 
34 14 0.0625 
34 53 0.25 
34 62 0.25 
34 63 0.0625 
34 67 0.0625 
67 68 0.015625 
67 69 0.25 
67 70 0.015625 
67 73 0.25 
67 74 0.0625 
67 75 0.0625 
67 76 0.25 
67 77 0.0625 
67 78 0.015625 
67 85 0.0625 
67 82 0.0625 
67 66 0.25 
67 88 0.0625 
67 90 0.0625 
67 60 0.25 
67 92 0.0625 
67 99 0.25 
70 66 0.015625 
70 71 0.0625 
70 72 0.015625 
70 73 0.015625 
70 69 0.015625 
70 77 0.0625 
70 80 0.015625 
70 81 0.015625 
70 88 0.0625 
70 48 0.015625 
70 91 0.25 
70 60 0.0625 
70 92 0.25 
70 94 0.25 
70 97 0.015625 
70 105 0.0625 
70 106 0.015625 
70 99 0.0625 
69 68 0.0625 
69 77 0.0625 
69 76 0.25 
69 75 0.25 
66 71 0.25 
66 72 0.015625 
66 83 0.015625 
66 84 0.015625 
66 87 0.0625 
66 48 0.0625 
66 88 0.015625 
66 73 0.0625 
66 89 0.0625 
73 30 0.0625 
73 80 0.0625 
73 82 0.25 
73 88 0.0625 
73 48 0.015625 
73 91 0.015625 
73 60 0.0625 
73 92 0.015625 
73 99 0.0625 
73 97 0.25 
73 102 0.25 
73 104 0.015625 
73 94 0.25 
73 105 0.0625 
73 106 0.25 
73 96 0.25 
73 95 0.25 
88 48 0.0625 
88 60 0.25 
88 92 0.0625 
88 76 0.0625 
48 46 0.0625 
48 49 0.015625 
48 83 0.0625 
97 96 0.0625 
97 94 0.0625 
97 99 0.25 
97 102 0.0625 
97 104 0.015625 
97 105 0.015625 
97 92 0.25 
97 106 0.015625 
97 95 0.015625 
99 98 0.25 
99 102 0.25 
99 104 0.25 
99 95 0.0625 
94 93 0.25 
94 95 0.015625 
94 96 0.015625 
94 105 0.25 
94 92 0.015625 
94 106 0.0625 
94 109 0.0625 
94 111 0.25 
94 110 0.0625 
94 107 0.0625 
95 93 0.25 
95 96 0.015625 
95 100 0.0625 
95 101 0.0625 
95 103 0.0625 
96 93 0.25 
96 100 0.0625 
4 6 0.25 
4 8 0.0625 
4 9 0.015625 
4 10 0.015625 
4 13 0.015625 
4 25 0.0625 
4 37 0.0625 
4 54 0.015625 
4 55 0.0625 
4 53 0.0625 
4 58 0.25 
5 6 0.015625 
6 8 0.015625 
8 10 0.0625 
9 10 0.25 
9 25 0.015625 
12 13 0.25 
12 14 0.015625 
12 18 0.0625 
12 16 0.015625 
13 14 0.015625 
14 15 0.0625 
14 16 0.015625 
14 18 0.015625 
14 21 0.25 
14 23 0.0625 
14 27 0.25 
14 28 0.0625 
14 31 0.25 
14 37 0.25 
14 32 0.25 
14 41 0.015625 
14 42 0.0625 
18 38 0.015625 
18 39 0.25 
21 23 0.015625 
25 37 0.0625 
27 30 0.25 
32 33 0.015625 
32 35 0.0625 
32 41 0.015625 
32 53 0.25 
32 63 0.015625 
33 35 0.25 
33 56 0.25 
38 39 0.015625 
41 42 0.25 
43 44 0.015625 
43 45 0.0625 
44 45 0.0625 
46 47 0.0625 
46 49 0.015625 
49 53 0.25 
53 54 0.25 
53 55 0.25 
55 54 0.25 
59 60 0.0625 
59 61 0.0625 
60 61 0.25 
60 92 0.0625 
71 72 0.0625 
74 75 0.0625 
74 76 0.0625 
75 76 0.25 
75 77 0.0625 
76 77 0.015625 
76 86 0.015625 
76 92 0.015625 
77 78 0.0625 
84 83 0.0625 
83 87 0.015625 
92 105 0.0625 
92 106 0.015625 
100 101 0.0625 
100 103 0.0625 
100 108 0.015625 
105 106 0.25 
105 110 0.015625 
109 111 0.015625 
109 110 0.25 
109 107 0.0625 
110 111 0.015625 
110 107 0.015625 
111 107 0.25 
