110
1 0 0.015625 
2 3 0.25 
4 3 0.25 
0 3 0.0625 
4 0 0.0625 
1 3 0.015625 
5 1 0.0625 
5 3 0.25 
1 6 0.25 
6 7 0.25 
1 7 0.25 
9 8 0.0625 
8 10 0.015625 
9 10 0.015625 
11 0 0.015625 
11 4 0.015625 
11 12 0.015625 
13 0 0.25 
13 4 0.0625 
13 11 0.0625 
8 1 0.25 
8 6 0.015625 
1 10 0.25 
11 10 0.015625 
9 11 0.0625 
0 10 0.25 
9 0 0.015625 
9 14 0.0625 
14 0 0.015625 
14 10 0.015625 
9 4 0.015625 
4 15 0.0625 
11 15 0.015625 
0 15 0.25 
9 15 0.25 
11 14 0.015625 
0 16 0.25 
17 16 0.015625 
14 16 0.25 
17 0 0.0625 
17 14 0.015625 
11 18 0.0625 
17 18 0.015625 
0 18 0.0625 
14 18 0.25 
17 11 0.015625 
17 19 0.25 
19 0 0.25 
19 14 0.0625 
17 20 0.25 
11 20 0.015625 
0 20 0.015625 
14 20 0.0625 
17 21 0.015625 
21 14 0.25 
4 10 0.0625 
22 8 0.25 
17 23 0.25 
17 24 0.015625 
23 24 0.0625 
11 23 0.015625 
23 0 0.25 
11 24 0.25 
0 24 0.015625 
17 4 0.015625 
4 20 0.015625 
21 16 0.015625 
23 16 0.25 
21 0 0.25 
21 23 0.015625 
23 14 0.25 
25 26 0.25 
26 20 0.0625 
18 20 0.25 
17 26 0.015625 
26 11 0.0625 
26 14 0.015625 
26 18 0.0625 
26 0 0.015625 
25 11 0.0625 
25 14 0.0625 
27 0 0.0625 
17 27 0.015625 
27 24 0.015625 
23 20 0.25 
17 9 0.25 
17 15 0.25 
8 28 0.015625 
8 11 0.25 
8 0 0.015625 
11 28 0.0625 
0 28 0.25 
29 0 0.0625 
30 0 0.0625 
0 31 0.0625 
0 32 0.0625 
30 29 0.25 
29 31 0.015625 
17 29 0.0625 
29 32 0.0625 
30 31 0.0625 
17 30 0.0625 
30 32 0.25 
17 31 0.25 
32 31 0.015625 
17 32 0.015625 
33 8 0.0625 
33 28 0.015625 
4 31 0.0625 
29 4 0.015625 
30 4 0.0625 
13 14 0.25 
22 1 0.25 
17 13 0.25 
13 9 0.015625 
4 14 0.0625 
8 34 0.015625 
34 1 0.25 
22 34 0.25 
22 6 0.25 
35 15 0.015625 
17 35 0.015625 
34 11 0.015625 
1 14 0.0625 
5 7 0.015625 
36 35 0.015625 
36 15 0.015625 
17 36 0.015625 
8 14 0.25 
8 38 0.0625 
8 39 0.25 
39 38 0.015625 
8 29 0.0625 
8 31 0.0625 
8 30 0.0625 
33 29 0.25 
33 31 0.015625 
33 30 0.0625 
37 11 0.0625 
37 4 0.25 
17 37 0.25 
4 2 0.015625 
17 10 0.25 
14 40 0.25 
17 40 0.25 
41 40 0.0625 
42 40 0.015625 
41 14 0.25 
14 42 0.0625 
17 41 0.015625 
17 42 0.25 
41 42 0.25 
4 43 0.25 
44 43 0.015625 
44 4 0.25 
45 43 0.015625 
45 46 0.25 
45 4 0.25 
46 43 0.015625 
46 4 0.25 
21 47 0.015625 
48 21 0.015625 
21 49 0.25 
17 47 0.015625 
17 48 0.015625 
17 49 0.25 
48 47 0.015625 
47 14 0.25 
49 47 0.0625 
48 14 0.015625 
48 49 0.015625 
49 14 0.015625 
33 4 0.0625 
8 4 0.0625 
4 38 0.25 
33 38 0.015625 
33 11 0.015625 
38 31 0.25 
11 31 0.25 
29 38 0.015625 
11 29 0.015625 
11 38 0.0625 
29 14 0.25 
11 39 0.25 
50 14 0.0625 
50 46 0.015625 
52 51 0.0625 
1 51 0.0625 
1 52 0.25 
4 51 0.015625 
4 52 0.0625 
1 4 0.015625 
50 4 0.0625 
17 51 0.25 
17 52 0.015625 
17 1 0.25 
17 50 0.0625 
14 51 0.25 
50 51 0.25 
14 52 0.25 
50 52 0.0625 
50 1 0.25 
50 29 0.0625 
30 53 0.0625 
50 31 0.015625 
14 31 0.015625 
50 8 0.0625 
4 54 0.0625 
17 54 0.0625 
17 8 0.0625 
55 4 0.25 
17 55 0.0625 
17 33 0.0625 
21 4 0.015625 
21 8 0.015625 
33 21 0.0625 
33 14 0.25 
33 56 0.015625 
33 57 0.015625 
33 58 0.25 
56 14 0.0625 
56 57 0.25 
56 58 0.0625 
57 14 0.015625 
58 14 0.015625 
58 57 0.25 
37 14 0.015625 
21 37 0.25 
59 31 0.015625 
60 4 0.015625 
4 61 0.015625 
55 1 0.0625 
17 60 0.0625 
60 29 0.25 
60 31 0.25 
33 62 0.015625 
33 0 0.25 
21 31 0.25 
63 8 0.015625 
21 62 0.015625 
65 64 0.015625 
66 65 0.25 
66 64 0.25 
63 67 0.0625 
48 64 0.25 
64 47 0.015625 
21 64 0.25 
21 67 0.015625 
67 64 0.25 
48 67 0.0625 
64 4 0.015625 
67 4 0.015625 
68 69 0.25 
63 68 0.015625 
63 69 0.25 
70 4 0.0625 
70 64 0.015625 
27 70 0.0625 
70 26 0.25 
21 70 0.25 
67 68 0.015625 
67 69 0.25 
70 67 0.0625 
63 4 0.25 
71 72 0.015625 
71 73 0.0625 
71 64 0.0625 
72 73 0.25 
72 64 0.015625 
64 73 0.0625 
66 67 0.0625 
67 74 0.0625 
64 74 0.25 
66 74 0.25 
66 21 0.25 
21 74 0.015625 
74 73 0.015625 
72 74 0.015625 
66 73 0.0625 
74 75 0.0625 
66 72 0.0625 
64 75 0.25 
70 77 0.015625 
67 77 0.015625 
21 78 0.0625 
70 79 0.0625 
21 77 0.25 
81 80 0.015625 
63 80 0.25 
63 81 0.25 
78 67 0.015625 
82 64 0.015625 
83 73 0.25 
64 79 0.0625 
63 84 0.015625 
84 80 0.015625 
64 31 0.015625 
45 80 0.0625 
45 63 0.25 
70 85 0.0625 
85 67 0.0625 
21 85 0.015625 
63 85 0.015625 
63 70 0.0625 
45 85 0.015625 
45 21 0.015625 
21 63 0.25 
45 70 0.015625 
45 67 0.0625 
63 64 0.25 
85 64 0.015625 
63 86 0.015625 
87 21 0.0625 
21 26 0.25 
26 64 0.0625 
88 26 0.25 
88 21 0.0625 
88 70 0.0625 
88 67 0.0625 
87 64 0.0625 
87 26 0.015625 
70 57 0.25 
89 70 0.25 
85 57 0.015625 
89 85 0.25 
89 57 0.0625 
21 57 0.0625 
67 57 0.015625 
64 57 0.25 
89 21 0.0625 
89 67 0.015625 
89 64 0.015625 
8 64 0.015625 
85 73 0.25 
89 73 0.25 
17 63 0.25 
17 64 0.015625 
90 91 0.25 
92 90 0.25 
92 91 0.25 
93 92 0.015625 
93 90 0.015625 
93 91 0.25 
93 94 0.0625 
97 92 0.015625 
96 95 0.015625 
94 91 0.015625 
97 98 0.25 
92 98 0.015625 
93 97 0.015625 
94 96 0.015625 
70 96 0.0625 
94 70 0.015625 
99 70 0.25 
99 96 0.0625 
99 94 0.25 
97 100 0.25 
92 100 0.25 
70 101 0.25 
94 101 0.0625 
101 96 0.25 
102 96 0.25 
70 91 0.25 
67 91 0.015625 
94 67 0.015625 
92 96 0.0625 
91 103 0.25 
89 91 0.015625 
21 91 0.25 
104 91 0.015625 
70 103 0.25 
89 103 0.0625 
94 103 0.015625 
67 103 0.015625 
21 103 0.25 
104 103 0.015625 
104 70 0.25 
89 94 0.015625 
89 104 0.015625 
21 94 0.0625 
104 94 0.25 
104 67 0.015625 
104 21 0.0625 
93 70 0.0625 
106 97 0.25 
107 91 0.25 
108 103 0.0625 
70 92 0.25 
94 92 0.015625 
108 109 0.25 
109 105 0.0625 
109 91 0.0625 
107 109 0.0625 
108 105 0.015625 
108 91 0.015625 
107 108 0.015625 
91 105 0.015625 
107 105 0.015625 
