112
1 0 0.1 
1 2 0.1 
1 7 0.1 
1 24 0.1 
1 67 0.1 
1 73 0.1 
1 29 0.1 
1 70 0.1 
1 66 0.1 
1 80 0.1 
1 88 0.1 
1 48 0.1 
1 97 0.1 
1 99 0.1 
1 102 0.1 
1 104 0.1 
1 94 0.1 
1 95 0.1 
1 96 0.1 
0 2 0.1 
0 7 0.1 
0 17 0.1 
0 3 0.1 
0 20 0.1 
0 19 0.1 
0 24 0.1 
0 26 0.1 
0 29 0.1 
0 11 0.1 
0 40 0.1 
0 51 0.1 
0 50 0.1 
0 36 0.1 
0 34 0.1 
0 67 0.1 
0 70 0.1 
0 65 0.1 
0 69 0.1 
0 66 0.1 
0 73 0.1 
0 88 0.1 
2 94 0.1 
2 93 0.1 
2 99 0.1 
2 98 0.1 
2 97 0.1 
2 73 0.1 
2 102 0.1 
2 104 0.1 
2 70 0.1 
2 24 0.1 
7 6 0.1 
7 3 0.1 
7 14 0.1 
7 16 0.1 
7 12 0.1 
7 18 0.1 
7 13 0.1 
7 20 0.1 
7 23 0.1 
7 34 0.1 
7 32 0.1 
7 33 0.1 
7 17 0.1 
7 40 0.1 
7 5 0.1 
7 46 0.1 
7 47 0.1 
7 48 0.1 
7 49 0.1 
7 36 0.1 
7 11 0.1 
7 41 0.1 
7 54 0.1 
7 55 0.1 
7 4 0.1 
7 53 0.1 
7 57 0.1 
7 58 0.1 
7 24 0.1 
7 63 0.1 
7 64 0.1 
7 67 0.1 
7 70 0.1 
7 73 0.1 
7 66 0.1 
17 12 0.1 
17 3 0.1 
17 13 0.1 
17 14 0.1 
17 19 0.1 
17 20 0.1 
17 21 0.1 
17 22 0.1 
17 23 0.1 
17 24 0.1 
17 26 0.1 
17 29 0.1 
17 28 0.1 
17 16 0.1 
17 4 0.1 
17 11 0.1 
17 43 0.1 
17 44 0.1 
17 45 0.1 
17 50 0.1 
17 51 0.1 
17 52 0.1 
17 32 0.1 
17 53 0.1 
17 54 0.1 
17 55 0.1 
17 34 0.1 
17 36 0.1 
17 59 0.1 
17 60 0.1 
17 61 0.1 
17 40 0.1 
3 4 0.1 
3 6 0.1 
3 14 0.1 
3 16 0.1 
3 13 0.1 
3 12 0.1 
3 18 0.1 
3 19 0.1 
3 20 0.1 
3 21 0.1 
3 22 0.1 
3 23 0.1 
3 26 0.1 
3 27 0.1 
3 24 0.1 
3 29 0.1 
3 30 0.1 
3 11 0.1 
3 31 0.1 
3 32 0.1 
3 33 0.1 
3 34 0.1 
3 35 0.1 
3 36 0.1 
20 19 0.1 
20 21 0.1 
20 14 0.1 
20 22 0.1 
20 23 0.1 
20 24 0.1 
20 26 0.1 
20 27 0.1 
20 29 0.1 
20 30 0.1 
20 12 0.1 
20 18 0.1 
20 32 0.1 
20 33 0.1 
20 34 0.1 
20 35 0.1 
20 16 0.1 
20 38 0.1 
20 39 0.1 
20 40 0.1 
20 13 0.1 
20 43 0.1 
20 44 0.1 
20 45 0.1 
20 50 0.1 
20 51 0.1 
20 52 0.1 
20 54 0.1 
20 55 0.1 
20 4 0.1 
20 53 0.1 
20 57 0.1 
20 11 0.1 
20 58 0.1 
20 36 0.1 
20 63 0.1 
20 66 0.1 
20 67 0.1 
19 24 0.1 
19 26 0.1 
24 26 0.1 
24 50 0.1 
24 51 0.1 
24 52 0.1 
24 11 0.1 
24 36 0.1 
24 40 0.1 
24 34 0.1 
24 65 0.1 
24 67 0.1 
24 70 0.1 
24 73 0.1 
24 69 0.1 
24 77 0.1 
24 81 0.1 
24 80 0.1 
24 88 0.1 
24 48 0.1 
24 66 0.1 
24 90 0.1 
24 29 0.1 
24 91 0.1 
24 60 0.1 
24 92 0.1 
24 94 0.1 
24 105 0.1 
24 97 0.1 
24 106 0.1 
26 27 0.1 
26 14 0.1 
26 23 0.1 
29 28 0.1 
29 23 0.1 
29 14 0.1 
29 21 0.1 
29 73 0.1 
29 67 0.1 
29 91 0.1 
29 90 0.1 
11 12 0.1 
11 13 0.1 
11 4 0.1 
11 9 0.1 
11 25 0.1 
11 31 0.1 
11 14 0.1 
11 36 0.1 
11 37 0.1 
11 41 0.1 
11 42 0.1 
11 32 0.1 
11 34 0.1 
11 33 0.1 
11 53 0.1 
11 66 0.1 
11 67 0.1 
40 14 0.1 
51 50 0.1 
51 52 0.1 
51 67 0.1 
51 70 0.1 
50 52 0.1 
50 67 0.1 
36 31 0.1 
36 32 0.1 
36 34 0.1 
36 33 0.1 
36 41 0.1 
36 14 0.1 
36 59 0.1 
36 60 0.1 
36 61 0.1 
36 65 0.1 
34 32 0.1 
34 33 0.1 
34 35 0.1 
34 41 0.1 
34 14 0.1 
34 53 0.1 
34 62 0.1 
34 63 0.1 
34 67 0.1 
67 68 0.1 
67 69 0.1 
67 70 0.1 
67 73 0.1 
67 74 0.1 
67 75 0.1 
67 76 0.1 
67 77 0.1 
67 78 0.1 
67 85 0.1 
67 82 0.1 
67 66 0.1 
67 88 0.1 
67 90 0.1 
67 60 0.1 
67 92 0.1 
67 99 0.1 
70 66 0.1 
70 71 0.1 
70 72 0.1 
70 73 0.1 
70 69 0.1 
70 77 0.1 
70 80 0.1 
70 81 0.1 
70 88 0.1 
70 48 0.1 
70 91 0.1 
70 60 0.1 
70 92 0.1 
70 94 0.1 
70 97 0.1 
70 105 0.1 
70 106 0.1 
70 99 0.1 
69 68 0.1 
69 77 0.1 
69 76 0.1 
69 75 0.1 
66 71 0.1 
66 72 0.1 
66 83 0.1 
66 84 0.1 
66 87 0.1 
66 48 0.1 
66 88 0.1 
66 73 0.1 
66 89 0.1 
73 30 0.1 
73 80 0.1 
73 82 0.1 
73 88 0.1 
73 48 0.1 
73 91 0.1 
73 60 0.1 
73 92 0.1 
73 99 0.1 
73 97 0.1 
73 102 0.1 
73 104 0.1 
73 94 0.1 
73 105 0.1 
73 106 0.1 
73 96 0.1 
73 95 0.1 
88 48 0.1 
88 60 0.1 
88 92 0.1 
88 76 0.1 
48 46 0.1 
48 49 0.1 
48 83 0.1 
97 96 0.1 
97 94 0.1 
97 99 0.1 
97 102 0.1 
97 104 0.1 
97 105 0.1 
97 92 0.1 
97 106 0.1 
97 95 0.1 
99 98 0.1 
99 102 0.1 
99 104 0.1 
99 95 0.1 
94 93 0.1 
94 95 0.1 
94 96 0.1 
94 105 0.1 
94 92 0.1 
94 106 0.1 
94 109 0.1 
94 111 0.1 
94 110 0.1 
94 107 0.1 
95 93 0.1 
95 96 0.1 
95 100 0.1 
95 101 0.1 
95 103 0.1 
96 93 0.1 
96 100 0.1 
4 6 0.1 
4 8 0.1 
4 9 0.1 
4 10 0.1 
4 13 0.1 
4 25 0.1 
4 37 0.1 
4 54 0.1 
4 55 0.1 
4 53 0.1 
4 58 0.1 
5 6 0.1 
6 8 0.1 
8 10 0.1 
9 10 0.1 
9 25 0.1 
12 13 0.1 
12 14 0.1 
12 18 0.1 
12 16 0.1 
13 14 0.1 
14 15 0.1 
14 16 0.1 
14 18 0.1 
14 21 0.1 
14 23 0.1 
14 27 0.1 
14 28 0.1 
14 31 0.1 
14 37 0.1 
14 32 0.1 
14 41 0.1 
14 42 0.1 
18 38 0.1 
18 39 0.1 
21 23 0.1 
25 37 0.1 
27 30 0.1 
32 33 0.1 
32 35 0.1 
32 41 0.1 
32 53 0.1 
32 63 0.1 
33 35 0.1 
33 56 0.1 
38 39 0.1 
41 42 0.1 
43 44 0.1 
43 45 0.1 
44 45 0.1 
46 47 0.1 
46 49 0.1 
49 53 0.1 
53 54 0.1 
53 55 0.1 
55 54 0.1 
59 60 0.1 
59 61 0.1 
60 61 0.1 
60 92 0.1 
71 72 0.1 
74 75 0.1 
74 76 0.1 
75 76 0.1 
75 77 0.1 
76 77 0.1 
76 86 0.1 
76 92 0.1 
77 78 0.1 
84 83 0.1 
83 87 0.1 
92 105 0.1 
92 106 0.1 
100 101 0.1 
100 103 0.1 
100 108 0.1 
105 106 0.1 
105 110 0.1 
109 111 0.1 
109 110 0.1 
109 107 0.1 
110 111 0.1 
110 107 0.1 
111 107 0.1 
