0 1 0.22003086246066306
0 2 0.1371130989643603
0 3 0.8773163609352035
0 4 0.6649900240896799
0 5 0.4755732631236733
0 6 0.21493189038716876
0 7 0.13960316566073416
0 8 0.016510360567983384
0 10 0.5726435360155369
0 11 0.8033344080007733
0 12 0.029245756852171234
0 13 0.8228027273369305
0 17 0.9029594433155615
0 19 0.29956973311447366
0 21 0.07058298064801671
0 31 0.09789992563421757
1 2 0.4041112947742682
1 3 0.47797565065979897
1 7 0.9468676515015955
1 13 0.26808417099797455
1 17 0.23982389950939742
1 19 0.14813024355284798
1 21 0.17447812984131728
1 30 0.06016862210366125
2 3 0.46277671193207204
2 7 0.6275886942560533
2 27 0.13270532346391062
2 28 0.9846950811470707
2 32 0.8636056486119036
2 9 0.18013603572981274
2 8 0.26971879772622387
2 13 0.40619095802480143
3 7 0.9188708647717496
3 12 0.5528863204166997
3 13 0.922338493574623
4 6 0.3032631702368287
4 10 0.12872064934290672
5 6 0.5627100319755444
5 10 0.06278833371298476
5 16 0.4708205022671661
6 16 0.9346091683887784
8 30 0.8720398405789557
8 32 0.07182659784604051
8 33 0.14205009764860776
9 33 0.6599859528188304
13 33 0.6722056659012391
14 32 0.15976284179704314
14 33 0.8912894981896637
15 32 0.22569299557083944
15 33 0.10807250572496008
18 32 0.5961394048150763
18 33 0.9162964209374229
19 33 0.9146652427296581
20 32 0.5438314512139457
20 33 0.671653966012286
22 32 0.011582821798810317
22 33 0.372179963671893
23 25 0.9337107269811983
23 27 0.4006537519882425
23 32 0.6280754494751433
23 33 0.8329022865893178
23 29 0.10392497308047322
24 25 0.10106678534422464
24 27 0.8558139369419951
24 31 0.4707174074378391
25 31 0.29540946745404484
26 29 0.00411323580723133
26 33 0.6577030649590867
27 33 0.374534147545343
28 31 0.8969672122671191
28 33 0.19336030032753737
29 32 0.2844455702101967
29 33 0.7575240918990891
30 32 0.3279024328269662
30 33 0.9187013950086477
31 32 0.15408590322939486
31 33 0.5696883875952772
32 33 0.37454514551501683